160 7633
1 159
1 65
1 70
1 154
1 4
1 73
1 26
1 69
1 133
1 140
1 132
1 25
1 111
1 46
1 58
1 59
1 28
1 74
1 85
1 2
1 160
1 24
1 63
1 83
1 67
1 31
1 9
1 3
1 40
1 97
1 142
1 38
1 120
1 27
1 18
1 144
1 45
1 90
1 34
1 56
1 146
1 95
1 102
1 128
1 110
1 117
1 134
1 79
1 105
1 42
1 14
1 62
1 77
2 149
2 45
2 55
2 84
2 95
2 137
2 25
2 6
2 116
2 43
2 98
2 108
2 126
2 103
2 4
2 68
2 160
2 86
2 121
2 130
2 127
2 152
2 42
2 36
2 35
2 122
2 21
2 26
2 155
2 85
2 143
2 62
2 39
2 115
2 56
2 16
2 144
2 66
2 96
2 76
2 77
2 63
2 158
2 104
2 132
2 157
2 70
2 60
2 5
2 151
2 40
2 119
3 12
3 97
3 122
3 96
3 8
3 135
3 52
3 2
3 144
3 36
3 118
3 160
3 70
3 67
3 136
3 133
3 85
3 109
3 143
3 22
3 58
3 74
3 83
3 60
3 95
3 65
3 130
3 54
3 30
3 21
3 134
3 141
3 75
3 32
3 156
3 120
3 41
3 145
3 100
3 131
3 51
3 146
3 49
3 84
3 119
3 91
3 9
3 11
4 105
4 12
4 104
4 96
4 113
4 20
4 94
4 133
4 7
4 26
4 131
4 48
4 76
4 54
4 28
4 41
4 122
4 67
4 129
4 47
4 126
4 143
4 25
4 99
4 125
4 34
4 39
4 136
4 18
4 152
4 38
4 156
4 159
4 14
4 128
4 84
4 138
4 65
4 43
4 137
4 56
5 51
5 98
5 68
5 66
5 58
5 96
5 42
5 57
5 154
5 83
5 152
5 3
5 38
5 112
5 1
5 32
5 8
5 101
5 26
5 110
5 21
5 63
5 124
5 109
5 71
5 111
5 114
5 138
5 48
5 30
5 159
5 155
5 129
5 100
5 31
5 95
5 123
5 54
5 34
5 147
5 73
5 145
5 128
5 78
6 57
6 130
6 83
6 121
6 71
6 104
6 107
6 67
6 65
6 144
6 3
6 1
6 118
6 141
6 110
6 21
6 102
6 46
6 33
6 117
6 30
6 39
6 53
6 139
6 145
6 66
6 146
6 81
6 93
6 32
6 148
6 149
6 5
6 94
6 90
6 152
6 98
6 147
6 24
6 38
6 60
6 36
6 47
6 51
6 7
6 101
6 69
6 158
6 116
6 20
7 39
7 73
7 118
7 22
7 122
7 78
7 87
7 25
7 31
7 60
7 110
7 62
7 115
7 147
7 89
7 136
7 11
7 97
7 76
7 26
7 111
7 127
7 65
7 77
7 160
7 149
7 49
7 126
7 121
7 159
7 88
7 96
7 86
7 138
7 74
7 30
7 12
7 108
7 64
7 45
7 55
7 80
7 24
7 81
7 38
7 19
8 46
8 76
8 53
8 19
8 139
8 1
8 127
8 118
8 31
8 49
8 104
8 101
8 147
8 29
8 132
8 94
8 124
8 131
8 115
8 38
8 67
8 151
8 141
8 140
8 45
8 142
8 55
8 102
8 51
8 152
8 71
8 99
8 58
8 133
8 96
8 63
8 88
8 35
8 36
8 24
8 155
8 39
8 52
8 79
9 29
9 154
9 79
9 84
9 115
9 2
9 92
9 82
9 74
9 72
9 14
9 50
9 15
9 65
9 49
9 108
9 142
9 81
9 19
9 56
9 7
9 42
9 35
9 156
9 91
9 99
9 44
9 140
9 86
9 80
9 100
9 20
9 62
9 144
9 66
9 139
9 97
9 136
9 77
9 110
9 131
9 5
9 133
9 155
9 104
9 128
9 102
10 101
10 95
10 96
10 86
10 28
10 16
10 145
10 48
10 81
10 3
10 140
10 94
10 119
10 66
10 68
10 6
10 51
10 72
10 24
10 27
10 134
10 152
10 131
10 34
10 64
10 153
10 124
10 19
10 114
10 107
10 15
10 20
10 57
10 43
10 158
10 135
10 115
10 47
10 38
10 136
10 157
10 149
10 50
11 135
11 123
11 113
11 105
11 39
11 2
11 62
11 71
11 107
11 101
11 20
11 127
11 4
11 56
11 104
11 92
11 49
11 23
11 38
11 126
11 143
11 133
11 149
11 45
11 55
11 139
11 83
11 18
11 27
11 64
11 100
11 95
11 116
11 86
11 103
11 84
11 61
11 132
11 60
11 35
11 51
11 87
11 44
11 142
11 41
11 94
12 97
12 65
12 99
12 141
12 154
12 46
12 37
12 111
12 73
12 32
12 143
12 82
12 38
12 104
12 116
12 120
12 125
12 29
12 8
12 151
12 109
12 45
12 57
12 138
12 152
12 76
12 11
12 67
12 61
12 136
12 127
12 87
12 150
12 128
12 49
12 79
12 137
12 40
12 107
12 2
12 133
12 117
12 112
12 69
12 96
12 122
12 134
12 13
13 49
13 146
13 27
13 21
13 103
13 3
13 140
13 136
13 34
13 127
13 80
13 37
13 41
13 97
13 120
13 25
13 132
13 84
13 6
13 114
13 16
13 47
13 42
13 125
13 99
13 22
13 117
13 139
13 10
13 72
13 11
13 71
13 109
13 102
13 31
13 82
13 159
13 50
13 108
13 150
13 115
13 93
13 29
13 106
14 112
14 54
14 34
14 142
14 156
14 37
14 76
14 120
14 15
14 42
14 148
14 64
14 122
14 77
14 123
14 103
14 109
14 17
14 152
14 99
14 133
14 147
14 118
14 48
14 6
14 2
14 97
14 119
14 108
14 12
14 83
14 159
14 100
14 56
14 106
14 44
14 125
14 129
14 132
14 110
14 50
14 32
14 61
14 47
14 150
14 33
14 117
15 42
15 121
15 74
15 63
15 81
15 111
15 6
15 102
15 117
15 34
15 11
15 69
15 84
15 126
15 148
15 135
15 40
15 24
15 99
15 83
15 122
15 101
15 48
15 123
15 56
15 94
15 65
15 100
15 152
15 131
15 120
15 1
15 64
15 75
15 106
15 71
15 104
15 27
15 124
15 54
15 25
15 138
15 66
15 3
15 92
15 21
15 93
15 8
15 67
15 77
15 105
15 12
15 7
15 82
15 4
15 116
16 111
16 112
16 137
16 48
16 47
16 71
16 96
16 151
16 40
16 56
16 65
16 123
16 110
16 15
16 134
16 139
16 160
16 157
16 41
16 58
16 89
16 4
16 76
16 20
16 88
16 95
16 107
16 53
16 24
16 83
16 153
16 34
16 73
16 103
16 92
16 158
16 118
16 90
16 78
16 144
16 109
16 115
16 29
16 7
17 100
17 112
17 109
17 6
17 134
17 1
17 120
17 89
17 85
17 55
17 111
17 151
17 148
17 7
17 43
17 88
17 98
17 125
17 95
17 140
17 93
17 66
17 90
17 39
17 126
17 96
17 143
17 64
17 138
17 68
17 94
17 10
17 142
17 9
17 35
17 11
17 132
17 50
17 110
17 8
17 152
17 116
17 4
17 123
17 101
17 84
17 16
18 146
18 103
18 125
18 55
18 6
18 134
18 139
18 116
18 88
18 36
18 141
18 119
18 122
18 147
18 78
18 137
18 67
18 160
18 23
18 148
18 82
18 58
18 121
18 74
18 15
18 9
18 102
18 135
18 85
18 5
18 26
18 64
18 38
18 72
18 13
18 113
18 98
18 150
18 41
18 52
18 112
18 60
18 70
18 73
18 120
18 96
18 19
19 14
19 48
19 105
19 119
19 109
19 88
19 43
19 71
19 160
19 121
19 156
19 120
19 28
19 150
19 47
19 95
19 112
19 133
19 37
19 41
19 116
19 134
19 93
19 89
19 2
19 79
19 118
19 55
19 84
19 58
19 158
19 13
19 44
19 17
19 108
19 100
19 104
19 64
19 113
19 140
19 98
19 87
19 125
19 16
19 107
19 6
20 134
20 77
20 28
20 133
20 123
20 66
20 148
20 153
20 30
20 8
20 87
20 90
20 51
20 36
20 26
20 88
20 34
20 116
20 40
20 93
20 35
20 78
20 82
20 111
20 74
20 84
20 155
20 110
20 114
20 12
20 23
20 154
20 48
20 53
20 29
20 67
20 147
20 89
20 160
20 103
20 140
20 130
20 63
20 126
20 144
20 5
20 95
20 91
20 100
20 156
20 19
21 143
21 101
21 144
21 70
21 149
21 45
21 29
21 151
21 48
21 88
21 99
21 148
21 17
21 65
21 39
21 81
21 31
21 7
21 154
21 107
21 11
21 121
21 94
21 138
21 1
21 133
21 113
21 84
21 153
21 124
21 150
21 109
21 56
21 76
21 37
21 110
21 22
21 74
21 47
21 54
21 10
21 87
21 105
21 32
21 158
21 8
21 46
21 135
21 53
21 61
21 79
21 117
22 104
22 15
22 123
22 61
22 5
22 45
22 84
22 27
22 41
22 158
22 130
22 23
22 92
22 137
22 114
22 58
22 66
22 77
22 150
22 63
22 34
22 31
22 43
22 70
22 90
22 16
22 120
22 81
22 9
22 154
22 11
22 73
22 115
22 160
22 128
22 134
22 30
22 69
22 109
22 24
22 98
22 19
22 97
22 47
22 8
22 20
22 108
22 138
22 10
22 127
22 71
23 119
23 33
23 89
23 157
23 79
23 19
23 40
23 115
23 98
23 153
23 159
23 28
23 135
23 5
23 65
23 110
23 92
23 71
23 133
23 104
23 105
23 55
23 85
23 63
23 131
23 44
23 59
23 35
23 8
23 29
23 42
23 91
23 1
23 62
23 56
23 107
23 64
23 112
23 114
23 4
23 68
23 24
23 51
23 93
23 124
23 96
24 106
24 62
24 104
24 13
24 132
24 101
24 151
24 130
24 155
24 93
24 146
24 136
24 58
24 59
24 152
24 55
24 36
24 125
24 33
24 37
24 88
24 121
24 82
24 108
24 138
24 64
24 45
24 128
24 133
24 76
24 61
24 143
24 94
24 79
24 38
24 12
24 77
24 81
24 32
24 41
24 44
24 113
24 127
24 114
24 142
24 9
25 69
25 143
25 104
25 11
25 117
25 17
25 45
25 60
25 105
25 19
25 121
25 118
25 42
25 101
25 86
25 122
25 21
25 67
25 139
25 155
25 20
25 40
25 134
25 107
25 150
25 22
25 109
25 57
25 62
25 29
25 18
25 80
25 46
25 116
25 36
25 6
25 125
25 131
25 35
25 115
25 160
25 136
25 68
26 122
26 128
26 58
26 104
26 107
26 22
26 114
26 138
26 101
26 28
26 158
26 69
26 110
26 70
26 65
26 27
26 92
26 145
26 148
26 16
26 131
26 17
26 12
26 6
26 94
26 31
26 38
26 144
26 15
26 73
26 33
26 134
26 108
26 9
26 62
26 29
26 42
26 97
26 80
26 52
26 129
26 10
26 40
26 3
26 95
26 50
27 144
27 21
27 45
27 7
27 71
27 23
27 140
27 19
27 139
27 62
27 143
27 94
27 109
27 107
27 136
27 41
27 132
27 122
27 48
27 73
27 70
27 25
27 69
27 24
27 104
27 123
27 90
27 30
27 153
27 40
27 12
27 112
27 141
27 32
27 128
27 142
27 6
27 95
27 134
27 46
27 147
27 60
27 119
27 133
28 87
28 149
28 77
28 160
28 42
28 57
28 159
28 55
28 22
28 147
28 11
28 123
28 50
28 52
28 6
28 40
28 95
28 119
28 63
28 38
28 138
28 15
28 73
28 145
28 122
28 64
28 113
28 121
28 96
28 99
28 107
28 111
28 127
28 14
28 81
28 108
28 92
28 98
28 72
28 7
28 13
28 137
28 155
28 132
28 66
28 39
29 78
29 97
29 35
29 114
29 109
29 55
29 151
29 11
29 125
29 121
29 41
29 56
29 152
29 33
29 160
29 62
29 94
29 153
29 143
29 88
29 2
29 54
29 42
29 59
29 129
29 61
29 36
29 53
29 31
29 44
29 39
29 104
29 19
29 82
29 45
29 146
29 5
29 144
29 68
29 15
29 64
29 46
29 28
29 116
29 17
30 75
30 50
30 154
30 139
30 46
30 15
30 91
30 130
30 33
30 11
30 18
30 45
30 23
30 156
30 142
30 152
30 17
30 2
30 16
30 124
30 26
30 132
30 121
30 126
30 120
30 25
30 122
30 61
30 85
30 74
30 36
30 54
30 37
30 92
30 53
30 29
30 21
30 159
30 51
30 147
30 41
30 81
30 145
30 58
30 1
30 38
31 72
31 2
31 46
31 20
31 64
31 63
31 17
31 96
31 82
31 129
31 50
31 51
31 24
31 6
31 19
31 145
31 3
31 40
31 42
31 99
31 33
31 52
31 15
31 132
31 94
31 49
31 12
31 152
31 25
31 154
31 83
31 18
31 127
31 56
31 68
31 111
31 118
31 135
31 116
31 144
31 90
31 91
31 97
32 63
32 146
32 131
32 67
32 159
32 128
32 71
32 18
32 102
32 138
32 23
32 45
32 144
32 79
32 87
32 47
32 75
32 110
32 126
32 25
32 54
32 137
32 26
32 93
32 140
32 86
32 74
32 94
32 11
32 1
32 9
32 15
32 59
32 158
32 101
32 35
32 31
32 30
32 133
32 56
32 53
32 8
32 80
32 72
32 7
32 41
32 22
32 114
32 57
33 94
33 151
33 150
33 75
33 154
33 86
33 59
33 114
33 42
33 106
33 20
33 40
33 43
33 84
33 27
33 131
33 132
33 41
33 19
33 88
33 13
33 87
33 77
33 159
33 112
33 63
33 92
33 22
33 120
33 2
33 123
33 78
33 157
33 12
33 17
33 47
33 69
33 32
33 108
33 1
33 137
33 25
33 52
33 111
33 16
33 96
33 80
33 21
33 118
33 102
34 33
34 119
34 78
34 57
34 51
34 127
34 32
34 72
34 11
34 18
34 107
34 116
34 108
34 122
34 58
34 56
34 69
34 49
34 75
34 103
34 136
34 112
34 79
34 64
34 89
34 118
34 17
34 94
34 146
34 93
34 81
34 144
34 7
34 19
34 111
34 139
34 41
34 39
34 130
34 67
34 131
34 2
34 133
34 102
34 149
34 106
34 125
34 76
34 43
34 143
35 138
35 121
35 154
35 10
35 64
35 69
35 60
35 28
35 153
35 65
35 74
35 141
35 44
35 46
35 34
35 109
35 91
35 43
35 119
35 37
35 125
35 94
35 158
35 116
35 135
35 14
35 73
35 95
35 48
35 123
35 51
35 3
35 71
35 81
35 49
35 131
35 127
35 151
35 31
35 80
35 104
35 99
35 22
35 132
35 133
35 114
35 16
35 100
35 63
35 38
36 98
36 32
36 94
36 91
36 101
36 33
36 142
36 68
36 72
36 144
36 117
36 155
36 135
36 48
36 114
36 83
36 40
36 28
36 132
36 78
36 14
36 109
36 103
36 77
36 82
36 23
36 86
36 87
36 22
36 147
36 159
36 37
36 44
36 157
36 125
36 19
36 17
36 46
36 149
36 151
36 12
36 4
36 121
37 16
37 120
37 5
37 79
37 1
37 141
37 100
37 72
37 29
37 127
37 89
37 116
37 60
37 98
37 93
37 90
37 34
37 46
37 95
37 113
37 111
37 94
37 4
37 75
37 96
37 6
37 2
37 57
37 148
37 85
37 159
37 83
37 147
37 119
37 59
37 52
37 9
37 117
37 25
37 110
37 106
37 23
37 130
37 67
37 112
37 115
37 26
37 54
37 10
37 33
37 41
37 114
38 41
38 31
38 15
38 59
38 49
38 91
38 159
38 156
38 112
38 69
38 119
38 114
38 79
38 148
38 78
38 129
38 125
38 36
38 21
38 43
38 67
38 17
38 154
38 37
38 144
38 39
38 23
38 32
38 110
38 116
38 98
38 108
38 65
38 84
38 111
38 53
38 109
38 27
38 81
38 33
38 74
38 72
38 77
38 141
38 82
38 150
38 105
38 87
38 147
39 37
39 149
39 99
39 70
39 15
39 26
39 114
39 54
39 103
39 107
39 68
39 105
39 128
39 77
39 87
39 32
39 51
39 53
39 88
39 136
39 65
39 157
39 52
39 106
39 146
39 35
39 73
39 33
39 153
39 115
39 45
39 30
39 1
39 3
39 143
39 95
39 123
39 147
39 25
39 78
39 159
39 131
39 150
39 127
39 75
39 36
39 151
39 91
39 142
39 83
39 62
39 14
40 158
40 46
40 42
40 121
40 149
40 136
40 10
40 48
40 108
40 58
40 37
40 75
40 19
40 4
40 44
40 9
40 124
40 148
40 18
40 69
40 6
40 100
40 17
40 157
40 146
40 45
40 68
40 107
40 77
40 22
40 63
40 76
40 35
40 57
40 14
40 72
40 122
40 114
40 24
40 99
40 49
40 78
40 53
40 98
40 59
40 123
40 113
40 132
41 56
41 94
41 53
41 76
41 119
41 85
41 156
41 146
41 79
41 61
41 40
41 67
41 98
41 25
41 63
41 77
41 23
41 135
41 88
41 93
41 117
41 55
41 35
41 15
41 154
41 17
41 103
41 82
41 131
41 147
41 39
41 112
41 78
41 157
41 149
41 118
41 152
41 125
41 64
41 1
41 108
41 128
41 50
41 70
42 93
42 16
42 153
42 51
42 35
42 69
42 121
42 62
42 73
42 124
42 3
42 66
42 120
42 142
42 115
42 143
42 37
42 110
42 68
42 130
42 11
42 157
42 47
42 60
42 22
42 20
42 24
42 145
42 154
42 111
42 108
42 95
42 8
42 18
42 85
42 44
42 123
42 156
42 74
42 80
42 30
42 101
42 148
42 45
43 60
43 94
43 18
43 123
43 56
43 90
43 120
43 101
43 151
43 53
43 131
43 71
43 79
43 50
43 32
43 70
43 30
43 59
43 26
43 51
43 116
43 143
43 6
43 20
43 54
43 7
43 129
43 117
43 121
43 76
43 9
43 75
43 5
43 146
43 24
43 63
43 95
43 46
43 158
43 144
43 12
43 36
43 126
43 73
43 31
43 27
43 102
43 115
43 156
44 150
44 107
44 43
44 98
44 155
44 93
44 92
44 133
44 101
44 21
44 55
44 27
44 135
44 103
44 148
44 126
44 110
44 91
44 46
44 83
44 124
44 141
44 6
44 121
44 72
44 90
44 82
44 71
44 94
44 20
44 77
44 34
44 75
44 106
44 5
44 33
44 4
44 3
44 152
44 8
44 122
44 30
44 87
44 60
44 95
44 1
44 132
44 151
44 25
44 59
45 52
45 67
45 31
45 16
45 145
45 18
45 121
45 104
45 4
45 37
45 26
45 38
45 100
45 159
45 154
45 36
45 69
45 88
45 28
45 151
45 122
45 158
45 140
45 96
45 108
45 64
45 150
45 115
45 87
45 74
45 85
45 73
45 124
45 34
45 6
45 20
45 112
45 144
45 123
45 81
45 77
45 92
45 82
45 63
45 120
45 15
45 153
45 51
45 75
45 58
45 91
46 28
46 19
46 38
46 126
46 81
46 111
46 32
46 15
46 11
46 132
46 26
46 22
46 100
46 136
46 125
46 108
46 76
46 150
46 79
46 146
46 156
46 64
46 139
46 3
46 121
46 135
46 99
46 5
46 74
46 42
46 144
46 130
46 49
46 151
46 113
46 147
46 34
46 69
46 123
46 10
46 13
46 122
46 124
46 39
46 52
46 110
46 116
46 92
46 78
47 85
47 38
47 55
47 69
47 68
47 138
47 50
47 160
47 82
47 154
47 109
47 141
47 157
47 31
47 12
47 43
47 11
47 8
47 135
47 100
47 119
47 123
47 99
47 111
47 70
47 29
47 128
47 95
47 110
47 45
47 56
47 149
47 127
47 36
47 125
47 25
47 115
47 120
47 151
47 77
47 114
47 39
48 73
48 133
48 46
48 42
48 156
48 13
48 141
48 52
48 49
48 143
48 50
48 128
48 144
48 26
48 88
48 3
48 28
48 139
48 75
48 99
48 117
48 145
48 80
48 98
48 70
48 105
48 41
48 59
48 39
48 126
48 132
48 53
48 61
48 138
48 64
48 146
48 82
48 56
48 2
48 110
48 38
48 140
48 160
48 150
48 6
48 124
48 77
49 30
49 136
49 153
49 111
49 75
49 142
49 157
49 152
49 129
49 25
49 81
49 54
49 59
49 47
49 125
49 4
49 138
49 85
49 15
49 53
49 57
49 86
49 137
49 124
49 52
49 131
49 122
49 62
49 24
49 160
49 26
49 17
49 103
49 117
49 147
49 64
49 87
49 28
49 110
49 123
49 37
50 86
50 95
50 63
50 141
50 123
50 53
50 44
50 115
50 52
50 33
50 39
50 23
50 46
50 62
50 109
50 125
50 113
50 7
50 102
50 140
50 101
50 29
50 121
50 160
50 35
50 12
50 122
50 22
50 132
50 32
50 104
50 81
50 146
50 69
50 70
50 71
50 87
50 57
50 105
50 5
50 90
50 36
50 145
50 37
50 142
50 135
50 106
50 11
51 131
51 114
51 151
51 116
51 106
51 69
51 138
51 122
51 56
51 33
51 68
51 104
51 108
51 7
51 99
51 36
51 121
51 85
51 147
51 158
51 38
51 59
51 58
51 57
51 149
51 65
51 143
51 111
51 22
51 94
51 120
51 77
51 95
51 82
51 2
51 64
51 32
51 148
51 12
51 113
51 72
51 37
51 80
51 19
51 13
51 129
51 128
51 48
51 62
51 17
52 130
52 105
52 29
52 51
52 27
52 113
52 127
52 79
52 99
52 123
52 10
52 47
52 145
52 4
52 124
52 76
52 53
52 144
52 128
52 103
52 152
52 12
52 151
52 107
52 140
52 102
52 44
52 15
52 2
52 143
52 90
52 155
52 67
52 160
52 11
52 1
52 64
52 6
52 40
52 66
52 38
52 65
52 86
52 101
52 21
52 153
52 43
52 93
52 112
53 126
53 61
53 70
53 134
53 19
53 97
53 121
53 2
53 91
53 81
53 1
53 80
53 151
53 65
53 127
53 104
53 115
53 122
53 17
53 99
53 58
53 149
53 139
53 129
53 102
53 157
53 159
53 44
53 84
53 119
53 62
53 35
53 148
53 150
53 7
53 24
53 146
53 93
53 98
53 131
53 110
53 160
53 26
53 45
53 9
54 76
54 113
54 85
54 51
54 104
54 124
54 119
54 91
54 67
54 159
54 44
54 13
54 11
54 68
54 149
54 20
54 132
54 64
54 103
54 48
54 17
54 138
54 109
54 153
54 10
54 117
54 8
54 22
54 142
54 89
54 23
54 102
54 52
54 6
54 26
54 66
54 98
54 88
54 87
54 129
54 46
54 79
54 9
54 53
54 125
54 56
54 45
54 151
54 99
54 7
54 84
54 78
55 110
55 16
55 94
55 82
55 43
55 31
55 37
55 27
55 57
55 105
55 158
55 74
55 35
55 54
55 129
55 103
55 14
55 143
55 140
55 59
55 3
55 1
55 61
55 137
55 119
55 156
55 26
55 30
55 104
55 152
55 65
55 42
55 108
55 101
55 159
55 71
55 100
55 58
55 86
55 127
55 9
55 83
55 75
55 142
55 139
56 25
56 77
56 83
56 3
56 127
56 140
56 146
56 70
56 143
56 91
56 10
56 116
56 20
56 75
56 7
56 135
56 148
56 153
56 154
56 134
56 18
56 152
56 132
56 17
56 128
56 52
56 36
56 123
56 67
56 121
56 68
56 46
56 58
56 33
56 85
56 35
56 59
56 38
56 108
56 120
56 144
56 93
56 60
56 27
56 115
56 50
56 101
56 158
56 74
56 100
56 72
57 35
57 126
57 145
57 39
57 159
57 151
57 122
57 142
57 58
57 64
57 109
57 154
57 59
57 42
57 120
57 74
57 147
57 83
57 54
57 115
57 143
57 157
57 144
57 24
57 72
57 19
57 11
57 136
57 30
57 140
57 132
57 9
57 20
57 44
57 137
57 92
57 41
57 108
57 98
57 107
57 14
57 23
57 158
57 15
57 18
57 155
57 94
57 43
58 4
58 116
58 121
58 115
58 128
58 33
58 6
58 152
58 7
58 29
58 37
58 68
58 43
58 77
58 10
58 13
58 143
58 46
58 28
58 93
58 23
58 106
58 67
58 118
58 160
58 92
58 38
58 31
58 138
58 126
58 111
58 25
58 157
58 9
58 123
58 54
58 97
58 14
58 141
58 144
58 94
58 35
58 42
58 101
58 27
58 133
58 129
59 17
59 47
59 54
59 36
59 102
59 146
59 113
59 129
59 101
59 105
59 115
59 134
59 68
59 7
59 34
59 111
59 19
59 58
59 9
59 85
59 81
59 27
59 157
59 131
59 125
59 141
59 89
59 79
59 75
59 20
59 11
59 118
59 78
59 15
59 114
59 108
59 91
59 21
59 109
59 149
59 88
59 144
59 123
59 2
59 133
59 116
59 119
59 140
60 133
60 146
60 125
60 75
60 21
60 13
60 157
60 149
60 51
60 71
60 91
60 49
60 40
60 39
60 147
60 121
60 14
60 136
60 55
60 15
60 122
60 130
60 143
60 1
60 29
60 92
60 97
60 87
60 145
60 115
60 73
60 52
60 109
60 82
60 16
60 131
60 54
60 12
60 156
60 24
60 79
60 83
60 58
60 140
61 31
61 34
61 77
61 70
61 50
61 91
61 93
61 140
61 129
61 82
61 128
61 8
61 38
61 49
61 44
61 84
61 123
61 120
61 17
61 119
61 126
61 96
61 20
61 45
61 2
61 150
61 105
61 73
61 51
61 7
61 3
61 86
61 33
61 46
61 10
61 62
61 63
61 43
61 52
61 57
61 16
61 139
61 36
61 154
61 66
61 117
61 134
61 106
62 148
62 122
62 70
62 68
62 87
62 34
62 86
62 5
62 48
62 92
62 6
62 16
62 123
62 14
62 117
62 107
62 3
62 12
62 153
62 60
62 80
62 13
62 100
62 71
62 66
62 111
62 137
62 79
62 20
62 52
62 54
62 129
62 8
62 144
62 47
62 46
62 106
62 74
62 83
62 45
62 120
62 140
62 75
62 131
62 33
62 44
62 67
62 151
62 63
62 139
62 76
63 127
63 17
63 160
63 70
63 38
63 66
63 107
63 55
63 76
63 108
63 60
63 125
63 117
63 106
63 16
63 154
63 82
63 151
63 75
63 42
63 121
63 130
63 153
63 67
63 25
63 11
63 52
63 144
63 53
63 65
63 37
63 48
63 69
63 18
63 143
63 88
63 10
63 77
63 21
63 39
63 118
63 54
63 95
63 85
63 51
64 141
64 62
64 75
64 147
64 131
64 92
64 79
64 135
64 157
64 133
64 112
64 2
64 58
64 95
64 5
64 98
64 101
64 105
64 26
64 61
64 69
64 56
64 36
64 85
64 90
64 22
64 16
64 82
64 138
64 114
64 71
64 152
64 118
64 137
64 115
64 59
64 3
64 142
64 32
64 104
64 30
64 156
64 154
64 76
64 102
64 108
65 11
65 75
65 71
65 131
65 37
65 87
65 74
65 56
65 78
65 67
65 44
65 88
65 126
65 132
65 92
65 117
65 22
65 143
65 59
65 90
65 41
65 2
65 108
65 133
65 98
65 45
65 86
65 153
65 50
65 152
65 19
65 159
65 40
65 13
65 135
65 154
65 5
65 46
65 100
65 134
65 54
65 129
65 17
65 69
65 107
65 20
65 80
66 79
66 34
66 45
66 50
66 128
66 31
66 140
66 11
66 41
66 43
66 120
66 59
66 36
66 123
66 27
66 130
66 25
66 108
66 82
66 12
66 124
66 111
66 40
66 139
66 58
66 56
66 24
66 88
66 135
66 3
66 156
66 80
66 136
66 30
66 37
66 126
66 91
66 18
66 96
66 103
66 159
66 94
66 122
66 21
66 47
66 65
66 100
66 86
67 10
67 66
67 132
67 147
67 47
67 113
67 82
67 123
67 39
67 48
67 57
67 50
67 5
67 33
67 2
67 64
67 14
67 110
67 127
67 44
67 96
67 17
67 60
67 51
67 69
67 115
67 143
67 146
67 70
67 144
67 142
67 145
67 31
67 16
67 105
67 76
67 150
67 91
67 152
67 46
67 149
67 151
67 139
67 90
67 89
67 100
67 106
67 135
67 71
68 151
68 132
68 6
68 50
68 37
68 20
68 24
68 89
68 66
68 19
68 88
68 124
68 18
68 79
68 8
68 13
68 21
68 49
68 15
68 3
68 104
68 97
68 70
68 30
68 92
68 63
68 48
68 155
68 7
68 43
68 75
68 22
68 41
68 11
68 34
68 73
68 152
68 32
68 150
68 108
68 83
68 114
68 78
68 67
68 27
68 44
68 61
69 124
69 132
69 66
69 154
69 152
69 117
69 134
69 131
69 53
69 104
69 160
69 55
69 140
69 21
69 61
69 103
69 90
69 4
69 37
69 75
69 155
69 24
69 156
69 106
69 130
69 56
69 31
69 11
69 48
69 49
69 8
69 159
69 138
69 115
69 28
69 141
69 14
69 98
69 113
69 83
69 147
69 13
69 88
69 2
69 30
69 142
69 54
69 57
69 157
69 70
69 71
69 136
69 89
69 20
70 142
70 73
70 156
70 160
70 8
70 102
70 80
70 145
70 65
70 72
70 34
70 14
70 16
70 90
70 125
70 66
70 42
70 58
70 105
70 46
70 15
70 98
70 96
70 60
70 82
70 89
70 97
70 122
70 59
70 134
70 137
70 6
70 117
70 57
70 112
70 153
70 17
70 146
70 93
70 99
70 12
70 24
70 116
70 87
70 55
70 88
70 130
71 89
71 158
71 1
71 52
71 102
71 18
71 17
71 153
71 131
71 34
71 125
71 21
71 24
71 133
71 63
71 39
71 7
71 87
71 103
71 86
71 122
71 93
71 147
71 138
71 85
71 46
71 113
71 79
71 148
71 40
71 53
71 14
71 33
71 42
71 142
71 114
71 51
71 109
71 29
71 96
71 12
71 99
71 81
72 116
72 159
72 15
72 73
72 114
72 131
72 81
72 96
72 26
72 160
72 65
72 111
72 7
72 5
72 47
72 150
72 119
72 59
72 148
72 143
72 3
72 130
72 75
72 22
72 134
72 49
72 93
72 52
72 29
72 23
72 19
72 8
72 63
72 16
72 109
72 82
72 6
72 94
72 27
72 14
72 48
72 136
72 64
72 66
72 151
73 32
73 63
73 109
73 134
73 59
73 8
73 119
73 37
73 107
73 110
73 14
73 153
73 44
73 88
73 120
73 74
73 89
73 58
73 21
73 147
73 4
73 15
73 69
73 2
73 82
73 29
73 125
73 77
73 36
73 24
73 49
73 56
73 157
73 132
73 9
73 85
73 160
73 3
73 81
73 159
73 20
73 103
73 52
74 145
74 115
74 157
74 16
74 6
74 44
74 131
74 102
74 97
74 84
74 78
74 159
74 117
74 86
74 109
74 2
74 111
74 28
74 98
74 149
74 101
74 112
74 72
74 43
74 10
74 54
74 150
74 61
74 113
74 137
74 50
74 41
74 4
74 48
74 79
74 39
74 139
74 96
74 93
74 91
74 148
74 77
74 26
74 94
74 126
74 58
74 122
75 54
75 12
75 118
75 80
75 20
75 113
75 136
75 67
75 31
75 86
75 8
75 160
75 128
75 107
75 97
75 82
75 18
75 57
75 119
75 140
75 102
75 70
75 149
75 126
75 36
75 58
75 14
75 38
75 1
75 84
75 41
75 96
75 116
75 21
75 87
75 46
75 29
75 103
75 51
75 35
75 9
75 135
75 129
75 144
75 23
75 7
75 154
75 26
75 111
76 44
76 91
76 90
76 51
76 27
76 66
76 87
76 18
76 128
76 157
76 69
76 68
76 70
76 117
76 72
76 94
76 15
76 37
76 17
76 106
76 107
76 23
76 120
76 125
76 45
76 11
76 22
76 103
76 20
76 112
76 137
76 71
76 56
76 145
76 144
76 6
76 83
76 9
76 55
76 31
76 141
76 3
76 42
76 113
76 39
76 100
77 82
77 53
77 133
77 132
77 115
77 18
77 90
77 30
77 13
77 117
77 125
77 54
77 88
77 71
77 60
77 144
77 65
77 3
77 145
77 92
77 129
77 55
77 52
77 116
77 27
77 26
77 89
77 113
77 29
77 93
77 150
77 114
77 152
77 112
77 120
77 76
77 85
77 43
77 127
77 136
77 107
77 140
77 23
77 121
77 124
77 10
77 66
77 17
77 134
77 157
78 115
78 61
78 104
78 52
78 60
78 51
78 26
78 139
78 70
78 110
78 117
78 94
78 144
78 12
78 30
78 71
78 91
78 25
78 140
78 24
78 19
78 97
78 90
78 114
78 48
78 158
78 121
78 85
78 32
78 109
78 145
78 153
78 123
78 23
78 132
78 4
78 151
78 72
78 45
78 129
78 95
78 108
78 21
78 81
78 101
78 102
78 127
79 123
79 109
79 65
79 102
79 83
79 154
79 76
79 2
79 57
79 13
79 150
79 92
79 136
79 6
79 69
79 72
79 55
79 50
79 117
79 156
79 17
79 10
79 146
79 153
79 70
79 44
79 138
79 96
79 133
79 89
79 45
79 160
79 142
79 157
79 86
79 94
79 39
79 47
79 31
79 48
79 67
79 77
79 116
79 78
79 127
79 28
79 93
79 56
80 77
80 158
80 1
80 97
80 44
80 21
80 123
80 54
80 68
80 146
80 73
80 11
80 131
80 29
80 76
80 19
80 82
80 92
80 38
80 23
80 129
80 126
80 88
80 34
80 15
80 52
80 149
80 58
80 57
80 127
80 122
80 55
80 12
80 134
80 74
80 30
80 101
80 112
80 90
80 28
80 60
80 37
80 84
80 64
81 147
81 122
81 57
81 129
81 12
81 119
81 97
81 43
81 4
81 121
81 36
81 151
81 91
81 93
81 2
81 87
81 137
81 115
81 127
81 69
81 142
81 157
81 14
81 154
81 20
81 1
81 107
81 17
81 80
81 13
81 77
81 44
81 86
81 153
81 99
81 40
81 31
81 62
81 3
81 95
81 56
81 5
81 120
81 70
81 148
81 68
81 54
81 47
81 67
82 74
82 152
82 89
82 54
82 19
82 22
82 122
82 81
82 8
82 145
82 65
82 106
82 148
82 33
82 139
82 39
82 69
82 149
82 96
82 119
82 135
82 133
82 127
82 121
82 56
82 125
82 158
82 35
82 53
82 150
82 134
82 3
82 101
82 93
82 109
82 26
82 155
82 57
82 5
82 1
82 156
82 58
82 78
82 11
82 157
82 117
82 110
82 112
82 87
82 103
82 7
82 105
83 65
83 20
83 73
83 61
83 4
83 43
83 18
83 9
83 51
83 13
83 74
83 122
83 12
83 23
83 35
83 154
83 88
83 70
83 49
83 129
83 25
83 151
83 21
83 28
83 86
83 111
83 53
83 78
83 63
83 87
83 127
83 33
83 71
83 81
83 2
83 112
83 22
83 114
83 84
83 29
83 116
83 110
83 149
83 93
83 67
83 119
83 124
83 47
83 145
84 140
84 151
84 68
84 156
84 138
84 27
84 46
84 130
84 133
84 109
84 55
84 14
84 41
84 44
84 110
84 31
84 144
84 100
84 111
84 5
84 72
84 95
84 99
84 81
84 79
84 57
84 92
84 1
84 152
84 43
84 29
84 148
84 18
84 98
84 60
84 91
84 103
84 49
84 30
84 160
84 69
84 76
84 59
84 32
84 67
84 135
84 56
84 51
84 65
84 82
84 120
85 58
85 96
85 82
85 53
85 27
85 148
85 14
85 75
85 70
85 92
85 117
85 24
85 31
85 112
85 83
85 141
85 72
85 91
85 104
85 50
85 69
85 80
85 15
85 29
85 10
85 33
85 21
85 66
85 22
85 39
85 76
85 79
85 151
85 103
85 16
85 150
85 147
85 126
85 143
85 55
85 13
85 94
85 89
85 157
85 34
85 35
85 12
85 156
85 20
86 121
86 37
86 102
86 130
86 155
86 69
86 92
86 127
86 113
86 35
86 93
86 1
86 78
86 42
86 64
86 60
86 4
86 15
86 137
86 106
86 109
86 114
86 76
86 90
86 100
86 48
86 73
86 87
86 34
86 141
86 13
86 151
86 43
86 138
86 149
86 63
86 140
86 147
86 12
86 59
86 85
86 82
86 26
86 21
86 30
86 72
86 40
86 57
87 55
87 53
87 105
87 85
87 27
87 125
87 63
87 116
87 43
87 4
87 127
87 151
87 56
87 97
87 47
87 57
87 117
87 77
87 136
87 102
87 72
87 108
87 29
87 119
87 144
87 153
87 104
87 15
87 84
87 2
87 8
87 61
87 159
87 16
87 30
87 141
87 58
87 94
87 59
87 13
87 40
87 140
87 118
87 99
87 5
87 113
87 34
87 93
87 90
87 152
87 103
87 35
88 13
88 27
88 76
88 26
88 51
88 117
88 71
88 36
88 53
88 4
88 11
88 56
88 14
88 105
88 155
88 85
88 145
88 129
88 72
88 157
88 6
88 150
88 147
88 2
88 128
88 34
88 127
88 60
88 104
88 135
88 42
88 154
88 62
88 103
88 113
88 38
88 50
88 160
88 115
88 86
88 137
88 64
88 44
88 141
88 151
88 158
88 153
88 143
89 24
89 78
89 109
89 38
89 55
89 33
89 52
89 47
89 32
89 42
89 153
89 12
89 159
89 112
89 72
89 56
89 92
89 150
89 30
89 135
89 129
89 137
89 21
89 117
89 149
89 22
89 13
89 156
89 3
89 81
89 51
89 152
89 110
89 98
89 57
89 58
89 138
89 124
89 66
89 53
89 18
89 118
89 62
89 65
89 5
90 47
90 81
90 116
90 28
90 135
90 19
90 140
90 61
90 53
90 142
90 150
90 49
90 85
90 45
90 58
90 131
90 114
90 126
90 7
90 94
90 79
90 112
90 103
90 132
90 120
90 25
90 72
90 101
90 35
90 100
90 148
90 32
90 93
90 54
90 62
90 18
90 82
90 91
90 9
90 48
90 141
90 21
90 33
90 119
90 130
90 34
90 42
90 83
90 154
90 106
91 70
91 32
91 96
91 8
91 75
91 17
91 49
91 89
91 83
91 95
91 50
91 127
91 114
91 110
91 126
91 88
91 40
91 133
91 155
91 142
91 72
91 106
91 18
91 24
91 27
91 77
91 1
91 125
91 116
91 160
91 21
91 122
91 15
91 152
91 58
91 68
91 51
91 13
91 117
91 57
91 151
91 102
91 98
91 139
91 28
91 42
91 65
92 137
92 51
92 5
92 3
92 131
92 150
92 159
92 74
92 135
92 82
92 1
92 124
92 35
92 20
92 156
92 7
92 38
92 108
92 81
92 141
92 37
92 118
92 97
92 101
92 10
92 41
92 39
92 138
92 160
92 24
92 36
92 153
92 18
92 87
92 88
92 2
92 155
92 59
92 40
92 69
92 139
92 14
92 61
92 78
92 104
92 93
92 90
92 42
92 112
93 3
93 128
93 95
93 130
93 107
93 9
93 1
93 80
93 99
93 49
93 63
93 39
93 145
93 25
93 69
93 157
93 120
93 108
93 22
93 67
93 137
93 40
93 75
93 43
93 21
93 10
93 118
93 126
93 84
93 73
93 139
93 46
93 64
93 16
93 62
93 55
93 123
93 113
93 138
93 147
93 129
93 57
93 66
93 112
93 68
93 127
93 35
93 102
93 60
93 11
93 8
93 132
93 2
94 117
94 152
94 105
94 2
94 119
94 49
94 1
94 84
94 151
94 56
94 125
94 3
94 47
94 19
94 5
94 59
94 62
94 73
94 158
94 60
94 118
94 149
94 89
94 88
94 132
94 50
94 98
94 112
94 70
94 115
94 67
94 141
94 81
94 103
94 130
94 75
94 14
94 23
94 12
94 150
94 54
94 91
94 121
94 116
94 93
94 99
94 123
94 109
94 48
94 154
94 20
94 86
95 108
95 30
95 126
95 71
95 96
95 61
95 14
95 53
95 36
95 41
95 100
95 74
95 33
95 156
95 57
95 4
95 38
95 160
95 46
95 86
95 149
95 21
95 90
95 130
95 67
95 105
95 59
95 8
95 133
95 137
95 82
95 135
95 73
95 134
95 141
95 139
95 72
95 40
95 109
95 101
95 75
95 102
95 49
95 6
95 69
96 90
96 48
96 136
96 137
96 35
96 128
96 87
96 83
96 27
96 116
96 56
96 156
96 22
96 148
96 88
96 132
96 93
96 114
96 152
96 63
96 143
96 38
96 42
96 55
96 134
96 34
96 46
96 40
96 69
96 53
96 20
96 153
96 109
96 104
96 102
96 41
96 21
96 51
96 135
96 15
96 50
96 151
96 89
96 97
96 43
96 62
96 160
96 57
96 101
97 38
97 160
97 52
97 150
97 41
97 118
97 82
97 111
97 6
97 152
97 122
97 23
97 54
97 44
97 136
97 56
97 145
97 59
97 21
97 66
97 64
97 11
97 133
97 79
97 149
97 76
97 5
97 47
97 90
97 35
97 42
97 61
97 115
97 69
97 119
97 10
97 120
97 140
97 83
97 49
97 138
97 28
97 43
97 137
97 40
98 96
98 129
98 160
98 92
98 116
98 61
98 99
98 30
98 13
98 9
98 114
98 14
98 3
98 73
98 29
98 75
98 156
98 113
98 34
98 15
98 87
98 127
98 78
98 135
98 58
98 130
98 97
98 88
98 79
98 42
98 125
98 122
98 110
98 112
98 11
98 106
98 117
98 10
98 147
98 32
98 31
98 51
98 49
98 143
98 141
98 137
98 152
98 149
99 156
99 33
99 140
99 44
99 57
99 138
99 63
99 158
99 100
99 80
99 10
99 20
99 96
99 16
99 56
99 118
99 153
99 6
99 66
99 26
99 86
99 69
99 73
99 103
99 90
99 113
99 139
99 67
99 75
99 62
99 150
99 50
99 32
99 154
99 160
99 111
99 59
99 104
99 11
99 82
99 18
99 136
99 83
99 19
99 55
99 22
99 37
99 91
99 34
100 83
100 96
100 54
100 104
100 101
100 137
100 30
100 1
100 120
100 89
100 160
100 6
100 152
100 75
100 97
100 121
100 113
100 25
100 49
100 88
100 114
100 2
100 44
100 79
100 118
100 32
100 50
100 58
100 98
100 149
100 73
100 135
100 111
100 80
100 78
100 107
100 92
100 103
100 81
100 106
100 16
100 93
100 28
100 48
100 145
100 68
100 85
100 4
100 34
101 113
101 102
101 124
101 30
101 65
101 108
101 66
101 39
101 99
101 145
101 13
101 68
101 28
101 1
101 16
101 31
101 27
101 57
101 152
101 22
101 29
101 157
101 84
101 75
101 85
101 72
101 87
101 155
101 107
101 97
101 71
101 94
101 119
101 70
101 117
101 41
101 109
101 33
101 19
101 91
101 93
101 98
101 40
101 136
101 35
101 115
101 118
101 135
101 63
101 45
101 77
101 159
101 88
101 79
101 23
101 54
101 38
102 27
102 21
102 69
102 16
102 62
102 10
102 143
102 23
102 30
102 89
102 97
102 135
102 39
102 137
102 128
102 142
102 125
102 100
102 44
102 61
102 108
102 85
102 150
102 12
102 103
102 136
102 126
102 26
102 63
102 7
102 90
102 72
102 84
102 144
102 138
102 158
102 67
102 153
102 82
102 145
102 160
102 92
102 98
102 115
102 99
102 139
102 154
102 14
102 5
102 24
103 59
103 77
103 145
103 4
103 122
103 60
103 26
103 51
103 50
103 61
103 74
103 78
103 62
103 106
103 139
103 101
103 35
103 118
103 111
103 24
103 47
103 27
103 125
103 140
103 56
103 86
103 8
103 68
103 64
103 53
103 92
103 32
103 137
103 96
103 1
103 3
103 45
103 42
103 17
103 72
103 12
103 83
103 65
103 143
103 67
103 15
103 115
103 22
103 128
103 132
104 139
104 82
104 89
104 124
104 21
104 103
104 133
104 144
104 106
104 148
104 37
104 83
104 42
104 20
104 71
104 13
104 118
104 137
104 156
104 47
104 80
104 130
104 102
104 33
104 58
104 10
104 57
104 98
104 119
104 41
104 110
104 159
104 114
104 79
104 122
104 101
104 129
104 59
104 40
104 140
104 105
104 115
104 28
104 77
104 149
104 111
104 147
105 102
105 78
105 141
105 41
105 142
105 40
105 46
105 28
105 72
105 139
105 27
105 137
105 140
105 93
105 73
105 43
105 62
105 110
105 3
105 18
105 106
105 155
105 97
105 151
105 47
105 20
105 136
105 112
105 45
105 91
105 149
105 35
105 29
105 134
105 159
105 44
105 30
105 84
106 81
106 78
106 115
106 129
106 93
106 6
106 2
106 141
106 47
106 48
106 74
106 55
106 135
106 52
106 79
106 102
106 75
106 21
106 38
106 95
106 64
106 71
106 28
106 49
106 132
106 157
106 148
106 97
106 9
106 57
106 160
106 101
106 4
106 40
106 96
106 133
106 124
106 1
106 59
106 128
106 43
106 85
106 84
106 12
106 92
106 10
106 153
107 128
107 137
107 9
107 116
107 122
107 152
107 15
107 88
107 138
107 22
107 30
107 13
107 123
107 85
107 71
107 130
107 136
107 53
107 80
107 142
107 32
107 121
107 31
107 144
107 1
107 96
107 2
107 133
107 94
107 97
107 38
107 3
107 45
107 69
107 51
107 33
107 49
107 24
107 66
107 18
108 5
108 146
108 36
108 69
108 99
108 103
108 159
108 86
108 70
108 81
108 139
108 85
108 44
108 39
108 97
108 50
108 128
108 142
108 112
108 21
108 76
108 77
108 89
108 136
108 8
108 160
108 158
108 15
108 94
108 98
108 29
108 71
108 125
108 151
108 61
108 90
108 129
108 48
108 11
108 23
108 6
108 91
108 32
108 16
108 10
108 37
108 80
108 84
109 88
109 23
109 7
109 53
109 91
109 114
109 134
109 117
109 111
109 1
109 33
109 48
109 126
109 87
109 31
109 127
109 146
109 62
109 20
109 63
109 15
109 102
109 131
109 32
109 92
109 90
109 133
109 6
109 2
109 83
109 61
109 43
109 28
109 137
109 132
109 51
109 69
109 147
109 55
109 107
109 40
109 105
109 104
109 18
109 46
109 85
109 100
109 44
109 37
110 71
110 141
110 72
110 112
110 60
110 4
110 12
110 74
110 77
110 99
110 100
110 130
110 154
110 133
110 11
110 39
110 15
110 18
110 95
110 64
110 2
110 119
110 50
110 88
110 58
110 96
110 144
110 3
110 142
110 56
110 33
110 80
110 22
110 116
110 101
110 153
110 118
110 79
110 155
110 140
110 86
110 54
110 106
110 148
110 102
110 107
110 29
110 62
111 26
111 143
111 30
111 160
111 94
111 27
111 102
111 92
111 113
111 9
111 96
111 132
111 19
111 144
111 120
111 133
111 125
111 90
111 119
111 129
111 54
111 6
111 52
111 43
111 158
111 145
111 50
111 57
111 70
111 11
111 23
111 61
111 151
111 135
111 68
111 131
111 127
111 18
111 65
111 121
111 4
111 14
111 95
111 78
111 69
111 76
111 110
111 107
111 25
111 64
111 39
112 6
112 63
112 159
112 84
112 139
112 49
112 7
112 100
112 134
112 59
112 51
112 160
112 67
112 22
112 104
112 154
112 143
112 9
112 113
112 28
112 50
112 21
112 101
112 148
112 4
112 125
112 91
112 130
112 1
112 141
112 54
112 78
112 137
112 57
112 156
112 31
112 102
112 32
112 10
112 15
112 13
112 24
112 135
112 43
112 157
112 46
113 61
113 97
113 14
113 60
113 45
113 129
113 66
113 128
113 6
113 153
113 85
113 108
113 12
113 145
113 9
113 92
113 142
113 78
113 47
113 27
113 57
113 159
113 89
113 84
113 114
113 117
113 83
113 144
113 94
113 62
113 143
113 7
113 10
113 137
113 56
113 22
113 8
113 15
113 152
113 91
113 104
113 107
113 70
113 64
113 156
114 8
114 92
114 48
114 21
114 79
114 138
114 54
114 46
114 110
114 1
114 102
114 154
114 14
114 155
114 153
114 111
114 97
114 145
114 107
114 118
114 112
114 82
114 15
114 143
114 74
114 115
114 158
114 16
114 30
114 50
114 44
114 103
114 9
114 61
114 43
114 106
114 18
114 151
114 99
114 12
114 62
114 117
114 101
114 55
114 27
114 17
114 58
114 93
114 7
114 84
114 49
114 81
114 121
115 118
115 15
115 142
115 140
115 98
115 61
115 5
115 146
115 155
115 144
115 93
115 87
115 123
115 130
115 71
115 150
115 92
115 107
115 86
115 12
115 113
115 63
115 96
115 100
115 149
115 1
115 31
115 138
115 126
115 125
115 68
115 29
115 54
115 84
115 24
115 52
115 117
115 131
115 80
115 17
115 134
115 112
115 85
115 111
115 120
115 109
115 73
115 95
115 157
115 41
115 34
116 99
116 52
116 76
116 117
116 115
116 119
116 44
116 127
116 100
116 109
116 32
116 120
116 113
116 146
116 158
116 14
116 89
116 54
116 66
116 103
116 80
116 74
116 81
116 131
116 145
116 137
116 7
116 1
116 68
116 160
116 121
116 101
116 33
116 9
116 106
116 112
116 69
116 148
116 55
116 114
116 60
116 27
116 84
116 95
116 139
116 57
117 50
117 58
117 35
117 29
117 46
117 96
117 141
117 7
117 20
117 47
117 110
117 4
117 72
117 9
117 81
117 103
117 17
117 52
117 152
117 90
117 105
117 10
117 24
117 34
117 97
117 68
117 147
117 19
117 140
117 125
117 111
117 95
117 84
117 155
117 157
117 142
117 30
117 126
117 23
117 18
117 158
117 134
117 5
117 104
117 45
117 60
117 139
117 3
117 145
117 151
117 33
117 67
117 39
118 18
118 91
118 27
118 130
118 80
118 61
118 117
118 26
118 70
118 28
118 126
118 68
118 138
118 30
118 123
118 2
118 15
118 13
118 116
118 60
118 45
118 113
118 143
118 88
118 4
118 74
118 55
118 134
118 9
118 32
118 98
118 86
118 37
118 48
118 78
118 112
118 36
118 79
118 17
118 149
118 124
118 24
118 52
118 156
118 44
118 157
118 85
118 160
119 109
119 66
119 8
119 130
119 36
119 147
119 135
119 100
119 95
119 127
119 76
119 45
119 30
119 5
119 156
119 115
119 136
119 1
119 32
119 122
119 7
119 79
119 123
119 102
119 114
119 155
119 13
119 146
119 125
119 39
119 118
119 151
119 67
119 69
119 149
119 16
119 140
119 106
119 48
119 62
119 117
119 26
119 31
119 126
119 132
119 43
119 93
120 154
120 86
120 122
120 87
120 68
120 21
120 95
120 85
120 139
120 25
120 24
120 80
120 75
120 59
120 127
120 102
120 135
120 142
120 71
120 146
120 132
120 40
120 60
120 134
120 148
120 114
120 78
120 55
120 50
120 26
120 82
120 34
120 7
120 23
120 35
120 20
120 129
120 2
120 9
120 119
120 28
120 32
120 10
120 53
120 39
120 89
120 16
120 36
120 98
120 108
121 9
121 22
121 98
121 130
121 136
121 131
121 26
121 147
121 85
121 74
121 57
121 105
121 90
121 68
121 89
121 92
121 160
121 52
121 13
121 31
121 8
121 118
121 84
121 152
121 132
121 137
121 110
121 33
121 23
121 70
121 96
121 101
121 113
121 112
121 11
121 109
121 83
121 120
121 66
121 20
121 47
121 151
121 99
121 102
121 72
121 104
121 39
121 124
122 129
122 90
122 21
122 64
122 92
122 124
122 138
122 54
122 43
122 93
122 115
122 130
122 55
122 160
122 87
122 33
122 145
122 123
122 9
122 69
122 131
122 41
122 110
122 39
122 23
122 86
122 65
122 19
122 141
122 106
122 67
122 111
122 114
122 77
122 136
122 29
122 73
122 6
122 153
122 154
122 84
122 135
122 52
122 158
122 109
122 42
122 151
122 105
122 36
122 85
122 56
123 34
123 140
123 25
123 75
123 7
123 68
123 44
123 3
123 23
123 53
123 73
123 158
123 144
123 101
123 18
123 141
123 98
123 142
123 38
123 147
123 92
123 124
123 109
123 77
123 113
123 155
123 69
123 37
123 135
123 9
123 110
123 8
123 29
123 111
123 159
123 41
123 65
123 63
123 36
123 117
123 132
123 74
123 106
123 95
123 136
123 87
123 97
124 103
124 98
124 146
124 134
124 7
124 32
124 59
124 139
124 60
124 9
124 35
124 57
124 18
124 117
124 20
124 102
124 128
124 155
124 119
124 99
124 93
124 97
124 154
124 67
124 31
124 41
124 33
124 113
124 47
124 88
124 140
124 4
124 16
124 37
124 36
124 79
124 75
124 28
124 133
124 136
124 94
124 39
124 114
125 43
125 45
125 151
125 127
125 65
125 11
125 118
125 128
125 93
125 67
125 58
125 141
125 78
125 80
125 133
125 37
125 120
125 83
125 26
125 53
125 51
125 139
125 142
125 154
125 152
125 52
125 97
125 147
125 89
125 113
125 2
125 22
125 136
125 100
125 145
125 74
125 64
125 20
125 28
125 122
125 79
125 39
125 9
125 61
125 66
125 148
125 32
125 129
125 144
125 135
126 22
126 96
126 34
126 10
126 40
126 16
126 81
126 47
126 153
126 100
126 68
126 3
126 84
126 111
126 5
126 14
126 101
126 49
126 131
126 60
126 69
126 12
126 141
126 27
126 18
126 62
126 144
126 54
126 9
126 72
126 158
126 19
126 86
126 92
126 154
126 128
126 149
126 104
126 145
126 38
126 83
126 124
126 112
127 153
127 60
127 129
127 14
127 89
127 118
127 51
127 30
127 107
127 3
127 73
127 115
127 132
127 62
127 101
127 29
127 74
127 133
127 128
127 61
127 50
127 25
127 65
127 20
127 100
127 94
127 19
127 146
127 42
127 156
127 137
127 131
127 21
127 151
127 141
127 140
127 5
127 15
127 114
127 150
127 148
127 154
127 112
127 1
127 48
127 103
127 46
128 2
128 69
128 140
128 92
128 78
128 95
128 46
128 59
128 90
128 130
128 119
128 57
128 40
128 67
128 77
128 82
128 87
128 81
128 133
128 8
128 65
128 118
128 111
128 6
128 21
128 137
128 142
128 157
128 156
128 49
128 117
128 7
128 23
128 158
128 14
128 45
128 100
128 155
128 89
128 115
128 53
128 62
129 152
129 121
129 15
129 116
129 145
129 52
129 115
129 99
129 66
129 7
129 90
129 155
129 123
129 139
129 46
129 95
129 84
129 57
129 42
129 109
129 34
129 22
129 48
129 96
129 68
129 72
129 150
129 3
129 2
129 21
129 92
129 130
129 28
129 56
129 39
129 157
129 11
129 140
129 25
129 45
129 158
129 19
129 149
130 67
130 35
130 68
130 116
130 33
130 106
130 127
130 141
130 82
130 148
130 9
130 59
130 152
130 10
130 44
130 85
130 160
130 114
130 8
130 27
130 64
130 25
130 101
130 88
130 28
130 62
130 23
130 13
130 1
130 124
130 57
130 117
130 108
130 146
130 17
130 49
130 61
130 96
130 102
130 105
130 16
130 159
130 39
130 5
130 12
130 45
130 50
130 138
130 41
131 114
131 36
131 128
131 101
131 6
131 159
131 132
131 108
131 145
131 87
131 76
131 105
131 83
131 154
131 82
131 117
131 136
131 119
131 7
131 5
131 61
131 55
131 129
131 75
131 38
131 73
131 79
131 130
131 58
131 151
131 28
131 17
131 44
131 125
131 142
131 89
131 138
131 47
131 2
131 158
131 46
131 135
131 133
131 110
131 88
132 64
132 20
132 102
132 84
132 32
132 71
132 140
132 37
132 114
132 72
132 105
132 26
132 155
132 138
132 158
132 79
132 133
132 143
132 130
132 21
132 89
132 153
132 75
132 134
132 99
132 146
132 15
132 141
132 58
132 66
132 112
132 70
132 74
132 22
132 100
132 41
132 148
132 49
132 108
132 128
132 101
132 42
132 62
132 124
132 59
132 52
132 39
132 157
132 87
132 86
132 83
133 92
133 96
133 56
133 83
133 26
133 81
133 93
133 112
133 153
133 43
133 53
133 94
133 13
133 38
133 150
133 17
133 144
133 157
133 105
133 100
133 54
133 67
133 85
133 76
133 33
133 39
133 80
133 5
133 6
133 143
133 136
133 63
133 62
133 28
133 42
133 22
133 78
133 113
133 86
133 51
133 116
133 55
133 115
133 25
133 130
133 90
133 141
133 155
133 147
133 126
133 30
133 68
134 15
134 87
134 101
134 83
134 71
134 116
134 31
134 86
134 23
134 57
134 62
134 47
134 104
134 5
134 46
134 74
134 152
134 78
134 150
134 75
134 136
134 58
134 103
134 51
134 155
134 157
134 102
134 24
134 37
134 66
134 21
134 60
134 99
134 88
134 29
134 43
134 35
134 119
134 52
134 114
134 133
134 64
134 50
134 41
134 85
134 48
134 68
135 132
135 147
135 81
135 110
135 72
135 115
135 13
135 121
135 74
135 97
135 45
135 14
135 142
135 76
135 63
135 99
135 16
135 42
135 4
135 19
135 136
135 160
135 29
135 48
135 157
135 149
135 80
135 118
135 33
135 85
135 28
135 38
135 1
135 130
135 43
135 53
135 148
135 152
135 39
135 5
135 26
135 86
135 129
135 156
135 6
135 37
135 151
135 54
135 117
135 34
136 84
136 91
136 38
136 45
136 8
136 33
136 23
136 55
136 104
136 50
136 32
136 114
136 132
136 141
136 98
136 59
136 152
136 80
136 62
136 117
136 103
136 92
136 82
136 126
136 120
136 16
136 156
136 52
136 111
136 67
136 130
136 71
136 37
136 155
136 31
136 112
136 128
136 160
136 14
136 150
136 90
136 53
136 110
136 158
136 85
136 94
136 28
136 22
136 6
136 145
136 17
136 83
137 155
137 126
137 45
137 63
137 106
137 157
137 59
137 10
137 146
137 21
137 53
137 24
137 75
137 3
137 19
137 30
137 94
137 23
137 65
137 6
137 122
137 35
137 78
137 7
137 46
137 48
137 43
137 25
137 47
137 114
137 69
137 101
137 144
137 82
137 27
137 111
137 125
137 118
137 124
137 44
137 80
137 131
137 41
137 79
137 91
137 15
137 156
137 38
138 136
138 103
138 2
138 76
138 33
138 129
138 67
138 127
138 1
138 152
138 111
138 25
138 45
138 80
138 57
138 9
138 106
138 52
138 123
138 101
138 98
138 151
138 100
138 160
138 91
138 108
138 81
138 150
138 23
138 119
138 145
138 44
138 144
138 147
138 121
138 70
138 124
138 137
138 8
138 37
138 157
138 96
139 80
139 84
139 77
139 136
139 154
139 76
139 7
139 40
139 68
139 38
139 150
139 156
139 152
139 12
139 97
139 71
139 135
139 133
139 88
139 83
139 54
139 44
139 134
139 22
139 4
139 87
139 49
139 159
139 57
139 106
139 65
139 90
139 146
139 45
139 73
139 100
139 98
139 158
139 5
139 1
139 37
139 70
139 29
139 143
139 64
139 128
140 40
140 11
140 12
140 106
140 93
140 96
140 98
140 5
140 38
140 121
140 46
140 43
140 65
140 83
140 109
140 76
140 154
140 73
140 25
140 137
140 34
140 79
140 148
140 54
140 113
140 102
140 156
140 41
140 63
140 23
140 130
140 160
140 37
140 114
140 68
140 58
140 133
140 125
140 35
140 89
140 126
140 74
140 36
140 111
140 145
140 82
140 135
140 51
140 85
140 88
140 80
140 44
140 24
141 36
141 19
141 61
141 4
141 135
141 45
141 30
141 33
141 118
141 40
141 34
141 62
141 66
141 124
141 46
141 134
141 119
141 89
141 1
141 67
141 17
141 120
141 52
141 54
141 23
141 137
141 73
141 144
141 101
141 82
141 91
141 81
141 111
141 32
141 156
141 14
141 83
141 149
141 31
141 55
141 108
141 143
141 142
141 131
141 153
141 140
141 102
142 23
142 77
142 87
142 95
142 112
142 88
142 5
142 28
142 20
142 44
142 62
142 100
142 6
142 43
142 21
142 12
142 129
142 59
142 98
142 35
142 93
142 119
142 145
142 160
142 103
142 84
142 136
142 89
142 101
142 22
142 33
142 86
142 158
142 13
142 137
142 122
142 111
142 34
142 76
142 134
142 2
142 99
142 56
142 3
142 124
142 140
143 20
143 123
143 84
143 15
143 13
143 59
143 41
143 106
143 145
143 83
143 160
143 157
143 69
143 54
143 105
143 79
143 70
143 10
143 31
143 53
143 37
143 35
143 94
143 120
143 104
143 50
143 90
143 119
143 78
143 109
143 76
143 81
143 87
143 77
143 89
143 110
143 49
143 86
143 6
143 115
143 150
143 130
143 95
143 136
143 66
143 40
143 91
143 131
143 99
144 160
144 122
144 54
144 50
144 97
144 14
144 66
144 12
144 28
144 140
144 109
144 10
144 18
144 74
144 13
144 139
144 33
144 80
144 101
144 39
144 51
144 55
144 150
144 81
144 147
144 121
144 132
144 124
144 120
144 143
144 92
144 93
144 103
144 158
144 148
144 61
144 73
144 130
144 127
144 17
144 105
144 7
144 70
144 134
144 82
144 86
144 155
144 98
144 22
144 35
144 145
144 106
144 149
145 91
145 27
145 148
145 81
145 119
145 106
145 39
145 64
145 99
145 92
145 44
145 34
145 56
145 121
145 153
145 157
145 37
145 139
145 84
145 90
145 33
145 14
145 2
145 40
145 123
145 130
145 135
145 22
145 149
145 47
145 9
145 94
145 46
145 134
145 85
145 133
145 89
145 108
145 73
145 20
145 62
145 110
145 156
145 75
145 87
145 154
145 25
145 86
145 159
145 132
146 21
146 91
146 104
146 147
146 78
146 77
146 122
146 73
146 159
146 2
146 89
146 87
146 75
146 143
146 102
146 125
146 14
146 35
146 117
146 76
146 37
146 93
146 110
146 17
146 94
146 22
146 99
146 19
146 20
146 98
146 105
146 83
146 100
146 74
146 150
146 90
146 71
146 52
146 144
146 81
146 136
146 118
147 62
147 108
147 90
147 145
147 75
147 158
147 111
147 35
147 142
147 149
147 58
147 124
147 61
147 136
147 10
147 95
147 126
147 70
147 130
147 99
147 54
147 106
147 82
147 63
147 134
147 120
147 22
147 143
147 78
147 34
147 159
147 77
147 154
147 155
147 118
147 84
147 79
147 139
147 53
147 44
147 50
147 56
147 59
147 9
147 101
148 19
148 103
148 39
148 68
148 31
148 25
148 128
148 69
148 113
148 114
148 9
148 16
148 97
148 155
148 5
148 36
148 61
148 29
148 88
148 55
148 141
148 126
148 111
148 133
148 65
148 123
148 64
148 136
148 91
148 27
148 102
148 48
148 159
148 100
148 7
148 2
148 3
148 94
148 54
148 60
148 83
148 93
148 30
148 92
149 48
149 27
149 20
149 148
149 146
149 139
149 38
149 124
149 8
149 77
149 1
149 66
149 151
149 24
149 52
149 90
149 106
149 78
149 116
149 16
149 134
149 128
149 158
149 35
149 68
149 45
149 101
149 110
149 142
149 62
149 19
149 154
149 109
149 85
149 123
149 56
149 63
149 103
149 113
149 99
149 50
149 87
149 37
149 96
149 125
149 120
149 58
150 107
150 23
150 3
150 131
150 64
150 105
150 153
150 32
150 111
150 119
150 87
150 70
150 128
150 73
150 106
150 41
150 4
150 132
150 118
150 145
150 81
150 126
150 75
150 11
150 109
150 36
150 122
150 28
150 62
150 86
150 66
150 116
150 52
150 135
150 43
150 63
150 24
150 56
150 114
150 158
150 91
150 51
150 152
150 120
150 1
150 100
150 137
151 7
151 139
151 34
151 99
151 157
151 60
151 74
151 140
151 28
151 20
151 90
151 155
151 10
151 76
151 137
151 30
151 109
151 75
151 3
151 126
151 118
151 156
151 69
151 104
151 77
151 115
151 146
151 141
151 143
151 41
151 18
151 116
151 25
151 71
151 80
151 59
151 32
151 100
151 106
151 79
151 65
151 14
151 66
151 120
151 142
151 31
151 11
151 1
151 61
151 50
151 132
151 101
151 98
151 56
152 1
152 104
152 43
152 47
152 156
152 32
152 48
152 74
152 34
152 120
152 22
152 72
152 157
152 142
152 63
152 147
152 118
152 80
152 145
152 103
152 60
152 149
152 88
152 25
152 86
152 35
152 141
152 54
152 50
152 154
152 9
152 148
152 93
152 108
152 160
152 112
152 51
152 62
152 45
152 70
152 140
152 19
152 18
152 122
152 102
152 66
152 36
152 115
152 137
152 159
152 127
152 123
152 151
153 157
153 91
153 12
153 40
153 19
153 4
153 44
153 116
153 146
153 90
153 32
153 55
153 140
153 2
153 36
153 26
153 143
153 14
153 69
153 120
153 94
153 135
153 74
153 139
153 3
153 5
153 108
153 60
153 84
153 15
153 107
153 48
153 13
153 138
153 93
153 152
153 142
153 118
153 1
153 37
153 43
153 130
153 38
153 8
153 156
153 61
154 95
154 29
154 101
154 153
154 107
154 51
154 89
154 18
154 37
154 52
154 32
154 144
154 117
154 98
154 4
154 92
154 119
154 67
154 84
154 36
154 28
154 25
154 15
154 8
154 34
154 24
154 150
154 55
154 130
154 40
154 16
154 74
154 121
154 160
154 136
154 111
154 134
154 141
154 66
154 80
154 86
154 10
154 14
154 133
154 39
154 62
154 50
154 72
154 87
154 132
154 43
154 11
155 53
155 75
155 135
155 50
155 29
155 51
155 38
155 33
155 26
155 55
155 45
155 15
155 143
155 78
155 30
155 130
155 87
155 64
155 47
155 40
155 72
155 61
155 146
155 48
155 42
155 13
155 122
155 80
155 126
155 90
155 46
155 65
155 56
155 14
155 138
155 152
155 118
155 154
155 3
155 97
155 103
155 32
156 68
156 63
156 21
156 143
156 114
156 16
156 107
156 23
156 149
156 22
156 144
156 154
156 108
156 10
156 134
156 78
156 37
156 129
156 81
156 17
156 39
156 34
156 8
156 77
156 45
156 133
156 59
156 26
156 2
156 103
156 12
156 87
156 27
156 106
156 13
156 18
156 148
156 155
156 76
156 29
156 117
156 131
156 97
156 40
156 122
156 88
156 94
156 57
157 45
157 125
157 27
157 121
157 35
157 131
157 61
157 100
157 96
157 72
157 113
157 97
157 65
157 30
157 19
157 20
157 17
157 15
157 94
157 156
157 116
157 120
157 12
157 46
157 70
157 155
157 139
157 83
157 160
157 124
157 136
157 89
157 144
157 24
157 18
157 48
157 123
157 99
157 84
157 26
157 22
157 146
157 140
157 108
157 56
157 154
157 1
157 52
158 66
158 75
158 95
158 121
158 52
158 69
158 118
158 28
158 67
158 34
158 24
158 39
158 29
158 12
158 148
158 11
158 23
158 120
158 137
158 86
158 115
158 38
158 127
158 141
158 76
158 79
158 159
158 13
158 18
158 125
158 90
158 49
158 77
158 154
158 61
158 1
158 60
158 25
158 153
158 65
158 91
158 48
158 84
158 70
159 120
159 16
159 150
159 124
159 121
159 140
159 135
159 149
159 86
159 26
159 40
159 25
159 80
159 134
159 106
159 17
159 133
159 118
159 151
159 99
159 51
159 15
159 103
159 61
159 136
159 60
159 144
159 141
159 2
159 138
159 76
159 93
159 20
159 78
159 127
159 6
159 84
159 46
159 125
159 18
159 8
159 155
159 122
159 100
159 42
160 125
160 113
160 156
160 124
160 61
160 82
160 147
160 10
160 15
160 81
160 146
160 83
160 87
160 76
160 126
160 68
160 153
160 104
160 26
160 145
160 74
160 5
160 40
160 101
160 89
160 110
160 77
160 66
160 65
160 54
160 43
160 32
160 117
160 17
160 51
160 31
160 42
160 24
160 105
160 85
160 150
160 9
160 37
160 114
160 35
160 8
160 134
160 59
160 60
160 4
160 21
160 129
160 34
160 127
160 149
160 33
