190 10774
1 22
1 40
1 88
1 72
1 140
1 79
1 3
1 94
1 35
1 42
1 103
1 38
1 111
1 160
1 33
1 17
1 180
1 13
1 120
1 116
1 16
1 108
1 178
1 133
1 129
1 114
1 168
1 163
1 181
1 188
1 123
1 119
1 51
1 59
1 172
1 83
1 113
1 126
1 118
1 156
1 11
1 43
1 8
1 15
1 152
1 80
1 60
1 91
1 50
1 41
1 87
1 171
1 32
1 56
1 150
1 155
1 173
1 176
1 179
1 189
1 14
1 182
2 186
2 14
2 179
2 60
2 112
2 18
2 132
2 108
2 125
2 4
2 120
2 19
2 74
2 185
2 30
2 61
2 72
2 93
2 27
2 95
2 134
2 12
2 104
2 176
2 70
2 86
2 21
2 13
2 121
2 68
2 188
2 168
2 140
2 29
2 152
2 78
2 26
2 28
2 144
2 9
2 80
2 147
2 183
2 118
2 177
2 103
2 139
2 87
2 45
2 67
2 65
2 105
2 89
2 131
2 135
2 172
3 65
3 114
3 6
3 190
3 84
3 8
3 57
3 168
3 124
3 17
3 27
3 160
3 145
3 103
3 33
3 161
3 45
3 43
3 147
3 172
3 67
3 176
3 130
3 82
3 121
3 151
3 108
3 10
3 141
3 90
3 117
3 23
3 91
3 187
3 104
3 69
3 149
3 85
3 118
3 51
3 125
3 59
3 30
3 186
3 71
3 115
3 89
3 133
3 22
3 81
3 83
3 37
3 53
3 128
4 48
4 119
4 1
4 14
4 67
4 117
4 102
4 41
4 59
4 77
4 105
4 172
4 166
4 167
4 155
4 33
4 157
4 46
4 13
4 18
4 42
4 160
4 9
4 127
4 101
4 136
4 182
4 125
4 20
4 24
4 179
4 123
4 139
4 45
4 92
4 147
4 57
4 49
4 52
4 19
4 187
4 17
4 73
4 60
4 156
4 28
4 83
4 109
4 137
4 131
4 111
5 25
5 41
5 81
5 161
5 7
5 136
5 40
5 100
5 86
5 157
5 142
5 59
5 2
5 16
5 47
5 71
5 13
5 19
5 78
5 150
5 95
5 101
5 137
5 73
5 158
5 10
5 63
5 4
5 108
5 104
5 119
5 43
5 52
5 122
5 105
5 67
5 177
5 102
5 58
5 97
5 133
5 27
5 42
5 61
5 65
5 34
5 153
5 89
5 162
5 152
5 164
5 163
5 154
5 107
6 184
6 144
6 58
6 136
6 119
6 71
6 22
6 32
6 118
6 62
6 162
6 75
6 52
6 126
6 19
6 166
6 124
6 5
6 79
6 128
6 53
6 20
6 169
6 154
6 179
6 159
6 33
6 4
6 155
6 57
6 74
6 129
6 42
6 64
6 15
6 174
6 122
6 185
6 106
6 18
6 180
6 44
6 164
6 115
6 105
6 109
6 13
6 41
6 40
6 139
6 55
6 17
6 11
6 153
6 150
6 39
6 113
6 1
6 28
6 177
7 173
7 91
7 94
7 86
7 146
7 23
7 96
7 169
7 121
7 106
7 80
7 20
7 184
7 35
7 48
7 15
7 40
7 49
7 67
7 114
7 140
7 150
7 33
7 41
7 2
7 93
7 69
7 123
7 163
7 168
7 44
7 174
7 18
7 167
7 74
7 177
7 82
7 22
7 52
7 16
7 156
7 170
7 159
7 14
7 58
7 147
7 81
7 161
7 127
7 100
7 46
7 53
7 10
7 13
7 134
7 175
7 63
7 180
7 138
8 114
8 116
8 137
8 16
8 80
8 187
8 7
8 93
8 55
8 107
8 155
8 185
8 19
8 125
8 67
8 98
8 157
8 54
8 106
8 23
8 100
8 161
8 99
8 60
8 126
8 69
8 115
8 78
8 138
8 150
8 163
8 177
8 2
8 44
8 143
8 139
8 178
8 10
8 37
8 88
8 32
8 127
8 18
8 36
8 188
8 121
8 75
8 148
8 79
8 134
8 59
8 83
8 53
8 184
8 34
8 165
8 70
8 12
8 164
8 112
9 98
9 79
9 127
9 169
9 159
9 143
9 94
9 139
9 147
9 93
9 135
9 64
9 55
9 173
9 140
9 16
9 144
9 157
9 25
9 59
9 103
9 176
9 29
9 60
9 92
9 130
9 85
9 63
9 165
9 8
9 164
9 113
9 14
9 91
9 162
9 28
9 155
9 172
9 186
9 33
9 1
9 39
9 182
9 101
9 49
9 56
9 156
9 20
9 42
9 163
9 136
9 10
9 117
9 112
9 3
9 31
10 179
10 61
10 15
10 158
10 52
10 167
10 90
10 126
10 113
10 22
10 168
10 64
10 173
10 84
10 133
10 2
10 118
10 79
10 123
10 56
10 172
10 24
10 13
10 77
10 144
10 39
10 124
10 121
10 25
10 26
10 72
10 130
10 65
10 74
10 43
10 104
10 75
10 78
10 127
10 132
10 190
10 134
10 18
10 125
10 184
10 183
10 38
10 159
10 68
10 73
10 53
10 101
10 171
11 13
11 179
11 35
11 43
11 54
11 182
11 60
11 56
11 155
11 31
11 61
11 97
11 156
11 81
11 115
11 71
11 78
11 188
11 111
11 63
11 122
11 72
11 34
11 152
11 36
11 129
11 166
11 153
11 10
11 117
11 102
11 88
11 50
11 181
11 93
11 32
11 175
11 85
11 28
11 131
11 77
11 167
11 62
11 140
11 150
11 38
11 125
11 66
11 112
11 39
11 141
11 9
11 44
11 5
11 173
11 145
11 95
11 27
12 53
12 130
12 104
12 165
12 171
12 136
12 16
12 1
12 57
12 95
12 68
12 110
12 131
12 189
12 3
12 71
12 73
12 28
12 175
12 150
12 22
12 143
12 5
12 92
12 46
12 91
12 77
12 14
12 32
12 108
12 184
12 163
12 6
12 99
12 123
12 166
12 169
12 38
12 116
12 26
12 134
12 177
12 137
12 172
12 152
12 10
12 162
12 93
12 121
12 39
12 167
12 127
12 156
12 174
12 146
12 47
12 9
12 133
12 55
13 167
13 174
13 188
13 184
13 182
13 120
13 144
13 90
13 88
13 19
13 151
13 122
13 134
13 28
13 107
13 127
13 69
13 153
13 58
13 44
13 103
13 15
13 152
13 29
13 18
13 83
13 128
13 3
13 78
13 101
13 66
13 53
13 132
13 106
13 45
13 164
13 82
13 104
13 118
13 119
13 27
13 110
13 80
13 159
13 40
13 81
13 190
13 125
13 60
13 23
13 137
13 17
13 22
13 86
13 135
14 60
14 130
14 62
14 106
14 108
14 127
14 90
14 138
14 112
14 136
14 47
14 113
14 177
14 170
14 85
14 82
14 175
14 184
14 30
14 25
14 36
14 13
14 183
14 187
14 19
14 83
14 100
14 39
14 17
14 23
14 105
14 158
14 79
14 125
14 69
14 126
14 121
14 5
14 172
14 122
14 6
14 98
14 21
14 51
14 44
14 18
14 132
14 155
14 115
14 93
14 165
14 143
14 45
14 73
14 95
14 150
15 37
15 174
15 74
15 55
15 82
15 135
15 4
15 88
15 162
15 32
15 81
15 21
15 31
15 28
15 178
15 47
15 118
15 121
15 108
15 115
15 161
15 8
15 165
15 73
15 152
15 114
15 184
15 153
15 92
15 185
15 43
15 177
15 110
15 163
15 96
15 154
15 100
15 119
15 2
15 181
15 78
15 70
15 122
15 38
15 142
15 77
15 183
15 76
15 44
15 61
15 109
15 150
15 148
15 138
15 24
15 17
16 145
16 142
16 176
16 54
16 81
16 139
16 126
16 28
16 136
16 66
16 108
16 133
16 4
16 55
16 149
16 13
16 65
16 171
16 46
16 58
16 86
16 34
16 47
16 59
16 92
16 62
16 21
16 185
16 6
16 85
16 138
16 169
16 40
16 121
16 43
16 119
16 115
16 104
16 53
16 161
16 10
16 184
16 113
16 151
16 141
16 95
16 127
16 22
16 36
16 152
16 15
16 177
16 188
16 89
16 87
17 64
17 49
17 29
17 65
17 10
17 78
17 55
17 184
17 168
17 164
17 16
17 155
17 57
17 167
17 138
17 106
17 63
17 101
17 156
17 118
17 144
17 130
17 66
17 171
17 86
17 94
17 127
17 163
17 74
17 97
17 178
17 140
17 43
17 11
17 137
17 159
17 85
17 34
17 147
17 134
17 110
17 53
17 128
17 71
17 166
17 47
17 190
17 175
17 2
17 80
17 73
17 98
17 46
17 119
17 158
17 42
17 129
17 54
18 75
18 118
18 56
18 47
18 134
18 62
18 84
18 76
18 38
18 20
18 45
18 15
18 176
18 167
18 17
18 132
18 58
18 3
18 79
18 168
18 90
18 19
18 29
18 35
18 125
18 111
18 43
18 144
18 121
18 64
18 77
18 92
18 26
18 105
18 112
18 85
18 73
18 54
18 60
18 172
18 101
18 160
18 139
18 104
18 5
18 163
18 33
18 169
18 162
18 136
18 108
18 36
18 146
18 123
18 12
18 124
18 143
18 122
19 40
19 129
19 55
19 147
19 45
19 57
19 21
19 48
19 137
19 62
19 29
19 120
19 80
19 141
19 168
19 77
19 86
19 146
19 134
19 49
19 85
19 34
19 151
19 175
19 172
19 98
19 26
19 190
19 65
19 176
19 82
19 58
19 186
19 87
19 131
19 118
19 93
19 73
19 178
19 89
19 159
19 30
19 36
19 101
19 69
19 106
19 84
19 149
19 22
19 99
19 53
19 88
19 97
19 177
19 32
19 1
19 121
19 78
20 93
20 56
20 16
20 57
20 126
20 62
20 134
20 100
20 104
20 98
20 67
20 128
20 32
20 78
20 106
20 48
20 75
20 14
20 26
20 30
20 114
20 166
20 118
20 177
20 80
20 3
20 131
20 23
20 96
20 44
20 190
20 39
20 180
20 81
20 52
20 66
20 71
20 53
20 2
20 159
20 45
20 77
20 167
20 149
20 173
20 160
20 133
20 11
20 113
20 88
20 163
20 124
20 37
20 1
20 59
20 115
20 140
20 120
20 152
21 165
21 27
21 35
21 104
21 60
21 170
21 9
21 129
21 156
21 34
21 184
21 163
21 10
21 177
21 53
21 190
21 32
21 149
21 103
21 37
21 151
21 99
21 107
21 175
21 50
21 23
21 162
21 86
21 167
21 121
21 75
21 174
21 18
21 31
21 44
21 79
21 3
21 161
21 7
21 11
21 118
21 38
21 33
21 96
21 150
21 68
21 45
21 6
21 57
21 126
21 81
21 125
21 102
21 71
22 77
22 111
22 50
22 102
22 130
22 9
22 81
22 21
22 116
22 30
22 42
22 88
22 59
22 139
22 49
22 83
22 108
22 56
22 99
22 190
22 138
22 40
22 159
22 147
22 181
22 62
22 43
22 182
22 70
22 163
22 24
22 109
22 48
22 84
22 131
22 189
22 73
22 167
22 115
22 152
22 58
22 166
22 155
22 114
22 69
22 96
22 136
22 53
22 46
22 54
22 38
22 134
22 52
22 78
22 34
23 29
23 142
23 173
23 38
23 98
23 176
23 85
23 24
23 164
23 188
23 88
23 182
23 57
23 62
23 151
23 11
23 73
23 128
23 36
23 5
23 63
23 72
23 100
23 26
23 112
23 66
23 46
23 6
23 161
23 96
23 41
23 108
23 147
23 133
23 153
23 185
23 184
23 81
23 58
23 118
23 135
23 179
23 84
23 156
23 116
23 117
23 19
23 59
23 172
23 190
23 122
23 45
23 43
23 37
23 132
23 146
23 104
23 40
24 5
24 169
24 171
24 166
24 181
24 69
24 77
24 37
24 158
24 55
24 130
24 6
24 84
24 101
24 143
24 92
24 81
24 168
24 95
24 19
24 160
24 132
24 42
24 3
24 152
24 61
24 79
24 177
24 74
24 124
24 133
24 141
24 47
24 17
24 72
24 147
24 174
24 123
24 110
24 164
24 183
24 21
24 29
24 63
24 9
24 11
24 91
24 170
24 180
24 66
24 163
24 35
24 107
24 153
24 60
24 116
25 28
25 45
25 3
25 152
25 120
25 166
25 63
25 47
25 148
25 81
25 54
25 95
25 17
25 51
25 118
25 99
25 27
25 80
25 128
25 6
25 8
25 26
25 179
25 162
25 140
25 70
25 41
25 61
25 58
25 127
25 73
25 149
25 29
25 182
25 135
25 83
25 188
25 62
25 116
25 164
25 126
25 33
25 16
25 153
25 23
25 115
25 94
25 72
25 173
25 189
25 48
25 42
25 36
25 156
25 39
25 105
26 106
26 154
26 41
26 112
26 73
26 64
26 77
26 124
26 138
26 89
26 62
26 58
26 69
26 190
26 130
26 158
26 65
26 157
26 173
26 35
26 97
26 102
26 117
26 91
26 39
26 57
26 49
26 86
26 150
26 16
26 24
26 52
26 34
26 80
26 156
26 179
26 180
26 22
26 110
26 145
26 61
26 188
26 162
26 54
26 159
26 181
26 183
26 101
26 9
26 48
26 123
26 176
26 1
26 122
26 118
26 119
26 133
26 66
26 13
27 56
27 149
27 48
27 94
27 167
27 132
27 186
27 157
27 69
27 40
27 14
27 16
27 35
27 59
27 58
27 88
27 127
27 155
27 173
27 44
27 61
27 158
27 10
27 166
27 60
27 159
27 189
27 109
27 181
27 138
27 6
27 182
27 15
27 19
27 103
27 112
27 77
27 145
27 123
27 26
27 135
27 53
27 153
27 161
27 47
27 57
27 180
27 84
27 18
27 33
27 116
27 165
27 24
27 32
27 73
27 38
28 103
28 63
28 26
28 171
28 188
28 77
28 166
28 97
28 124
28 85
28 114
28 121
28 24
28 175
28 48
28 31
28 134
28 18
28 146
28 14
28 89
28 129
28 122
28 81
28 154
28 153
28 10
28 111
28 92
28 90
28 61
28 27
28 36
28 113
28 176
28 51
28 140
28 30
28 74
28 105
28 94
28 19
28 161
28 88
28 21
28 96
28 149
28 38
28 174
28 79
28 156
28 83
28 130
29 176
29 4
29 34
29 98
29 120
29 114
29 188
29 128
29 50
29 136
29 123
29 145
29 78
29 165
29 187
29 143
29 43
29 168
29 140
29 27
29 108
29 182
29 115
29 81
29 160
29 151
29 3
29 59
29 122
29 68
29 10
29 150
29 16
29 111
29 20
29 100
29 174
29 135
29 189
29 79
29 72
29 158
29 93
29 32
29 15
29 163
29 139
29 44
29 47
29 126
29 101
29 94
29 146
29 1
30 146
30 189
30 1
30 112
30 86
30 6
30 49
30 116
30 64
30 7
30 70
30 67
30 134
30 174
30 148
30 90
30 122
30 94
30 183
30 168
30 150
30 164
30 95
30 173
30 96
30 185
30 61
30 5
30 73
30 43
30 169
30 102
30 72
30 34
30 27
30 181
30 159
30 100
30 37
30 144
30 188
30 77
30 25
30 127
30 11
30 114
30 135
30 56
30 9
30 23
30 180
30 39
30 101
30 91
30 24
30 125
30 74
30 65
30 15
30 69
31 88
31 155
31 154
31 1
31 120
31 119
31 6
31 4
31 23
31 99
31 145
31 109
31 45
31 2
31 24
31 22
31 144
31 55
31 151
31 71
31 106
31 159
31 66
31 79
31 112
31 48
31 62
31 36
31 58
31 14
31 137
31 78
31 59
31 143
31 113
31 46
31 19
31 57
31 121
31 142
31 178
31 26
31 72
31 140
31 139
31 131
31 60
31 5
31 53
31 98
31 39
31 129
31 133
31 169
31 69
32 18
32 177
32 28
32 26
32 171
32 31
32 23
32 67
32 149
32 4
32 60
32 51
32 59
32 135
32 173
32 70
32 41
32 141
32 17
32 136
32 3
32 45
32 46
32 106
32 114
32 166
32 168
32 100
32 5
32 157
32 36
32 39
32 132
32 76
32 160
32 82
32 80
32 113
32 155
32 123
32 129
32 94
32 124
32 96
32 53
32 69
32 14
32 176
32 38
32 159
32 83
32 84
32 73
32 116
32 145
32 137
32 130
33 17
33 166
33 70
33 122
33 169
33 52
33 184
33 14
33 96
33 153
33 174
33 177
33 187
33 171
33 86
33 74
33 41
33 83
33 99
33 159
33 11
33 30
33 126
33 185
33 181
33 31
33 125
33 154
33 142
33 16
33 32
33 144
33 158
33 34
33 134
33 5
33 149
33 2
33 168
33 175
33 133
33 24
33 178
33 13
33 40
33 110
33 66
33 131
33 15
33 53
33 88
33 63
33 76
33 109
34 68
34 39
34 108
34 91
34 4
34 13
34 99
34 15
34 40
34 12
34 112
34 25
34 66
34 111
34 130
34 88
34 24
34 166
34 136
34 120
34 9
34 128
34 159
34 32
34 176
34 1
34 50
34 162
34 47
34 122
34 36
34 175
34 69
34 23
34 70
34 184
34 150
34 144
34 87
34 78
34 7
34 147
34 46
34 56
34 127
34 148
34 173
34 82
34 140
34 35
34 55
34 60
34 106
34 73
34 86
34 80
34 98
34 119
34 138
34 38
34 180
35 81
35 153
35 175
35 149
35 88
35 53
35 125
35 172
35 31
35 99
35 3
35 23
35 141
35 178
35 180
35 91
35 179
35 36
35 33
35 41
35 58
35 20
35 146
35 177
35 94
35 30
35 57
35 137
35 135
35 51
35 61
35 39
35 43
35 139
35 155
35 118
35 46
35 2
35 52
35 50
35 152
35 103
35 173
35 56
35 71
35 78
35 116
35 79
35 54
35 176
35 75
35 89
35 143
35 64
35 109
35 186
36 43
36 156
36 162
36 92
36 177
36 170
36 39
36 5
36 87
36 158
36 83
36 123
36 56
36 15
36 70
36 188
36 1
36 131
36 85
36 37
36 59
36 122
36 121
36 152
36 190
36 33
36 17
36 3
36 146
36 38
36 150
36 67
36 41
36 9
36 173
36 44
36 52
36 175
36 47
36 4
36 110
36 142
36 21
36 164
36 7
36 49
36 57
36 153
36 72
36 124
36 140
36 169
36 183
36 186
36 106
37 14
37 89
37 114
37 18
37 64
37 68
37 125
37 139
37 97
37 100
37 157
37 159
37 111
37 31
37 42
37 140
37 149
37 123
37 79
37 101
37 32
37 57
37 44
37 82
37 91
37 12
37 131
37 28
37 90
37 183
37 11
37 83
37 56
37 127
37 126
37 10
37 137
37 170
37 167
37 35
37 187
37 119
37 61
37 189
37 76
37 118
37 107
37 74
37 43
37 129
37 69
37 134
37 113
37 7
37 146
37 163
37 9
37 41
37 185
37 179
37 49
37 178
37 2
38 26
38 161
38 8
38 188
38 180
38 70
38 56
38 154
38 129
38 111
38 94
38 146
38 30
38 190
38 159
38 99
38 62
38 102
38 79
38 114
38 140
38 73
38 92
38 164
38 82
38 65
38 183
38 168
38 59
38 104
38 47
38 91
38 86
38 141
38 107
38 71
38 117
38 133
38 127
38 106
38 83
38 51
38 130
38 171
38 122
38 78
38 175
38 144
38 181
38 4
38 97
38 19
38 64
38 108
38 45
38 185
38 98
38 31
38 155
38 179
39 151
39 29
39 38
39 177
39 45
39 137
39 81
39 48
39 75
39 21
39 84
39 176
39 165
39 68
39 179
39 187
39 8
39 98
39 46
39 115
39 17
39 157
39 74
39 60
39 18
39 28
39 182
39 90
39 51
39 16
39 107
39 167
39 52
39 144
39 59
39 5
39 78
39 116
39 190
39 175
39 71
39 135
39 164
39 172
39 88
39 161
39 154
39 19
39 1
39 120
39 102
39 128
39 49
39 100
39 170
39 129
39 65
40 138
40 99
40 42
40 82
40 11
40 8
40 91
40 164
40 129
40 106
40 141
40 89
40 137
40 130
40 102
40 103
40 115
40 59
40 139
40 184
40 39
40 158
40 29
40 166
40 46
40 36
40 77
40 145
40 181
40 116
40 156
40 24
40 179
40 21
40 86
40 10
40 150
40 126
40 26
40 128
40 65
40 125
40 122
40 58
40 127
40 52
40 18
40 105
40 165
40 107
40 114
40 95
40 100
40 71
40 142
40 148
40 75
40 149
41 105
41 28
41 2
41 95
41 11
41 124
41 15
41 79
41 91
41 82
41 49
41 46
41 118
41 167
41 143
41 78
41 119
41 31
41 137
41 19
41 68
41 55
41 17
41 153
41 21
41 39
41 159
41 134
41 171
41 45
41 18
41 125
41 96
41 24
41 177
41 156
41 174
41 83
41 64
41 102
41 155
41 154
41 141
41 98
41 117
41 135
41 152
41 44
41 53
41 103
41 34
41 58
41 89
41 175
41 160
41 111
41 52
42 177
42 56
42 163
42 188
42 28
42 55
42 146
42 118
42 156
42 83
42 132
42 47
42 164
42 10
42 67
42 107
42 46
42 122
42 7
42 18
42 104
42 91
42 182
42 160
42 30
42 2
42 98
42 93
42 32
42 125
42 72
42 157
42 74
42 108
42 26
42 137
42 110
42 60
42 179
42 44
42 87
42 33
42 53
42 159
42 68
42 149
42 51
42 176
42 15
42 111
42 14
42 151
42 180
42 129
42 123
42 34
42 106
42 79
42 50
43 147
43 64
43 188
43 167
43 62
43 105
43 187
43 52
43 95
43 86
43 148
43 80
43 44
43 40
43 168
43 34
43 56
43 33
43 161
43 163
43 114
43 50
43 12
43 94
43 165
43 179
43 65
43 93
43 32
43 143
43 136
43 27
43 68
43 111
43 118
43 146
43 20
43 77
43 180
43 9
43 53
43 132
43 153
43 152
43 66
43 183
43 176
43 155
43 181
43 145
43 119
43 103
43 109
43 112
43 13
43 117
43 39
43 14
43 171
43 61
44 69
44 31
44 28
44 4
44 103
44 146
44 131
44 39
44 167
44 82
44 73
44 124
44 71
44 52
44 121
44 140
44 67
44 156
44 40
44 177
44 81
44 10
44 5
44 30
44 149
44 148
44 17
44 47
44 72
44 111
44 187
44 163
44 123
44 152
44 56
44 190
44 38
44 138
44 12
44 126
44 83
44 91
44 80
44 106
44 168
44 169
44 157
44 24
44 96
44 1
44 175
44 142
44 33
44 144
44 132
44 164
44 183
44 139
44 35
44 120
44 22
44 153
44 180
45 12
45 76
45 172
45 57
45 36
45 114
45 155
45 143
45 6
45 30
45 121
45 37
45 111
45 15
45 183
45 161
45 134
45 44
45 33
45 52
45 187
45 34
45 93
45 5
45 116
45 106
45 7
45 62
45 176
45 35
45 130
45 24
45 97
45 72
45 63
45 168
45 142
45 127
45 150
45 17
45 132
45 154
45 178
45 151
45 11
45 59
45 102
45 48
45 101
45 8
45 110
45 189
45 160
45 43
45 69
46 180
46 134
46 24
46 106
46 88
46 29
46 27
46 37
46 166
46 167
46 5
46 141
46 79
46 113
46 61
46 89
46 11
46 9
46 182
46 8
46 73
46 14
46 139
46 74
46 183
46 144
46 99
46 10
46 70
46 51
46 98
46 164
46 105
46 103
46 38
46 100
46 21
46 54
46 47
46 150
46 67
46 174
46 28
46 128
46 36
46 163
46 129
46 2
46 137
46 87
46 13
46 83
46 91
46 149
46 86
47 131
47 174
47 37
47 181
47 160
47 152
47 118
47 1
47 86
47 109
47 45
47 186
47 85
47 33
47 72
47 23
47 150
47 185
47 108
47 120
47 105
47 175
47 137
47 114
47 167
47 74
47 129
47 21
47 32
47 156
47 20
47 76
47 55
47 116
47 53
47 126
47 190
47 153
47 161
47 135
47 48
47 41
47 87
47 172
47 43
47 146
47 124
47 13
47 121
47 30
47 154
47 9
47 180
47 66
47 60
47 130
47 89
47 78
47 8
48 162
48 95
48 43
48 9
48 58
48 130
48 178
48 67
48 23
48 44
48 75
48 17
48 111
48 129
48 69
48 30
48 174
48 154
48 56
48 173
48 94
48 41
48 132
48 144
48 80
48 141
48 126
48 153
48 167
48 171
48 2
48 106
48 6
48 148
48 142
48 151
48 118
48 51
48 88
48 71
48 59
48 18
48 97
48 29
48 172
48 21
48 156
48 125
48 143
48 150
48 115
48 52
48 32
48 124
48 93
48 1
49 129
49 112
49 96
49 78
49 127
49 171
49 79
49 3
49 25
49 45
49 111
49 28
49 153
49 172
49 125
49 73
49 134
49 35
49 42
49 63
49 131
49 161
49 183
49 88
49 38
49 143
49 133
49 140
49 169
49 62
49 189
49 86
49 68
49 107
49 21
49 150
49 40
49 72
49 149
49 70
49 132
49 11
49 182
49 163
49 87
49 108
49 154
49 23
49 57
49 74
49 33
49 24
49 1
49 31
49 5
49 18
49 159
49 109
49 6
49 54
49 164
49 110
50 82
50 89
50 129
50 39
50 2
50 92
50 126
50 13
50 138
50 150
50 88
50 30
50 87
50 97
50 24
50 137
50 180
50 118
50 36
50 78
50 174
50 47
50 5
50 91
50 158
50 31
50 105
50 151
50 15
50 160
50 33
50 128
50 147
50 141
50 37
50 38
50 20
50 12
50 190
50 162
50 51
50 122
50 132
50 16
50 8
50 140
50 110
50 45
50 114
50 54
50 156
50 10
50 17
51 189
51 36
51 62
51 143
51 115
51 138
51 44
51 95
51 141
51 100
51 52
51 20
51 133
51 184
51 134
51 117
51 132
51 31
51 175
51 183
51 186
51 87
51 8
51 72
51 149
51 130
51 41
51 15
51 76
51 40
51 108
51 11
51 98
51 89
51 151
51 2
51 47
51 18
51 111
51 12
51 168
51 174
51 59
51 178
51 173
51 187
51 109
51 101
51 128
51 180
51 64
51 19
51 139
51 83
51 33
51 137
52 94
52 185
52 121
52 63
52 137
52 164
52 100
52 170
52 17
52 49
52 126
52 189
52 96
52 102
52 92
52 37
52 177
52 64
52 157
52 101
52 113
52 89
52 180
52 128
52 50
52 129
52 175
52 32
52 144
52 111
52 12
52 156
52 130
52 3
52 27
52 53
52 133
52 181
52 70
52 139
52 68
52 46
52 190
52 23
52 120
52 123
52 85
52 34
52 28
52 124
52 76
52 8
52 97
52 87
52 25
53 135
53 103
53 159
53 77
53 143
53 118
53 78
53 37
53 166
53 2
53 15
53 171
53 116
53 14
53 113
53 74
53 148
53 168
53 141
53 152
53 109
53 65
53 25
53 95
53 119
53 153
53 190
53 28
53 38
53 83
53 163
53 184
53 36
53 105
53 126
53 89
53 40
53 71
53 63
53 120
53 23
53 100
53 182
53 29
53 4
53 88
53 156
53 132
53 133
53 155
53 111
53 102
53 45
53 81
53 140
53 150
53 139
53 9
53 180
54 66
54 147
54 37
54 166
54 40
54 102
54 20
54 7
54 185
54 75
54 39
54 23
54 109
54 9
54 181
54 175
54 30
54 142
54 64
54 69
54 164
54 27
54 3
54 19
54 97
54 5
54 136
54 178
54 119
54 125
54 111
54 189
54 6
54 96
54 53
54 116
54 134
54 12
54 72
54 87
54 65
54 188
54 31
54 24
54 85
54 129
54 127
54 82
54 67
54 117
54 176
54 118
54 47
54 149
54 15
55 174
55 144
55 33
55 63
55 97
55 131
55 128
55 56
55 40
55 130
55 112
55 182
55 79
55 157
55 176
55 28
55 27
55 124
55 109
55 118
55 52
55 153
55 122
55 141
55 36
55 64
55 23
55 46
55 187
55 127
55 4
55 84
55 20
55 98
55 140
55 65
55 160
55 101
55 75
55 30
55 91
55 22
55 38
55 49
55 163
55 113
55 21
55 125
55 53
55 71
55 77
55 119
56 136
56 138
56 100
56 137
56 162
56 47
56 176
56 103
56 146
56 172
56 61
56 122
56 41
56 181
56 190
56 140
56 155
56 14
56 31
56 93
56 164
56 15
56 25
56 105
56 141
56 89
56 49
56 5
56 178
56 171
56 7
56 108
56 83
56 124
56 96
56 92
56 135
56 127
56 157
56 81
56 86
56 167
56 145
56 132
56 128
56 8
56 90
56 21
56 80
56 26
56 64
56 125
56 65
56 112
56 175
57 9
57 170
57 70
57 85
57 127
57 60
57 1
57 92
57 123
57 72
57 5
57 152
57 40
57 54
57 144
57 52
57 38
57 184
57 43
57 131
57 119
57 46
57 42
57 174
57 160
57 162
57 132
57 11
57 10
57 44
57 86
57 56
57 39
57 163
57 114
57 153
57 59
57 94
57 68
57 100
57 180
57 169
57 110
57 115
57 142
57 84
57 63
57 32
57 28
57 178
57 157
57 147
57 82
57 117
57 65
57 74
58 119
58 189
58 102
58 93
58 104
58 79
58 10
58 169
58 166
58 144
58 131
58 125
58 163
58 151
58 39
58 42
58 107
58 11
58 111
58 160
58 47
58 65
58 176
58 4
58 33
58 52
58 174
58 128
58 20
58 186
58 143
58 64
58 149
58 188
58 155
58 34
58 167
58 170
58 38
58 87
58 54
58 69
58 53
58 99
58 109
58 45
58 12
58 97
58 3
58 179
58 70
58 57
58 127
58 120
58 2
58 94
58 121
58 68
58 81
58 145
58 67
59 61
59 99
59 19
59 80
59 71
59 152
59 2
59 145
59 55
59 101
59 176
59 102
59 172
59 37
59 160
59 63
59 121
59 44
59 34
59 62
59 118
59 95
59 139
59 67
59 177
59 109
59 50
59 129
59 171
59 64
59 43
59 111
59 46
59 49
59 113
59 52
59 130
59 25
59 82
59 90
59 105
59 94
59 91
59 154
59 146
59 117
59 54
59 42
59 87
59 15
59 13
59 175
59 35
59 153
59 179
59 69
59 17
59 75
60 74
60 52
60 190
60 102
60 50
60 154
60 148
60 161
60 174
60 167
60 169
60 145
60 22
60 64
60 46
60 130
60 108
60 23
60 20
60 72
60 129
60 173
60 153
60 131
60 172
60 181
60 51
60 114
60 49
60 25
60 117
60 97
60 170
60 45
60 183
60 80
60 95
60 33
60 96
60 78
60 35
60 186
60 29
60 98
60 3
60 53
60 84
60 115
60 26
60 19
60 103
60 5
60 7
60 37
60 106
60 93
60 104
60 116
60 73
60 16
61 182
61 99
61 55
61 189
61 126
61 131
61 94
61 90
61 159
61 31
61 70
61 115
61 19
61 21
61 173
61 80
61 67
61 62
61 75
61 87
61 119
61 42
61 69
61 160
61 104
61 4
61 74
61 107
61 109
61 17
61 53
61 51
61 129
61 9
61 174
61 175
61 45
61 41
61 14
61 8
61 7
61 33
61 180
61 128
61 66
61 60
61 40
61 179
61 83
61 84
61 112
61 92
61 188
61 48
61 166
61 18
61 78
61 58
61 141
61 13
61 106
61 113
62 34
62 146
62 190
62 65
62 58
62 139
62 71
62 164
62 125
62 169
62 48
62 126
62 121
62 161
62 12
62 123
62 157
62 154
62 178
62 112
62 108
62 87
62 128
62 175
62 80
62 60
62 116
62 1
62 3
62 95
62 89
62 8
62 180
62 110
62 33
62 162
62 101
62 103
62 30
62 77
62 100
62 35
62 174
62 145
62 21
62 47
62 109
62 141
62 86
62 54
62 188
62 156
62 127
62 57
62 75
62 99
62 74
62 94
62 44
63 78
63 152
63 19
63 34
63 10
63 185
63 93
63 133
63 56
63 110
63 50
63 139
63 170
63 74
63 1
63 47
63 39
63 92
63 143
63 3
63 32
63 81
63 69
63 128
63 21
63 73
63 22
63 12
63 134
63 48
63 8
63 138
63 122
63 144
63 20
63 112
63 37
63 130
63 60
63 30
63 106
63 41
63 16
63 105
63 117
63 189
63 44
63 116
63 40
63 156
63 58
63 42
63 142
63 82
63 182
63 54
63 51
63 160
64 73
64 159
64 82
64 89
64 150
64 138
64 185
64 1
64 114
64 28
64 145
64 172
64 101
64 11
64 97
64 161
64 103
64 2
64 34
64 53
64 22
64 45
64 188
64 8
64 173
64 70
64 42
64 153
64 167
64 19
64 143
64 87
64 117
64 148
64 92
64 3
64 151
64 149
64 171
64 107
64 61
64 12
64 176
64 144
64 47
64 189
64 132
64 147
64 182
64 106
64 66
64 57
64 165
64 110
64 133
64 44
64 39
65 83
65 125
65 51
65 99
65 18
65 146
65 123
65 42
65 70
65 93
65 164
65 29
65 23
65 47
65 101
65 20
65 49
65 128
65 118
65 33
65 14
65 147
65 154
65 158
65 35
65 75
65 100
65 36
65 169
65 155
65 90
65 166
65 92
65 66
65 151
65 180
65 167
65 67
65 32
65 188
65 34
65 134
65 185
65 94
65 103
65 11
65 27
65 13
65 46
65 182
65 63
65 84
65 130
65 60
65 163
65 69
65 7
65 25
66 141
66 46
66 49
66 158
66 119
66 12
66 143
66 36
66 177
66 72
66 186
66 39
66 169
66 7
66 92
66 51
66 59
66 175
66 76
66 55
66 183
66 40
66 91
66 103
66 117
66 144
66 160
66 70
66 97
66 101
66 22
66 27
66 173
66 109
66 83
66 132
66 19
66 73
66 10
66 153
66 116
66 44
66 180
66 124
66 162
66 30
66 69
66 38
66 184
66 125
66 140
66 155
66 110
66 139
67 152
67 132
67 102
67 186
67 53
67 82
67 15
67 47
67 173
67 29
67 60
67 133
67 130
67 13
67 50
67 94
67 111
67 96
67 12
67 92
67 116
67 144
67 137
67 117
67 121
67 110
67 156
67 64
67 127
67 178
67 87
67 119
67 76
67 56
67 33
67 35
67 98
67 52
67 149
67 26
67 51
67 78
67 120
67 80
67 28
67 99
67 17
67 183
67 124
67 66
67 49
67 177
67 79
67 83
67 95
67 114
67 70
68 76
68 153
68 55
68 105
68 80
68 134
68 123
68 24
68 60
68 16
68 129
68 3
68 157
68 66
68 104
68 125
68 8
68 164
68 169
68 190
68 118
68 40
68 114
68 30
68 44
68 22
68 61
68 150
68 25
68 77
68 20
68 48
68 59
68 130
68 51
68 138
68 176
68 87
68 23
68 151
68 175
68 119
68 14
68 85
68 4
68 7
68 141
68 35
68 36
68 88
68 173
68 64
68 133
68 9
68 145
68 62
68 155
69 4
69 46
69 174
69 16
69 43
69 136
69 159
69 179
69 70
69 147
69 41
69 150
69 42
69 126
69 11
69 112
69 47
69 184
69 151
69 85
69 68
69 92
69 51
69 170
69 1
69 154
69 180
69 29
69 40
69 18
69 10
69 86
69 101
69 55
69 125
69 145
69 83
69 117
69 128
69 5
69 64
69 23
69 186
69 87
69 110
69 95
69 78
69 133
69 20
69 118
69 2
69 175
69 50
69 132
69 176
69 57
69 79
69 9
70 124
70 129
70 45
70 53
70 150
70 165
70 148
70 177
70 137
70 11
70 152
70 14
70 138
70 183
70 21
70 17
70 37
70 50
70 1
70 55
70 7
70 68
70 85
70 12
70 82
70 4
70 140
70 97
70 149
70 157
70 104
70 62
70 13
70 156
70 24
70 19
70 6
70 111
70 114
70 20
70 161
70 180
70 79
70 18
70 90
70 81
70 74
70 110
70 170
70 9
70 126
70 44
70 130
70 119
70 176
70 146
70 73
71 32
71 30
71 13
71 112
71 155
71 37
71 51
71 45
71 47
71 117
71 99
71 169
71 142
71 95
71 143
71 187
71 120
71 92
71 133
71 19
71 103
71 125
71 100
71 163
71 68
71 111
71 66
71 69
71 147
71 23
71 65
71 50
71 184
71 181
71 9
71 127
71 176
71 175
71 149
71 60
71 94
71 61
71 153
71 52
71 101
71 36
71 150
71 29
71 138
71 170
71 83
71 7
71 80
71 121
71 74
72 67
72 190
72 134
72 147
72 172
72 98
72 19
72 93
72 119
72 136
72 135
72 163
72 83
72 28
72 5
72 107
72 160
72 15
72 65
72 176
72 17
72 96
72 46
72 139
72 73
72 38
72 115
72 117
72 64
72 164
72 106
72 84
72 145
72 76
72 26
72 37
72 105
72 41
72 55
72 7
72 32
72 127
72 158
72 91
72 48
72 152
72 74
72 162
72 14
72 138
72 69
72 52
72 133
72 71
72 70
72 168
72 4
72 157
73 126
73 86
73 74
73 50
73 36
73 121
73 2
73 31
73 42
73 3
73 21
73 124
73 107
73 52
73 97
73 161
73 157
73 170
73 110
73 37
73 123
73 144
73 79
73 56
73 45
73 40
73 98
73 145
73 51
73 139
73 80
73 88
73 116
73 39
73 131
73 125
73 151
73 94
73 43
73 68
73 122
73 147
73 190
73 169
73 138
73 130
73 153
73 183
73 149
73 41
73 118
73 166
73 93
73 150
73 113
73 182
73 11
73 179
73 24
73 128
73 134
74 139
74 173
74 178
74 54
74 137
74 81
74 96
74 170
74 97
74 31
74 56
74 169
74 59
74 65
74 105
74 82
74 100
74 162
74 45
74 153
74 106
74 174
74 168
74 32
74 160
74 186
74 88
74 93
74 179
74 76
74 34
74 158
74 176
74 126
74 14
74 90
74 8
74 78
74 58
74 150
74 55
74 23
74 1
74 111
74 148
74 131
74 51
74 43
74 102
74 110
74 87
74 117
74 3
74 29
74 128
74 185
74 68
74 77
75 108
75 99
75 87
75 33
75 124
75 17
75 28
75 44
75 181
75 30
75 13
75 170
75 132
75 73
75 123
75 3
75 95
75 5
75 101
75 47
75 22
75 66
75 117
75 143
75 31
75 112
75 138
75 78
75 72
75 90
75 164
75 186
75 120
75 100
75 146
75 43
75 180
75 171
75 177
75 176
75 189
75 68
75 26
75 80
75 37
75 175
75 159
75 157
75 142
75 135
76 101
76 7
76 19
76 84
76 70
76 25
76 75
76 65
76 16
76 80
76 3
76 62
76 42
76 163
76 162
76 117
76 10
76 158
76 151
76 40
76 82
76 12
76 188
76 56
76 34
76 22
76 153
76 146
76 30
76 36
76 11
76 112
76 170
76 145
76 88
76 29
76 122
76 106
76 1
76 99
76 176
76 73
76 154
76 59
76 93
76 48
76 171
76 95
77 38
77 56
77 106
77 35
77 139
77 175
77 177
77 94
77 44
77 2
77 47
77 13
77 185
77 172
77 140
77 95
77 141
77 105
77 135
77 100
77 121
77 66
77 126
77 46
77 80
77 49
77 123
77 70
77 69
77 61
77 162
77 145
77 16
77 93
77 164
77 3
77 190
77 159
77 84
77 167
77 156
77 25
77 174
77 67
77 96
77 144
77 154
77 31
77 89
77 118
77 71
78 80
78 132
78 184
78 154
78 143
78 23
78 94
78 179
78 6
78 3
78 157
78 70
78 72
78 91
78 165
78 58
78 124
78 44
78 7
78 4
78 43
78 36
78 187
78 151
78 115
78 97
78 25
78 1
78 171
78 186
78 125
78 26
78 182
78 140
78 104
78 32
78 28
78 146
78 16
78 141
78 153
78 109
78 122
78 68
78 162
78 57
78 37
78 99
78 183
78 71
78 95
78 126
78 54
78 161
78 180
78 123
79 150
79 116
79 64
79 157
79 162
79 45
79 86
79 56
79 92
79 189
79 115
79 19
79 40
79 82
79 51
79 122
79 118
79 182
79 108
79 148
79 131
79 76
79 85
79 39
79 72
79 63
79 179
79 146
79 52
79 27
79 15
79 94
79 133
79 12
79 32
79 90
79 181
79 62
79 111
79 186
79 124
79 98
79 99
79 178
79 91
79 140
79 144
79 61
79 142
79 165
79 77
79 105
79 36
79 139
79 110
79 78
79 30
79 97
80 57
80 64
80 126
80 99
80 183
80 120
80 146
80 132
80 117
80 79
80 84
80 138
80 150
80 113
80 178
80 88
80 168
80 3
80 121
80 98
80 9
80 52
80 15
80 100
80 16
80 58
80 85
80 179
80 11
80 30
80 45
80 12
80 83
80 115
80 111
80 65
80 89
80 141
80 134
80 155
80 63
80 6
80 145
80 185
80 38
80 147
80 5
80 49
80 175
80 112
80 109
80 182
80 35
80 42
80 21
81 72
81 96
81 55
81 78
81 177
81 69
81 112
81 99
81 140
81 85
81 54
81 136
81 79
81 14
81 111
81 146
81 180
81 50
81 183
81 179
81 185
81 184
81 12
81 190
81 117
81 153
81 187
81 46
81 94
81 131
81 142
81 80
81 116
81 71
81 162
81 89
81 6
81 32
81 66
81 76
81 182
81 169
81 143
81 30
81 37
81 60
81 108
81 135
81 65
81 1
81 31
81 73
81 157
81 110
81 62
81 100
81 132
81 150
82 31
82 43
82 97
82 85
82 179
82 53
82 185
82 173
82 48
82 165
82 107
82 81
82 58
82 27
82 69
82 104
82 103
82 112
82 26
82 75
82 126
82 167
82 138
82 18
82 21
82 132
82 180
82 25
82 42
82 36
82 139
82 23
82 187
82 68
82 94
82 72
82 89
82 114
82 105
82 106
82 140
82 183
82 51
82 56
82 29
82 156
82 24
82 129
82 62
82 45
82 186
82 113
82 65
82 102
82 121
82 111
82 71
82 148
82 35
82 33
82 12
83 161
83 182
83 117
83 9
83 155
83 131
83 16
83 113
83 45
83 73
83 103
83 140
83 148
83 149
83 116
83 124
83 188
83 60
83 35
83 68
83 174
83 58
83 7
83 185
83 77
83 114
83 144
83 132
83 187
83 90
83 2
83 127
83 165
83 169
83 20
83 151
83 21
83 59
83 178
83 106
83 172
83 75
83 121
83 12
83 55
83 62
83 79
83 50
83 57
83 98
83 54
83 74
83 135
83 88
83 78
83 82
83 125
83 17
83 102
83 177
84 168
84 68
84 163
84 144
84 101
84 36
84 172
84 2
84 63
84 12
84 53
84 14
84 107
84 128
84 59
84 21
84 58
84 50
84 120
84 20
84 47
84 95
84 33
84 51
84 121
84 99
84 190
84 40
84 94
84 124
84 149
84 75
84 38
84 66
84 113
84 82
84 92
84 49
84 11
84 74
84 142
84 28
84 179
84 155
84 127
84 44
84 91
84 71
84 165
84 43
84 1
84 148
84 185
84 15
84 41
84 81
84 56
84 181
84 35
84 79
85 175
85 108
85 96
85 168
85 44
85 160
85 182
85 22
85 171
85 88
85 58
85 148
85 181
85 25
85 134
85 5
85 6
85 109
85 120
85 31
85 115
85 111
85 132
85 15
85 105
85 94
85 154
85 98
85 146
85 165
85 159
85 61
85 178
85 13
85 186
85 7
85 87
85 49
85 125
85 106
85 102
85 41
85 1
85 190
85 72
85 83
85 37
85 62
85 119
85 10
85 2
86 99
86 122
86 54
86 177
86 64
86 162
86 110
86 83
86 1
86 55
86 176
86 48
86 67
86 164
86 29
86 98
86 127
86 184
86 130
86 22
86 9
86 4
86 90
86 32
86 96
86 149
86 145
86 151
86 97
86 77
86 174
86 113
86 156
86 112
86 121
86 51
86 71
86 166
86 50
86 44
86 173
86 10
86 84
86 186
86 31
86 25
86 35
86 171
86 138
86 119
86 95
86 189
86 37
86 66
86 8
86 61
86 148
87 154
87 23
87 132
87 76
87 82
87 66
87 149
87 84
87 111
87 143
87 41
87 31
87 188
87 30
87 88
87 175
87 114
87 176
87 157
87 83
87 77
87 171
87 92
87 44
87 133
87 33
87 6
87 29
87 137
87 73
87 164
87 153
87 80
87 4
87 98
87 27
87 91
87 3
87 184
87 150
87 32
87 53
87 181
87 24
87 8
87 81
87 70
87 138
87 141
87 95
87 102
87 40
87 60
87 22
88 104
88 4
88 21
88 101
88 186
88 79
88 152
88 32
88 60
88 174
88 130
88 124
88 187
88 63
88 40
88 132
88 24
88 175
88 131
88 115
88 41
88 180
88 51
88 42
88 92
88 148
88 161
88 103
88 29
88 81
88 182
88 93
88 109
88 146
88 12
88 119
88 184
88 3
88 71
88 177
88 67
88 185
88 96
88 16
88 129
88 18
88 38
88 6
88 134
88 171
88 70
88 121
88 149
88 5
88 158
88 82
89 109
89 141
89 54
89 139
89 55
89 30
89 68
89 91
89 15
89 9
89 184
89 133
89 34
89 170
89 94
89 66
89 127
89 4
89 65
89 73
89 58
89 140
89 121
89 99
89 100
89 18
89 38
89 147
89 98
89 61
89 180
89 105
89 190
89 144
89 90
89 134
89 70
89 42
89 27
89 17
89 44
89 168
89 21
89 138
89 171
89 49
89 69
89 84
89 124
89 59
89 189
89 113
89 122
89 123
89 149
90 185
90 102
90 49
90 23
90 9
90 188
90 178
90 51
90 103
90 100
90 35
90 77
90 174
90 186
90 21
90 160
90 168
90 156
90 123
90 4
90 108
90 82
90 52
90 73
90 62
90 141
90 135
90 26
90 87
90 125
90 167
90 84
90 187
90 159
90 71
90 63
90 104
90 165
90 129
90 81
90 124
90 57
90 116
90 41
90 11
90 64
90 38
90 88
90 91
90 58
90 36
91 45
91 76
91 98
91 63
91 190
91 168
91 185
91 19
91 172
91 174
91 126
91 189
91 86
91 20
91 29
91 69
91 106
91 179
91 171
91 22
91 25
91 75
91 52
91 158
91 110
91 131
91 148
91 36
91 154
91 54
91 186
91 116
91 173
91 108
91 15
91 77
91 122
91 8
91 10
91 51
91 48
91 31
91 56
91 70
91 145
91 135
91 105
91 57
91 39
91 47
91 177
91 134
91 166
91 71
91 141
91 88
91 21
91 114
91 156
91 143
92 118
92 152
92 96
92 22
92 81
92 106
92 8
92 35
92 20
92 101
92 3
92 47
92 125
92 14
92 164
92 55
92 97
92 49
92 68
92 11
92 44
92 150
92 31
92 89
92 102
92 17
92 158
92 46
92 1
92 123
92 2
92 58
92 139
92 7
92 187
92 98
92 51
92 151
92 163
92 86
92 174
92 189
92 41
92 120
92 142
92 26
92 10
92 147
92 23
92 140
92 39
92 34
92 53
92 25
92 146
92 48
92 160
92 72
93 128
93 35
93 3
93 22
93 62
93 114
93 100
93 167
93 187
93 16
93 49
93 116
93 163
93 160
93 4
93 21
93 162
93 75
93 144
93 66
93 61
93 124
93 103
93 18
93 151
93 110
93 106
93 171
93 87
93 31
93 6
93 148
93 38
93 138
93 112
93 129
93 104
93 166
93 44
93 82
93 98
93 117
93 32
93 181
93 180
93 64
93 17
93 47
93 131
93 5
93 149
93 127
94 190
94 21
94 8
94 86
94 166
94 22
94 101
94 56
94 12
94 64
94 158
94 143
94 93
94 118
94 37
94 33
94 150
94 140
94 3
94 42
94 104
94 169
94 107
94 31
94 157
94 15
94 97
94 26
94 70
94 168
94 14
94 173
94 24
94 90
94 115
94 177
94 76
94 39
94 176
94 132
94 131
94 146
94 23
94 46
94 88
94 50
94 182
94 75
94 54
94 16
94 92
94 47
94 41
94 156
94 40
94 183
94 11
94 91
94 120
95 181
95 26
95 35
95 27
95 180
95 56
95 171
95 52
95 119
95 37
95 149
95 142
95 129
95 182
95 130
95 44
95 34
95 107
95 70
95 184
95 23
95 136
95 131
95 190
95 42
95 21
95 20
95 61
95 6
95 66
95 158
95 137
95 175
95 124
95 45
95 17
95 15
95 54
95 167
95 64
95 58
95 160
95 47
95 166
95 22
95 88
95 13
95 116
95 72
95 7
95 104
95 29
95 46
95 94
95 83
95 165
95 1
95 68
95 33
95 123
96 42
96 180
96 61
96 164
96 24
96 36
96 82
96 122
96 116
96 26
96 55
96 154
96 50
96 65
96 101
96 5
96 135
96 51
96 45
96 142
96 113
96 147
96 99
96 111
96 68
96 11
96 25
96 3
96 134
96 4
96 98
96 178
96 93
96 97
96 167
96 112
96 104
96 76
96 158
96 114
96 131
96 18
96 58
96 130
96 165
96 89
96 17
96 84
96 53
96 166
96 163
96 79
96 16
96 121
96 69
97 137
97 61
97 40
97 109
97 120
97 111
97 116
97 121
97 144
97 49
97 126
97 24
97 154
97 90
97 72
97 174
97 89
97 164
97 43
97 39
97 163
97 185
97 44
97 162
97 8
97 166
97 6
97 77
97 169
97 182
97 108
97 138
97 188
97 4
97 187
97 148
97 36
97 124
97 125
97 178
97 133
97 183
97 117
97 91
97 7
97 65
97 16
97 123
97 13
97 20
97 25
97 118
97 51
97 41
97 84
97 105
98 11
98 124
98 175
98 183
98 78
98 100
98 134
98 110
98 5
98 148
98 188
98 68
98 61
98 24
98 54
98 139
98 129
98 174
98 147
98 53
98 151
98 143
98 88
98 99
98 47
98 179
98 136
98 186
98 62
98 3
98 111
98 105
98 172
98 125
98 63
98 142
98 32
98 161
98 76
98 103
98 58
98 16
98 65
98 30
98 187
98 120
98 168
98 180
98 146
98 66
98 101
98 153
98 173
98 12
98 181
98 13
98 77
98 123
98 82
98 2
98 22
99 130
99 18
99 1
99 107
99 10
99 68
99 17
99 163
99 102
99 161
99 176
99 100
99 37
99 177
99 57
99 27
99 64
99 182
99 72
99 136
99 9
99 43
99 69
99 42
99 93
99 131
99 30
99 39
99 144
99 173
99 168
99 95
99 110
99 165
99 90
99 164
99 13
99 44
99 26
99 104
99 122
99 73
99 74
99 175
99 29
99 187
99 155
99 60
99 28
99 120
99 183
99 3
100 86
100 42
100 102
100 27
100 179
100 110
100 72
100 128
100 33
100 138
100 103
100 13
100 34
100 96
100 2
100 119
100 116
100 132
100 95
100 17
100 113
100 137
100 181
100 12
100 25
100 166
100 83
100 180
100 31
100 78
100 158
100 48
100 9
100 104
100 178
100 159
100 172
100 130
100 147
100 161
100 55
100 18
100 35
100 87
100 63
100 140
100 168
100 49
100 156
100 188
100 6
100 146
100 94
100 91
100 170
100 82
100 190
100 26
100 59
100 44
100 43
100 58
101 15
101 140
101 169
101 144
101 155
101 79
101 175
101 22
101 152
101 31
101 115
101 25
101 60
101 49
101 83
101 58
101 80
101 27
101 100
101 149
101 156
101 93
101 122
101 41
101 161
101 54
101 163
101 57
101 99
101 105
101 104
101 81
101 166
101 109
101 8
101 160
101 11
101 148
101 110
101 103
101 50
101 186
101 151
101 113
101 158
101 2
101 167
101 40
101 74
101 82
101 20
101 85
101 12
102 70
102 19
102 86
102 146
102 106
102 29
102 159
102 72
102 179
102 48
102 132
102 155
102 160
102 20
102 35
102 121
102 137
102 168
102 165
102 88
102 161
102 69
102 95
102 49
102 143
102 7
102 33
102 94
102 84
102 44
102 136
102 184
102 142
102 139
102 169
102 6
102 14
102 110
102 93
102 162
102 63
102 166
102 23
102 183
102 55
102 12
102 135
102 133
102 62
102 91
102 145
102 98
102 34
102 51
103 183
103 124
103 55
103 114
103 105
103 37
103 51
103 61
103 12
103 73
103 10
103 18
103 7
103 162
103 34
103 134
103 108
103 63
103 116
103 76
103 20
103 104
103 144
103 185
103 8
103 189
103 168
103 91
103 169
103 118
103 139
103 11
103 129
103 145
103 49
103 79
103 67
103 14
103 77
103 142
103 39
103 106
103 138
103 146
103 26
103 30
103 6
103 5
103 42
103 74
103 31
103 143
103 186
103 58
103 69
103 78
104 110
104 27
104 135
104 169
104 142
104 6
104 137
104 107
104 31
104 83
104 7
104 29
104 112
104 143
104 176
104 114
104 74
104 181
104 109
104 44
104 35
104 141
104 132
104 190
104 180
104 30
104 63
104 184
104 163
104 125
104 64
104 50
104 121
104 49
104 182
104 62
104 89
104 98
104 185
104 102
104 8
104 116
104 174
104 72
104 170
104 75
104 173
104 40
104 133
104 139
104 91
104 127
104 65
104 67
104 154
104 77
105 49
105 140
105 128
105 3
105 11
105 36
105 138
105 38
105 83
105 22
105 17
105 32
105 1
105 118
105 51
105 99
105 16
105 165
105 132
105 111
105 31
105 158
105 80
105 181
105 94
105 157
105 34
105 9
105 161
105 86
105 154
105 81
105 186
105 166
105 45
105 39
105 106
105 55
105 179
105 19
105 124
105 27
105 7
105 66
105 67
105 141
105 136
105 48
105 75
105 61
105 100
105 24
105 185
105 13
105 58
105 112
105 42
105 73
105 12
105 176
105 52
106 133
106 100
106 169
106 28
106 119
106 78
106 189
106 158
106 134
106 57
106 184
106 126
106 54
106 79
106 87
106 101
106 18
106 35
106 188
106 37
106 142
106 176
106 53
106 182
106 116
106 171
106 179
106 47
106 145
106 22
106 29
106 5
106 11
106 98
106 137
106 1
106 84
106 68
106 97
106 146
106 124
106 148
106 177
106 80
106 140
106 89
106 132
106 67
106 165
106 52
106 56
106 166
106 12
106 144
106 112
106 141
106 118
106 114
107 44
107 59
107 175
107 92
107 146
107 45
107 57
107 80
107 108
107 14
107 65
107 154
107 90
107 78
107 109
107 35
107 102
107 75
107 185
107 9
107 54
107 129
107 34
107 32
107 48
107 67
107 51
107 33
107 19
107 16
107 110
107 115
107 25
107 113
107 10
107 62
107 170
107 50
107 93
107 85
107 20
107 6
107 98
107 177
107 101
107 130
107 128
107 63
107 135
107 26
107 56
107 27
107 36
107 88
108 21
108 172
108 57
108 4
108 132
108 6
108 53
108 27
108 160
108 32
108 80
108 121
108 95
108 86
108 11
108 30
108 168
108 28
108 65
108 161
108 177
108 9
108 37
108 39
108 61
108 48
108 112
108 186
108 189
108 50
108 131
108 125
108 127
108 147
108 31
108 68
108 170
108 83
108 96
108 67
108 8
108 124
108 111
108 55
108 165
108 84
108 149
108 7
108 180
108 140
108 46
108 146
108 88
108 128
108 153
108 10
108 66
109 123
109 122
109 154
109 152
109 92
109 16
109 72
109 179
109 136
109 119
109 28
109 71
109 117
109 132
109 73
109 60
109 162
109 100
109 87
109 181
109 25
109 79
109 106
109 129
109 184
109 14
109 76
109 147
109 8
109 64
109 86
109 74
109 98
109 65
109 114
109 108
109 48
109 52
109 19
109 159
109 140
109 120
109 67
109 2
109 103
109 56
109 37
109 186
109 84
109 126
109 174
109 168
109 82
109 155
110 117
110 7
110 153
110 184
110 20
110 25
110 5
110 113
110 34
110 188
110 75
110 43
110 175
110 147
110 106
110 132
110 133
110 84
110 3
110 59
110 161
110 139
110 96
110 130
110 95
110 181
110 135
110 180
110 2
110 31
110 80
110 41
110 140
110 8
110 27
110 94
110 9
110 121
110 136
110 18
110 6
110 155
110 162
110 37
110 190
110 82
110 170
110 166
110 68
110 21
110 182
110 137
110 28
110 123
110 144
111 188
111 164
111 106
111 160
111 159
111 124
111 190
111 47
111 158
111 94
111 175
111 119
111 104
111 176
111 7
111 179
111 32
111 112
111 127
111 187
111 121
111 56
111 91
111 20
111 86
111 9
111 155
111 64
111 39
111 40
111 13
111 6
111 102
111 174
111 148
111 161
111 146
111 189
111 109
111 88
111 95
111 163
111 93
111 167
111 138
111 137
111 14
111 24
111 139
111 63
111 141
111 65
111 75
111 25
111 103
111 19
111 150
111 120
111 21
111 122
111 149
111 152
112 156
112 17
112 59
112 32
112 15
112 157
112 5
112 114
112 181
112 89
112 33
112 127
112 52
112 68
112 46
112 83
112 64
112 188
112 58
112 22
112 37
112 125
112 54
112 100
112 160
112 94
112 1
112 144
112 92
112 97
112 28
112 162
112 153
112 41
112 21
112 173
112 190
112 122
112 90
112 88
112 152
112 102
112 13
112 45
112 84
112 185
112 135
112 151
112 48
112 39
112 120
112 72
112 107
112 44
112 36
112 12
112 158
112 176
113 19
113 179
113 72
113 103
113 184
113 17
113 85
113 65
113 173
113 45
113 158
113 177
113 160
113 12
113 67
113 41
113 63
113 109
113 151
113 27
113 99
113 94
113 49
113 21
113 133
113 150
113 48
113 75
113 157
113 7
113 39
113 131
113 140
113 141
113 98
113 186
113 183
113 81
113 161
113 145
113 25
113 93
113 190
113 175
113 78
113 91
113 34
113 26
113 97
113 5
113 54
113 23
113 119
113 170
113 127
113 134
113 105
113 47
113 18
113 43
114 153
114 140
114 168
114 102
114 121
114 187
114 26
114 113
114 122
114 79
114 63
114 149
114 16
114 62
114 171
114 132
114 53
114 66
114 78
114 127
114 69
114 49
114 92
114 111
114 116
114 133
114 41
114 170
114 139
114 14
114 13
114 169
114 180
114 19
114 34
114 81
114 159
114 152
114 5
114 155
114 146
114 175
114 52
114 174
114 56
114 98
114 107
114 6
114 141
114 115
114 142
114 74
114 179
114 84
114 94
114 58
114 178
114 73
115 54
115 53
115 71
115 160
115 38
115 106
115 27
115 154
115 157
115 36
115 84
115 21
115 49
115 24
115 9
115 188
115 64
115 69
115 136
115 131
115 65
115 138
115 103
115 31
115 126
115 100
115 63
115 67
115 81
115 44
115 73
115 171
115 41
115 43
115 112
115 169
115 98
115 123
115 55
115 110
115 87
115 135
115 165
115 184
115 1
115 50
115 174
115 105
115 130
115 117
115 18
115 125
115 139
115 170
115 147
115 116
115 109
115 19
116 58
116 9
116 117
116 146
116 7
116 37
116 105
116 84
116 4
116 38
116 126
116 160
116 56
116 166
116 76
116 13
116 36
116 43
116 135
116 184
116 55
116 85
116 80
116 186
116 69
116 165
116 142
116 167
116 178
116 155
116 3
116 176
116 164
116 57
116 150
116 137
116 99
116 181
116 49
116 168
116 52
116 88
116 139
116 61
116 111
116 34
116 65
116 86
116 87
116 112
116 48
116 20
116 183
116 16
116 179
116 15
117 27
117 130
117 8
117 24
117 152
117 34
117 32
117 100
117 124
117 42
117 7
117 156
117 37
117 107
117 137
117 25
117 95
117 77
117 187
117 172
117 185
117 163
117 49
117 153
117 61
117 39
117 139
117 111
117 20
117 65
117 113
117 170
117 123
117 136
117 151
117 105
117 28
117 58
117 157
117 53
117 120
117 149
117 174
117 129
117 12
117 45
117 150
117 162
117 30
117 177
117 70
117 50
117 62
117 155
117 18
118 160
118 99
118 180
118 115
118 124
118 14
118 122
118 24
118 9
118 7
118 46
118 74
118 33
118 100
118 165
118 56
118 149
118 44
118 16
118 89
118 119
118 71
118 170
118 8
118 27
118 125
118 128
118 169
118 188
118 34
118 121
118 113
118 88
118 172
118 134
118 30
118 85
118 190
118 187
118 81
118 155
118 177
118 184
118 45
118 111
118 129
118 38
118 75
118 66
118 58
118 32
118 63
118 5
118 22
118 104
118 61
119 187
119 29
119 83
119 14
119 42
119 140
119 108
119 176
119 150
119 178
119 104
119 136
119 185
119 51
119 48
119 40
119 171
119 22
119 87
119 20
119 159
119 35
119 98
119 132
119 115
119 116
119 2
119 73
119 91
119 130
119 105
119 144
119 122
119 186
119 133
119 183
119 7
119 151
119 101
119 39
119 139
119 84
119 143
119 127
119 46
119 24
119 170
119 82
119 149
119 93
119 167
119 126
119 8
119 172
119 184
119 12
120 164
120 38
120 17
120 8
120 64
120 28
120 170
120 73
120 15
120 95
120 60
120 50
120 49
120 91
120 55
120 178
120 108
120 102
120 10
120 12
120 115
120 148
120 43
120 70
120 183
120 184
120 46
120 59
120 36
120 130
120 68
120 190
120 157
120 181
120 131
120 54
120 104
120 63
120 160
120 79
120 40
120 51
120 106
120 139
120 11
120 118
120 78
120 105
120 166
120 24
120 101
120 172
120 127
120 110
120 62
121 90
121 26
121 129
121 149
121 4
121 5
121 167
121 113
121 64
121 109
121 6
121 120
121 145
121 187
121 43
121 126
121 176
121 95
121 87
121 134
121 61
121 54
121 165
121 78
121 137
121 72
121 55
121 53
121 79
121 166
121 100
121 105
121 40
121 49
121 42
121 38
121 23
121 147
121 155
121 74
121 123
121 125
121 130
121 41
121 151
121 65
121 30
121 56
121 148
121 140
121 183
121 98
121 103
121 159
121 91
121 162
121 101
121 115
121 161
122 171
122 102
122 154
122 186
122 156
122 97
122 60
122 61
122 170
122 166
122 163
122 44
122 94
122 92
122 16
122 37
122 135
122 54
122 174
122 124
122 160
122 158
122 181
122 189
122 176
122 4
122 131
122 180
122 58
122 142
122 106
122 148
122 143
122 120
122 19
122 27
122 35
122 70
122 68
122 141
122 98
122 173
122 145
122 87
122 1
122 90
122 113
122 110
122 12
122 121
122 115
122 25
122 7
122 84
122 46
122 107
122 88
122 82
122 77
122 81
122 117
122 95
123 30
123 84
123 20
123 96
123 46
123 186
123 173
123 23
123 150
123 76
123 152
123 2
123 55
123 133
123 15
123 153
123 148
123 43
123 33
123 85
123 48
123 111
123 53
123 45
123 87
123 40
123 93
123 6
123 159
123 124
123 86
123 147
123 189
123 9
123 168
123 70
123 103
123 180
123 160
123 143
123 8
123 187
123 142
123 60
123 108
123 25
123 19
123 61
123 34
123 16
123 120
123 22
123 122
124 148
124 53
124 68
124 29
124 5
124 42
124 25
124 64
124 96
124 161
124 38
124 126
124 54
124 120
124 179
124 27
124 23
124 157
124 22
124 112
124 181
124 49
124 114
124 167
124 85
124 99
124 184
124 86
124 40
124 13
124 69
124 1
124 17
124 135
124 8
124 130
124 57
124 15
124 152
124 43
124 166
124 109
124 115
124 180
124 168
124 178
124 145
124 104
124 151
124 33
124 186
124 189
124 77
124 71
124 174
124 142
124 92
124 144
124 188
124 113
125 95
125 160
125 187
125 77
125 172
125 149
125 53
125 91
125 159
125 109
125 7
125 122
125 169
125 27
125 52
125 12
125 136
125 50
125 23
125 99
125 123
125 180
125 162
125 89
125 164
125 150
125 9
125 103
125 151
125 28
125 119
125 34
125 36
125 116
125 144
125 75
125 177
125 138
125 107
125 57
125 135
125 171
125 106
125 176
125 63
125 24
125 101
125 143
125 173
125 147
125 59
125 25
125 84
125 129
125 1
125 86
125 44
125 111
125 67
126 71
126 27
126 162
126 171
126 122
126 134
126 92
126 58
126 46
126 68
126 164
126 131
126 83
126 26
126 35
126 112
126 17
126 11
126 31
126 98
126 59
126 13
126 178
126 90
126 107
126 100
126 123
126 63
126 86
126 163
126 187
126 49
126 161
126 175
126 24
126 102
126 36
126 128
126 7
126 43
126 174
126 190
126 96
126 9
126 108
126 180
126 160
126 129
126 177
126 34
126 12
126 138
126 67
126 4
126 95
126 145
126 72
126 81
126 79
126 85
127 157
127 131
127 90
127 147
127 183
127 133
127 125
127 154
127 19
127 159
127 46
127 128
127 5
127 92
127 11
127 182
127 110
127 28
127 39
127 116
127 140
127 189
127 51
127 42
127 100
127 78
127 98
127 80
127 97
127 158
127 181
127 136
127 118
127 132
127 3
127 169
127 184
127 1
127 91
127 65
127 43
127 41
127 60
127 122
127 142
127 50
127 106
127 162
127 95
127 18
127 6
127 85
127 164
127 44
127 176
127 129
128 35
128 175
128 67
128 8
128 81
128 83
128 137
128 98
128 178
128 59
128 32
128 24
128 49
128 18
128 157
128 85
128 156
128 113
128 79
128 154
128 136
128 22
128 92
128 96
128 171
128 90
128 45
128 169
128 124
128 43
128 11
128 21
128 36
128 143
128 125
128 14
128 188
128 4
128 26
128 82
128 139
128 95
128 10
128 119
128 162
128 57
128 91
128 151
128 75
128 37
128 101
128 111
128 135
128 27
128 112
128 110
128 114
128 15
128 99
128 70
129 92
129 102
129 33
129 73
129 16
129 181
129 114
129 89
129 105
129 57
129 182
129 134
129 124
129 43
129 158
129 189
129 101
129 108
129 112
129 187
129 179
129 96
129 148
129 75
129 164
129 184
129 67
129 69
129 110
129 167
129 77
129 177
129 81
129 159
129 111
129 74
129 180
129 65
129 142
129 151
129 41
129 14
129 100
129 130
129 20
129 9
129 128
129 122
129 113
129 115
129 22
129 94
129 150
129 26
129 64
129 137
129 169
130 149
130 2
130 183
130 148
130 93
130 89
130 188
130 19
130 145
130 143
130 13
130 91
130 135
130 108
130 172
130 16
130 18
130 23
130 44
130 142
130 90
130 4
130 46
130 81
130 127
130 185
130 41
130 97
130 29
130 173
130 182
130 92
130 62
130 150
130 57
130 49
130 1
130 98
130 105
130 31
130 126
130 163
130 21
130 11
130 151
130 114
130 152
130 25
130 171
130 118
130 113
130 30
130 166
130 189
130 160
130 184
130 6
131 59
131 78
131 9
131 42
131 53
131 86
131 7
131 110
131 155
131 112
131 124
131 147
131 158
131 1
131 82
131 62
131 101
131 24
131 34
131 111
131 138
131 128
131 70
131 164
131 41
131 154
131 142
131 35
131 39
131 168
131 175
131 17
131 23
131 174
131 130
131 103
131 116
131 25
131 180
131 28
131 56
131 26
131 186
131 90
131 100
131 16
131 32
131 51
131 149
131 189
131 8
131 163
131 54
131 102
131 119
131 76
131 71
131 98
131 72
132 7
132 131
132 140
132 128
132 163
132 22
132 145
132 73
132 168
132 117
132 72
132 76
132 138
132 174
132 180
132 172
132 74
132 20
132 77
132 115
132 107
132 152
132 103
132 159
132 95
132 116
132 170
132 169
132 5
132 79
132 173
132 171
132 130
132 47
132 142
132 179
132 124
132 38
132 148
132 19
132 186
132 156
132 154
132 12
132 129
132 143
132 1
132 41
132 141
132 187
132 125
132 59
132 126
133 47
133 126
133 11
133 14
133 148
133 84
133 171
133 86
133 17
133 8
133 182
133 190
133 120
133 48
133 90
133 65
133 156
133 107
133 118
133 62
133 100
133 121
133 30
133 117
133 45
133 163
133 158
133 85
133 35
133 15
133 43
133 151
133 150
133 181
133 25
133 92
133 146
133 80
133 88
133 124
133 2
133 184
133 32
133 165
133 22
133 131
133 138
133 112
133 177
133 58
133 187
133 189
133 129
133 54
133 77
133 82
133 91
134 36
134 124
134 66
134 1
134 122
134 31
134 47
134 188
134 111
134 50
134 60
134 125
134 133
134 102
134 140
134 169
134 70
134 173
134 59
134 93
134 15
134 67
134 3
134 75
134 128
134 61
134 105
134 35
134 123
134 62
134 147
134 139
134 77
134 137
134 9
134 168
134 27
134 101
134 130
134 38
134 90
134 99
134 24
134 42
134 152
134 32
134 189
134 43
134 48
134 56
134 26
134 58
134 69
134 97
134 163
134 131
134 104
134 110
134 86
134 95
134 145
134 176
134 44
134 14
134 114
135 132
135 10
135 12
135 119
135 55
135 59
135 120
135 89
135 109
135 33
135 5
135 67
135 42
135 111
135 106
135 134
135 184
135 58
135 1
135 157
135 97
135 98
135 170
135 69
135 139
135 84
135 66
135 141
135 68
135 24
135 46
135 36
135 40
135 7
135 167
135 114
135 153
135 166
135 103
135 6
135 190
135 113
135 127
135 70
135 168
135 136
135 169
135 189
135 108
135 187
135 4
135 37
135 16
135 28
135 26
135 62
136 112
136 151
136 24
136 142
136 78
136 38
136 57
136 84
136 76
136 27
136 132
136 19
136 141
136 15
136 35
136 121
136 10
136 165
136 58
136 68
136 77
136 160
136 107
136 65
136 42
136 86
136 87
136 179
136 64
136 55
136 172
136 145
136 169
136 85
136 137
136 30
136 166
136 178
136 126
136 45
136 52
136 63
136 122
136 138
136 155
136 50
136 129
136 37
136 73
136 82
136 20
136 186
137 84
137 57
137 38
137 18
137 15
137 21
137 7
137 183
137 29
137 9
137 145
137 155
137 59
137 150
137 65
137 119
137 138
137 125
137 58
137 112
137 107
137 64
137 101
137 131
137 75
137 26
137 165
137 33
137 140
137 89
137 132
137 25
137 23
137 177
137 71
137 82
137 98
137 96
137 93
137 162
137 113
137 181
137 6
137 182
137 156
137 126
137 188
137 85
137 153
137 124
137 105
137 186
137 114
137 148
137 27
137 66
137 167
137 127
138 159
138 148
138 37
138 160
138 182
138 42
138 178
138 90
138 20
138 29
138 142
138 36
138 48
138 69
138 114
138 110
138 117
138 112
138 60
138 109
138 5
138 54
138 76
138 85
138 104
138 107
138 9
138 173
138 168
138 120
138 84
138 57
138 153
138 128
138 179
138 119
138 1
138 66
138 108
138 135
138 11
138 143
138 3
138 28
138 12
138 18
138 25
138 62
138 21
138 116
138 91
138 157
138 78
138 61
138 102
138 30
138 65
139 87
139 50
139 106
139 125
139 20
139 83
139 180
139 71
139 137
139 124
139 175
139 183
139 43
139 97
139 121
139 36
139 60
139 162
139 39
139 55
139 12
139 90
139 3
139 69
139 172
139 147
139 45
139 167
139 38
139 27
139 146
139 169
139 126
139 108
139 152
139 7
139 54
139 14
139 13
139 107
139 118
139 179
139 133
139 188
139 49
139 140
139 32
139 141
139 168
139 48
139 1
139 10
139 148
139 67
139 70
139 26
140 170
140 68
140 27
140 3
140 159
140 30
140 88
140 135
140 84
140 74
140 177
140 189
140 155
140 129
140 150
140 63
140 117
140 145
140 73
140 91
140 67
140 149
140 45
140 102
140 97
140 188
140 8
140 58
140 158
140 4
140 166
140 165
140 131
140 154
140 128
140 183
140 123
140 35
140 187
140 118
140 116
140 48
140 180
140 39
140 23
140 59
140 15
140 144
140 126
140 65
140 115
140 103
140 133
140 138
140 62
140 130
140 148
140 141
140 122
140 173
140 6
140 152
140 136
140 33
140 47
140 41
140 181
140 107
141 96
141 172
141 64
141 58
141 130
141 119
141 8
141 5
141 7
141 79
141 127
141 21
141 117
141 6
141 43
141 107
141 123
141 2
141 20
141 63
141 175
141 116
141 1
141 86
141 162
141 112
141 9
141 93
141 44
141 137
141 26
141 25
141 178
141 133
141 71
141 57
141 110
141 28
141 60
141 142
141 83
141 184
141 187
141 74
141 34
141 101
141 94
141 65
141 22
141 29
141 177
141 165
141 183
141 138
141 70
141 154
142 10
142 8
142 184
142 87
142 162
142 144
142 80
142 51
142 135
142 167
142 121
142 152
142 24
142 181
142 74
142 107
142 17
142 26
142 99
142 32
142 180
142 20
142 119
142 29
142 178
142 117
142 4
142 37
142 140
142 176
142 61
142 13
142 110
142 157
142 163
142 156
142 27
142 126
142 185
142 42
142 128
142 7
142 97
142 58
142 35
142 11
142 6
142 118
142 137
142 94
142 160
142 120
142 59
143 55
143 106
143 131
143 90
143 185
143 83
143 152
143 60
143 17
143 38
143 16
143 181
143 111
143 142
143 5
143 23
143 42
143 92
143 32
143 109
143 114
143 139
143 76
143 140
143 67
143 156
143 46
143 7
143 30
143 108
143 21
143 129
143 136
143 77
143 112
143 40
143 124
143 113
143 115
143 2
143 151
143 117
143 165
143 147
143 188
143 169
143 10
143 72
143 179
143 61
143 1
143 159
143 175
143 155
143 133
144 24
144 68
144 27
144 3
144 92
144 76
144 104
144 120
144 94
144 185
144 172
144 12
144 74
144 146
144 126
144 26
144 168
144 107
144 183
144 72
144 22
144 108
144 187
144 113
144 37
144 7
144 81
144 71
144 136
144 164
144 11
144 180
144 115
144 154
144 162
144 50
144 5
144 130
144 1
144 118
144 54
144 82
144 137
144 19
144 28
144 15
144 69
144 158
144 8
144 128
144 29
144 173
144 121
144 98
144 36
144 42
144 75
144 49
145 1
145 107
145 108
145 94
145 120
145 39
145 128
145 24
145 42
145 92
145 85
145 67
145 74
145 9
145 142
145 146
145 81
145 179
145 135
145 38
145 144
145 111
145 45
145 44
145 50
145 71
145 7
145 152
145 131
145 154
145 30
145 143
145 14
145 96
145 123
145 49
145 2
145 155
145 187
145 99
145 186
145 189
145 125
145 34
145 47
145 75
145 149
145 100
145 151
145 88
145 19
145 185
145 87
145 61
145 95
146 97
146 90
146 156
146 14
146 20
146 184
146 131
146 119
146 104
146 113
146 132
146 122
146 1
146 160
146 69
146 72
146 185
146 129
146 11
146 134
146 3
146 183
146 31
146 138
146 87
146 74
146 91
146 52
146 4
146 84
146 165
146 73
146 158
146 190
146 63
146 34
146 8
146 15
146 86
146 175
146 110
146 17
146 105
146 2
146 53
146 93
146 187
146 123
146 115
146 61
146 60
146 71
146 170
146 148
146 127
146 101
146 67
146 6
147 163
147 86
147 113
147 59
147 102
147 150
147 155
147 21
147 184
147 68
147 26
147 6
147 94
147 106
147 48
147 183
147 103
147 144
147 66
147 67
147 53
147 85
147 137
147 177
147 149
147 135
147 32
147 61
147 12
147 145
147 107
147 140
147 124
147 16
147 151
147 158
147 138
147 18
147 41
147 56
147 148
147 146
147 170
147 165
147 132
147 160
147 130
147 176
147 30
147 78
147 114
147 156
148 115
148 117
148 56
148 183
148 28
148 189
148 134
148 23
148 104
148 145
148 178
148 150
148 14
148 29
148 21
148 114
148 126
148 175
148 47
148 18
148 10
148 155
148 68
148 24
148 179
148 105
148 73
148 160
148 71
148 57
148 113
148 119
148 77
148 177
148 161
148 162
148 13
148 2
148 94
148 92
148 107
148 110
148 31
148 135
148 72
148 159
148 125
148 151
148 4
148 50
148 87
148 51
148 167
148 136
148 128
148 46
149 2
149 126
149 11
149 52
149 62
149 112
149 172
149 128
149 154
149 91
149 143
149 153
149 123
149 106
149 72
149 77
149 78
149 90
149 50
149 13
149 137
149 120
149 136
149 144
149 152
149 127
149 180
149 166
149 18
149 36
149 161
149 34
149 59
149 146
149 60
149 188
149 31
149 22
149 24
149 105
149 17
149 183
149 97
149 171
149 173
149 39
149 76
149 74
149 99
149 139
149 26
149 122
149 56
149 48
149 41
149 158
149 23
149 63
149 156
149 68
150 41
150 32
150 86
150 127
150 38
150 126
150 85
150 95
150 96
150 153
150 108
150 25
150 151
150 149
150 89
150 63
150 102
150 176
150 166
150 187
150 138
150 44
150 100
150 19
150 83
150 170
150 154
150 104
150 118
150 9
150 106
150 188
150 167
150 120
150 165
150 18
150 52
150 121
150 135
150 91
150 141
150 13
150 61
150 84
150 101
150 43
150 54
150 56
150 183
150 128
150 88
150 112
150 20
150 55
150 22
150 10
150 31
150 16
150 122
150 160
150 134
151 116
151 189
151 122
151 111
151 60
151 77
151 137
151 26
151 157
151 30
151 6
151 52
151 95
151 32
151 66
151 164
151 82
151 105
151 100
151 2
151 18
151 135
151 47
151 162
151 104
151 123
151 59
151 175
151 142
151 181
151 1
151 56
151 24
151 166
151 182
151 38
151 37
151 187
151 177
151 138
151 126
151 140
151 118
151 97
151 141
151 165
151 131
151 63
151 144
151 61
151 35
151 11
151 185
151 188
151 36
151 75
152 62
152 28
152 83
152 144
152 76
152 135
152 107
152 71
152 85
152 66
152 125
152 178
152 91
152 37
152 78
152 96
152 119
152 75
152 168
152 160
152 161
152 48
152 33
152 170
152 94
152 148
152 10
152 40
152 157
152 188
152 8
152 87
152 174
152 102
152 89
152 82
152 122
152 115
152 166
152 97
152 133
152 65
152 172
152 74
152 54
152 126
152 176
152 6
152 108
152 175
152 179
152 186
152 136
152 4
153 144
153 186
153 95
153 148
153 131
153 133
153 56
153 140
153 22
153 3
153 37
153 63
153 80
153 104
153 31
153 88
153 167
153 188
153 1
153 172
153 127
153 92
153 115
153 145
153 26
153 85
153 100
153 184
153 121
153 162
153 17
153 69
153 164
153 51
153 34
153 12
153 75
153 52
153 146
153 147
153 152
153 122
153 46
153 125
153 134
153 39
153 105
153 99
153 50
153 38
153 161
153 111
153 174
153 83
153 113
153 91
153 142
153 166
153 16
153 20
153 120
153 62
154 79
154 95
154 151
154 81
154 44
154 57
154 189
154 63
154 136
154 74
154 83
154 112
154 27
154 73
154 11
154 50
154 20
154 134
154 34
154 37
154 36
154 176
154 167
154 157
154 84
154 123
154 175
154 161
154 135
154 111
154 70
154 66
154 9
154 119
154 89
154 181
154 124
154 148
154 90
154 116
154 170
154 30
154 64
154 186
154 184
154 94
154 61
154 133
154 43
154 55
154 93
154 117
154 72
154 23
154 106
155 100
155 134
155 128
155 54
155 62
155 61
155 13
155 189
155 107
155 64
155 181
155 19
155 172
155 186
155 75
155 177
155 46
155 74
155 175
155 165
155 92
155 161
155 182
155 129
155 123
155 25
155 167
155 81
155 48
155 141
155 40
155 87
155 150
155 57
155 78
155 113
155 85
155 47
155 89
155 2
155 26
155 119
155 42
155 67
155 95
155 69
155 135
155 20
155 7
155 139
155 108
155 154
155 34
155 18
155 149
155 33
156 107
156 116
156 134
156 51
156 10
156 138
156 140
156 71
156 73
156 108
156 139
156 127
156 72
156 104
156 64
156 27
156 97
156 30
156 5
156 114
156 59
156 154
156 22
156 151
156 173
156 84
156 124
156 83
156 153
156 180
156 158
156 92
156 61
156 68
156 111
156 49
156 76
156 131
156 120
156 141
156 56
156 34
156 115
156 161
156 87
156 15
156 174
156 166
156 171
156 29
156 81
156 106
156 148
156 186
156 46
156 135
156 170
156 89
157 16
157 43
157 100
157 49
157 2
157 96
157 95
157 147
157 29
157 129
157 110
157 23
157 140
157 164
157 40
157 31
157 38
157 6
157 15
157 24
157 80
157 19
157 17
157 14
157 108
157 156
157 97
157 145
157 61
157 104
157 148
157 146
157 12
157 185
157 182
157 165
157 122
157 69
157 126
157 103
157 176
157 134
157 66
157 58
157 153
157 64
157 84
157 133
157 158
157 89
157 92
157 144
158 102
158 135
158 139
158 23
158 170
158 77
158 44
158 49
158 53
158 138
158 48
158 99
158 58
158 82
158 152
158 55
158 161
158 79
158 114
158 155
158 103
158 54
158 84
158 151
158 137
158 187
158 115
158 12
158 164
158 97
158 109
158 6
158 86
158 37
158 62
158 87
158 70
158 4
158 15
158 178
158 39
158 118
158 30
158 104
158 38
158 60
158 98
158 162
158 183
158 46
158 59
158 8
158 119
159 134
159 80
159 174
159 83
159 60
159 70
159 97
159 2
159 23
159 45
159 187
159 46
159 115
159 155
159 48
159 167
159 150
159 74
159 156
159 11
159 91
159 105
159 54
159 153
159 65
159 57
159 110
159 118
159 71
159 40
159 25
159 136
159 186
159 95
159 117
159 139
159 43
159 103
159 79
159 96
159 179
159 89
159 66
159 62
159 135
159 58
159 12
159 47
159 8
159 133
159 165
159 144
159 185
159 35
159 151
159 63
159 44
160 155
160 65
160 151
160 105
160 176
160 23
160 177
160 82
160 128
160 79
160 68
160 107
160 144
160 131
160 110
160 16
160 100
160 134
160 149
160 158
160 143
160 157
160 172
160 99
160 28
160 86
160 173
160 62
160 43
160 78
160 13
160 114
160 17
160 117
160 91
160 145
160 6
160 71
160 69
160 81
160 60
160 183
160 121
160 70
160 137
160 156
160 119
160 48
160 141
160 64
160 96
160 161
160 38
160 124
160 37
160 180
160 175
160 189
160 159
161 169
161 120
161 182
161 81
161 36
161 117
161 9
161 114
161 96
161 44
161 76
161 163
161 72
161 19
161 56
161 29
161 162
161 53
161 40
161 57
161 140
161 14
161 48
161 150
161 139
161 46
161 165
161 115
161 173
161 42
161 25
161 59
161 37
161 104
161 171
161 95
161 89
161 1
161 130
161 131
161 188
161 92
161 138
161 157
161 142
161 63
161 10
161 186
161 84
161 103
161 71
162 140
162 133
162 95
162 190
162 73
162 136
162 58
162 53
162 89
162 17
162 147
162 159
162 82
162 104
162 155
162 116
162 129
162 45
162 143
162 60
162 68
162 71
162 182
162 2
162 92
162 189
162 39
162 101
162 170
162 114
162 61
162 24
162 27
162 70
162 132
162 37
162 154
162 173
162 85
162 67
162 84
162 94
162 75
162 138
162 51
162 10
162 98
162 180
162 115
162 174
162 69
162 11
162 54
162 157
162 96
163 85
163 40
163 3
163 87
163 75
163 56
163 82
163 66
163 54
163 16
163 148
163 102
163 2
163 98
163 168
163 160
163 62
163 81
163 14
163 156
163 135
163 100
163 170
163 64
163 137
163 143
163 141
163 109
163 115
163 187
163 69
163 23
163 153
163 13
163 6
163 140
163 70
163 103
163 4
163 73
163 157
163 186
163 129
163 164
163 185
163 10
163 151
163 119
163 179
163 108
163 28
163 155
163 47
163 78
163 118
163 184
164 142
164 22
164 118
164 81
164 18
164 150
164 27
164 95
164 148
164 145
164 143
164 133
164 155
164 74
164 4
164 51
164 136
164 47
164 48
164 181
164 91
164 190
164 156
164 159
164 26
164 69
164 121
164 109
164 108
164 89
164 50
164 112
164 57
164 105
164 173
164 1
164 82
164 134
164 85
164 60
164 174
164 20
164 83
164 178
164 149
164 103
164 113
164 107
164 55
164 90
164 31
164 12
164 115
164 100
164 37
164 146
164 186
165 125
165 114
165 76
165 94
165 54
165 163
165 86
165 69
165 120
165 4
165 66
165 149
165 68
165 169
165 80
165 134
165 104
165 77
165 123
165 100
165 189
165 25
165 98
165 101
165 73
165 156
165 38
165 34
165 113
165 153
165 26
165 75
165 126
165 145
165 129
165 32
165 33
165 7
165 57
165 119
165 124
165 171
165 122
165 127
165 53
165 87
165 172
165 49
165 93
165 128
165 52
165 67
166 63
166 55
166 178
166 74
166 148
166 114
166 78
166 162
166 85
166 176
166 16
166 159
166 29
166 92
166 67
166 103
166 141
166 84
166 126
166 76
166 80
166 38
166 170
166 158
166 147
166 2
166 117
166 109
166 23
166 18
166 123
166 179
166 68
166 182
166 139
166 90
166 83
166 113
166 30
166 57
166 112
166 45
166 128
166 89
166 19
166 160
166 48
166 98
166 138
166 108
166 154
166 70
166 81
166 111
166 60
166 47
167 172
167 157
167 144
167 156
167 68
167 28
167 8
167 9
167 31
167 126
167 112
167 75
167 71
167 103
167 127
167 74
167 88
167 122
167 94
167 84
167 151
167 178
167 136
167 161
167 52
167 131
167 73
167 110
167 35
167 40
167 99
167 49
167 174
167 188
167 23
167 173
167 72
167 63
167 50
167 79
167 149
167 29
167 140
167 1
167 91
167 182
167 175
167 128
167 164
167 183
167 59
167 146
167 34
167 51
168 6
168 37
168 176
168 49
168 125
168 146
168 162
168 13
168 178
168 52
168 77
168 153
168 65
168 64
168 15
168 88
168 76
168 67
168 158
168 110
168 171
168 130
168 35
168 122
168 47
168 20
168 113
168 46
168 96
168 142
168 93
168 187
168 8
168 145
168 165
168 97
168 27
168 86
168 60
168 62
168 61
168 79
168 25
168 14
168 42
168 155
168 41
168 107
168 149
168 167
168 133
168 115
168 154
169 158
169 13
169 48
169 42
169 117
169 185
169 189
169 84
169 137
169 171
169 183
169 19
169 27
169 98
169 8
169 109
169 53
169 92
169 89
169 105
169 167
169 56
169 160
169 181
169 82
169 3
169 43
169 133
169 140
169 46
169 130
169 35
169 108
169 29
169 80
169 159
169 61
169 152
169 90
169 22
169 124
169 40
169 50
169 172
169 93
169 79
169 70
169 186
169 180
169 25
169 38
169 17
170 143
170 137
170 141
170 96
170 144
170 84
170 66
170 99
170 19
170 43
170 53
170 2
170 153
170 28
170 109
170 6
170 149
170 38
170 78
170 83
170 68
170 159
170 139
170 32
170 90
170 126
170 11
170 42
170 64
170 171
170 112
170 142
170 94
170 95
170 97
170 61
170 10
170 80
170 45
170 82
170 40
170 86
170 44
170 50
170 164
170 130
170 88
170 31
170 131
170 23
170 25
171 39
171 80
171 42
171 136
171 66
171 117
171 60
171 120
171 150
171 179
171 153
171 67
171 155
171 160
171 35
171 104
171 152
171 81
171 19
171 18
171 70
171 111
171 9
171 110
171 6
171 37
171 182
171 173
171 29
171 186
171 109
171 163
171 108
171 188
171 141
171 181
171 162
171 148
171 121
171 113
171 146
171 21
171 145
171 94
171 166
171 147
171 14
171 4
171 26
171 8
171 83
171 154
171 131
171 50
172 20
172 170
172 25
172 34
172 113
172 38
172 92
172 134
172 140
172 181
172 95
172 11
172 41
172 116
172 58
172 128
172 5
172 90
172 40
172 88
172 63
172 27
172 50
172 93
172 67
172 150
172 159
172 154
172 28
172 54
172 133
172 161
172 123
172 190
172 138
172 158
172 69
172 61
172 114
172 51
172 183
172 57
172 62
172 22
172 74
172 122
172 99
172 26
172 79
172 142
172 17
172 85
173 3
173 73
173 90
173 87
173 14
173 42
173 154
173 54
173 37
173 136
173 28
173 109
173 63
173 46
173 147
173 47
173 152
173 137
173 33
173 142
173 89
173 105
173 103
173 143
173 58
173 81
173 153
173 88
173 41
173 190
173 119
173 16
173 158
173 57
173 128
173 141
173 95
173 182
173 44
173 184
173 40
173 62
173 107
173 43
173 13
173 131
173 126
173 108
173 79
173 183
173 77
173 55
173 166
173 6
173 75
173 179
173 29
174 166
174 169
174 10
174 140
174 56
174 129
174 134
174 27
174 22
174 149
174 94
174 107
174 18
174 108
174 133
174 35
174 101
174 11
174 190
174 54
174 31
174 189
174 73
174 19
174 49
174 87
174 43
174 148
174 186
174 113
174 128
174 64
174 93
174 26
174 2
174 187
174 81
174 116
174 147
174 71
174 76
174 157
174 172
174 16
174 179
174 34
174 82
174 143
174 14
174 9
174 137
174 110
174 178
174 52
174 89
174 183
174 105
174 151
175 8
175 105
175 72
175 93
175 91
175 145
175 24
175 96
175 124
175 92
175 178
175 49
175 159
175 63
175 25
175 30
175 153
175 173
175 171
175 127
175 2
175 60
175 147
175 163
175 82
175 81
175 53
175 122
175 64
175 65
175 90
175 20
175 125
175 74
175 136
175 57
175 169
175 97
175 42
175 109
175 94
175 48
175 182
175 76
175 133
175 16
175 15
175 189
175 67
175 6
175 170
175 100
175 5
175 37
175 140
175 103
175 116
175 149
175 40
175 130
175 184
176 51
176 77
176 129
176 85
176 7
176 102
176 170
176 66
176 30
176 17
176 25
176 84
176 81
176 181
176 153
176 63
176 161
176 159
176 146
176 80
176 31
176 83
176 171
176 172
176 92
176 36
176 107
176 178
176 67
176 128
176 15
176 109
176 82
176 117
176 140
176 95
176 174
176 98
176 57
176 79
176 53
176 163
176 145
176 173
176 27
176 37
176 130
176 5
176 8
176 139
176 100
176 182
176 151
176 143
176 113
176 96
176 133
176 141
176 93
176 97
176 184
177 111
177 73
177 150
177 50
177 105
177 92
177 26
177 47
177 156
177 84
177 134
177 171
177 68
177 71
177 80
177 1
177 61
177 178
177 174
177 79
177 130
177 103
177 120
177 89
177 17
177 22
177 173
177 176
177 62
177 25
177 143
177 82
177 98
177 97
177 115
177 34
177 114
177 76
177 121
177 37
177 142
177 13
177 54
177 109
177 90
177 162
177 128
177 132
177 93
177 123
177 43
177 154
177 116
177 38
177 104
177 124
177 28
177 146
178 23
178 24
178 187
178 14
178 26
178 160
178 72
178 86
178 182
178 2
178 70
178 111
178 189
178 10
178 188
178 134
178 52
178 6
178 81
178 59
178 154
178 135
178 41
178 34
178 89
178 129
178 76
178 47
178 101
178 137
178 102
178 16
178 143
178 105
178 66
178 146
178 104
178 122
178 149
178 170
178 13
178 32
178 179
178 58
178 49
178 169
178 77
178 36
178 75
178 53
178 106
179 122
179 133
179 147
179 41
179 67
179 182
179 117
179 53
179 12
179 175
179 54
179 90
179 146
179 34
179 142
179 63
179 107
179 164
179 108
179 158
179 86
179 115
179 72
179 48
179 137
179 64
179 17
179 70
179 24
179 97
179 123
179 127
179 121
179 120
179 65
179 188
179 165
179 93
179 30
179 140
179 66
179 62
179 51
179 141
179 162
179 104
179 157
179 5
179 29
179 103
179 144
179 187
179 167
179 50
179 3
179 19
179 60
179 14
179 27
180 120
180 49
180 41
180 164
180 23
180 185
180 136
180 105
180 171
180 109
180 190
180 172
180 79
180 8
180 181
180 83
180 157
180 188
180 4
180 32
180 63
180 58
180 55
180 33
180 153
180 18
180 107
180 145
180 154
180 182
180 12
180 163
180 115
180 99
180 134
180 102
180 113
180 14
180 152
180 106
180 150
180 165
180 166
180 25
180 176
180 15
180 121
180 60
180 111
180 184
180 11
180 74
180 72
180 87
180 59
180 135
180 76
180 29
180 92
180 71
180 19
180 178
180 22
180 159
181 46
181 174
181 96
181 134
181 106
181 64
181 131
181 8
181 153
181 14
181 29
181 39
181 18
181 44
181 163
181 179
181 42
181 81
181 182
181 138
181 101
181 113
181 9
181 168
181 63
181 102
181 88
181 173
181 6
181 76
181 159
181 78
181 51
181 73
181 145
181 115
181 17
181 55
181 72
181 144
181 21
181 189
181 136
181 4
181 141
181 97
181 90
181 91
181 150
181 103
181 2
181 32
181 177
181 31
181 20
181 114
182 52
182 119
182 60
182 41
182 82
182 14
182 135
182 34
182 113
182 21
182 159
182 152
182 123
182 89
182 12
182 188
182 76
182 114
182 105
182 164
182 40
182 158
182 8
182 120
182 75
182 5
182 153
182 20
182 134
182 87
182 112
182 144
182 177
182 70
182 156
182 96
182 66
182 2
182 118
182 174
182 145
182 101
182 116
182 48
182 33
182 56
182 30
182 92
182 100
182 147
182 51
182 17
182 86
182 183
182 128
182 136
182 7
182 6
183 50
183 12
183 153
183 59
183 57
183 72
183 106
183 52
183 33
183 18
183 124
183 95
183 156
183 180
183 181
183 96
183 151
183 145
183 17
183 20
183 21
183 85
183 35
183 93
183 184
183 55
183 134
183 164
183 188
183 84
183 68
183 143
183 39
183 1
183 42
183 4
183 111
183 163
183 5
183 13
183 155
183 47
183 117
183 29
183 187
183 74
183 7
183 126
183 65
183 168
183 109
183 91
183 61
183 129
183 175
183 112
183 79
183 88
183 62
184 178
184 49
184 188
184 80
184 181
184 83
184 155
184 100
184 75
184 105
184 131
184 125
184 26
184 148
184 43
184 39
184 37
184 164
184 117
184 45
184 22
184 44
184 99
184 149
184 35
184 79
184 62
184 98
184 46
184 59
184 41
184 61
184 93
184 11
184 52
184 82
184 30
184 42
184 174
184 162
184 56
184 25
184 190
184 185
184 179
184 186
184 108
184 20
184 156
184 76
184 161
184 171
184 67
184 65
184 143
184 32
184 112
184 158
185 127
185 60
185 106
185 120
185 29
185 51
185 154
185 139
185 160
185 89
185 165
185 167
185 13
185 109
185 100
185 168
185 19
185 164
185 186
185 178
185 150
185 58
185 72
185 99
185 86
185 173
185 39
185 134
185 50
185 152
185 166
185 140
185 73
185 102
185 78
185 110
185 118
185 36
185 18
185 111
185 68
185 115
185 116
185 161
185 148
185 10
185 126
185 85
185 177
185 57
186 89
186 68
186 33
186 104
186 4
186 15
186 140
186 77
186 182
186 34
186 30
186 107
186 157
186 135
186 73
186 39
186 71
186 141
186 6
186 48
186 96
186 167
186 117
186 38
186 133
186 13
186 168
186 138
186 43
186 180
186 120
186 37
186 176
186 21
186 165
186 10
186 118
186 183
186 45
186 61
186 134
186 59
186 87
186 125
186 143
186 41
186 20
186 160
186 49
186 57
186 46
186 16
186 147
186 151
186 84
186 8
186 187
187 91
187 128
187 74
187 35
187 165
187 69
187 94
187 61
187 104
187 80
187 47
187 15
187 11
187 184
187 131
187 162
187 7
187 76
187 79
187 157
187 149
187 122
187 170
187 41
187 180
187 175
187 100
187 38
187 169
187 115
187 1
187 87
187 171
187 134
187 164
187 185
187 66
187 176
187 30
187 65
187 181
187 26
187 107
187 21
187 67
187 160
187 172
187 143
187 52
187 59
187 173
187 102
187 23
187 152
187 64
187 136
188 113
188 48
188 39
188 169
188 71
188 142
188 32
188 18
188 185
188 10
188 141
188 35
188 80
188 22
188 138
188 163
188 79
188 147
188 92
188 129
188 60
188 156
188 55
188 72
188 136
188 49
188 82
188 181
188 173
188 119
188 40
188 164
188 3
188 145
188 127
188 96
188 78
188 105
188 160
188 158
188 20
188 86
188 69
188 121
188 70
188 91
188 75
188 31
188 12
188 120
188 187
188 59
188 15
188 45
188 102
188 174
188 135
188 177
189 121
189 136
189 71
189 96
189 141
189 183
189 60
189 104
189 109
189 147
189 88
189 83
189 35
189 152
189 73
189 146
189 113
189 101
189 187
189 3
189 50
189 117
189 67
189 85
189 20
189 66
189 34
189 28
189 80
189 166
189 120
189 46
189 180
189 7
189 186
189 62
189 90
189 24
189 125
189 167
189 33
189 97
189 128
189 112
189 137
189 182
189 188
189 168
189 157
189 70
189 48
189 150
190 33
190 105
190 175
190 43
190 122
190 86
190 40
190 11
190 1
190 18
190 51
190 83
190 144
190 119
190 183
190 115
190 121
190 131
190 74
190 29
190 41
190 165
190 123
190 102
190 189
190 82
190 177
190 80
190 42
190 76
190 179
190 98
190 132
190 185
190 114
190 158
190 103
190 140
190 109
190 186
190 171
190 88
190 153
190 30
190 96
190 148
190 128
190 97
190 137
190 7
190 134
