200 11942
1 24
1 94
1 148
1 80
1 52
1 123
1 118
1 162
1 86
1 30
1 47
1 42
1 68
1 160
1 4
1 190
1 149
1 127
1 103
1 65
1 171
1 169
1 167
1 184
1 16
1 138
1 113
1 106
1 75
1 168
1 200
1 117
1 159
1 13
1 92
1 142
1 196
1 87
1 11
1 19
1 97
1 7
1 129
1 141
1 194
1 186
1 69
1 132
1 188
1 14
1 172
1 3
1 81
1 133
1 33
1 126
1 195
2 123
2 78
2 96
2 196
2 125
2 164
2 133
2 128
2 24
2 126
2 156
2 165
2 177
2 27
2 168
2 152
2 114
2 190
2 19
2 5
2 176
2 170
2 63
2 193
2 43
2 79
2 54
2 124
2 66
2 17
2 16
2 147
2 73
2 36
2 167
2 12
2 162
2 182
2 184
2 21
2 11
2 38
2 180
2 191
2 91
2 141
2 105
2 116
2 86
2 159
2 127
2 160
2 58
2 102
2 171
2 49
2 157
2 200
2 72
3 129
3 42
3 189
3 125
3 52
3 61
3 118
3 31
3 143
3 150
3 145
3 120
3 92
3 113
3 39
3 91
3 146
3 51
3 41
3 108
3 55
3 185
3 106
3 2
3 141
3 89
3 84
3 197
3 116
3 11
3 62
3 94
3 10
3 148
3 183
3 110
3 135
3 182
3 126
3 176
3 99
3 158
3 32
3 33
3 28
3 164
3 137
3 77
3 107
3 23
3 147
3 193
3 96
3 93
3 186
3 128
3 154
3 85
3 47
3 192
4 170
4 16
4 183
4 108
4 164
4 47
4 42
4 115
4 51
4 145
4 134
4 6
4 106
4 185
4 79
4 130
4 200
4 44
4 32
4 171
4 11
4 2
4 70
4 49
4 158
4 140
4 92
4 175
4 13
4 27
4 191
4 148
4 45
4 188
4 46
4 147
4 12
4 174
4 155
4 61
4 119
4 166
4 54
4 121
4 86
4 17
4 112
4 31
4 132
4 8
4 73
4 138
4 163
4 33
4 66
4 90
4 41
4 162
5 142
5 63
5 58
5 14
5 161
5 25
5 76
5 73
5 19
5 39
5 166
5 144
5 96
5 163
5 133
5 56
5 136
5 174
5 126
5 105
5 147
5 139
5 116
5 190
5 107
5 65
5 165
5 179
5 181
5 30
5 45
5 137
5 36
5 183
5 109
5 104
5 77
5 53
5 134
5 33
5 154
5 101
5 92
5 167
5 141
5 68
5 12
5 34
5 102
5 87
5 26
5 162
5 52
5 89
5 199
5 74
5 175
5 138
5 121
5 38
6 65
6 136
6 23
6 199
6 1
6 20
6 79
6 176
6 47
6 110
6 19
6 122
6 158
6 22
6 27
6 155
6 8
6 167
6 88
6 45
6 26
6 133
6 49
6 109
6 146
6 161
6 162
6 189
6 104
6 40
6 13
6 181
6 140
6 169
6 121
6 159
6 149
6 142
6 94
6 72
6 165
6 61
6 55
6 66
6 46
6 30
6 59
6 106
6 144
6 192
6 41
6 187
6 99
6 137
6 148
6 153
6 25
6 195
6 29
7 120
7 181
7 168
7 37
7 22
7 179
7 193
7 200
7 137
7 80
7 66
7 121
7 158
7 126
7 82
7 185
7 184
7 141
7 189
7 23
7 117
7 18
7 76
7 101
7 186
7 24
7 4
7 56
7 174
7 132
7 62
7 2
7 8
7 63
7 52
7 106
7 77
7 157
7 165
7 10
7 153
7 84
7 142
7 83
7 19
7 98
7 177
7 150
7 29
7 188
7 154
7 5
7 194
7 172
7 112
7 81
7 124
7 199
7 163
7 122
7 197
7 149
7 70
7 175
7 34
8 183
8 172
8 71
8 45
8 200
8 91
8 42
8 113
8 31
8 47
8 150
8 107
8 145
8 34
8 127
8 177
8 160
8 60
8 188
8 193
8 80
8 94
8 197
8 190
8 13
8 100
8 179
8 63
8 184
8 81
8 2
8 61
8 195
8 86
8 178
8 138
8 3
8 133
8 130
8 187
8 131
8 59
8 27
8 105
8 40
8 126
8 43
8 128
8 70
8 83
8 118
8 62
8 24
8 21
8 20
8 161
8 159
8 57
9 12
9 34
9 151
9 143
9 181
9 5
9 74
9 88
9 14
9 45
9 43
9 114
9 3
9 40
9 122
9 174
9 56
9 4
9 42
9 66
9 2
9 197
9 47
9 120
9 183
9 32
9 102
9 87
9 157
9 137
9 37
9 163
9 73
9 96
9 23
9 16
9 153
9 75
9 187
9 61
9 17
9 64
9 188
9 194
9 105
9 101
9 117
9 160
9 60
9 51
9 68
9 195
9 48
9 36
10 128
10 44
10 196
10 143
10 162
10 155
10 52
10 61
10 47
10 199
10 37
10 187
10 28
10 95
10 175
10 90
10 70
10 31
10 179
10 176
10 88
10 86
10 101
10 107
10 184
10 106
10 21
10 2
10 164
10 181
10 1
10 42
10 8
10 127
10 183
10 190
10 129
10 77
10 108
10 66
10 51
10 111
10 137
10 64
10 105
10 145
10 151
10 5
10 39
10 87
10 165
10 85
10 82
10 112
10 18
10 186
11 96
11 84
11 165
11 71
11 45
11 47
11 70
11 51
11 54
11 195
11 145
11 153
11 133
11 36
11 28
11 139
11 39
11 33
11 118
11 23
11 50
11 162
11 166
11 10
11 13
11 134
11 91
11 127
11 79
11 200
11 194
11 159
11 95
11 53
11 31
11 109
11 108
11 78
11 184
11 43
11 164
11 151
11 113
11 117
11 73
11 103
11 8
11 41
11 7
11 61
11 83
11 37
11 172
11 124
11 24
11 115
11 72
11 140
11 179
11 171
11 89
11 88
11 180
12 47
12 183
12 70
12 25
12 119
12 115
12 135
12 48
12 21
12 157
12 35
12 72
12 103
12 91
12 151
12 8
12 192
12 92
12 118
12 73
12 76
12 30
12 55
12 132
12 148
12 20
12 75
12 186
12 56
12 166
12 18
12 156
12 113
12 44
12 173
12 26
12 147
12 200
12 66
12 3
12 49
12 141
12 32
12 37
12 63
12 194
12 100
12 80
12 179
12 188
12 117
12 110
12 126
12 125
12 176
13 137
13 44
13 163
13 7
13 158
13 120
13 179
13 84
13 33
13 40
13 147
13 152
13 197
13 119
13 47
13 144
13 78
13 180
13 70
13 118
13 94
13 58
13 155
13 164
13 35
13 25
13 122
13 52
13 65
13 103
13 108
13 57
13 10
13 112
13 71
13 159
13 75
13 32
13 109
13 132
13 28
13 188
13 101
13 102
13 96
13 127
13 49
13 107
13 157
13 67
13 105
13 55
13 150
13 139
14 28
14 59
14 26
14 188
14 138
14 103
14 181
14 31
14 3
14 55
14 152
14 63
14 163
14 20
14 75
14 61
14 16
14 104
14 97
14 45
14 57
14 161
14 191
14 90
14 178
14 174
14 199
14 149
14 39
14 86
14 96
14 148
14 155
14 25
14 98
14 102
14 95
14 172
14 151
14 164
14 37
14 130
14 54
14 200
14 8
14 140
14 157
14 32
14 107
14 6
14 117
14 123
14 92
14 53
14 100
14 145
14 85
14 80
15 191
15 108
15 83
15 61
15 173
15 8
15 118
15 152
15 112
15 41
15 68
15 99
15 128
15 141
15 91
15 73
15 50
15 121
15 47
15 100
15 2
15 197
15 135
15 79
15 90
15 56
15 35
15 66
15 189
15 107
15 184
15 123
15 60
15 127
15 81
15 109
15 21
15 42
15 111
15 190
15 162
15 9
15 13
15 28
15 46
15 170
15 163
15 19
15 4
15 115
15 72
15 76
15 171
15 130
15 65
15 34
15 1
15 161
15 106
15 114
15 11
15 168
15 195
15 6
15 142
15 64
15 187
16 131
16 173
16 143
16 87
16 46
16 36
16 199
16 174
16 111
16 142
16 37
16 108
16 194
16 105
16 82
16 183
16 159
16 26
16 23
16 187
16 200
16 89
16 182
16 42
16 114
16 186
16 169
16 86
16 133
16 3
16 77
16 70
16 195
16 130
16 12
16 167
16 17
16 71
16 116
16 165
16 44
16 52
16 106
16 138
16 172
16 41
16 180
16 135
16 155
16 95
16 158
16 69
16 154
16 21
16 58
16 166
16 144
16 88
16 81
16 153
17 79
17 143
17 191
17 50
17 117
17 148
17 145
17 65
17 15
17 53
17 134
17 6
17 120
17 92
17 126
17 200
17 114
17 20
17 96
17 55
17 44
17 132
17 24
17 87
17 93
17 61
17 58
17 48
17 10
17 161
17 113
17 153
17 189
17 28
17 135
17 193
17 177
17 3
17 75
17 95
17 124
17 52
17 144
17 172
17 35
17 94
17 170
17 12
17 115
17 63
17 129
17 190
17 159
17 83
17 88
17 13
17 30
17 91
17 174
17 158
18 109
18 163
18 20
18 195
18 173
18 102
18 191
18 132
18 112
18 174
18 53
18 75
18 46
18 33
18 147
18 63
18 143
18 178
18 124
18 169
18 154
18 107
18 198
18 148
18 85
18 117
18 137
18 9
18 64
18 92
18 79
18 116
18 141
18 49
18 11
18 34
18 192
18 108
18 189
18 157
18 30
18 151
18 182
18 145
18 127
18 16
18 111
18 78
18 184
18 17
18 128
18 187
18 25
18 115
18 3
18 89
18 14
18 51
18 99
18 103
18 45
18 57
18 59
18 91
19 145
19 79
19 77
19 186
19 29
19 129
19 12
19 140
19 194
19 149
19 166
19 80
19 4
19 101
19 117
19 164
19 71
19 74
19 70
19 95
19 93
19 125
19 126
19 115
19 197
19 168
19 148
19 187
19 89
19 51
19 24
19 185
19 88
19 83
19 39
19 123
19 21
19 17
19 190
19 154
19 27
19 155
19 134
19 75
19 179
19 55
19 96
19 31
19 182
19 68
19 67
19 43
19 171
19 137
19 183
19 160
19 73
20 181
20 93
20 13
20 28
20 160
20 100
20 58
20 96
20 133
20 73
20 118
20 103
20 122
20 15
20 124
20 167
20 54
20 192
20 171
20 53
20 179
20 141
20 146
20 10
20 56
20 62
20 36
20 102
20 41
20 9
20 2
20 67
20 57
20 50
20 121
20 51
20 188
20 147
20 61
20 138
20 166
20 3
20 137
20 148
20 168
20 112
20 130
20 117
20 95
20 106
20 33
20 68
20 184
20 113
20 89
20 90
20 29
20 35
20 176
20 87
20 132
21 111
21 68
21 74
21 127
21 53
21 141
21 179
21 71
21 129
21 183
21 117
21 112
21 99
21 184
21 9
21 150
21 148
21 4
21 49
21 18
21 168
21 57
21 80
21 41
21 154
21 31
21 196
21 172
21 87
21 11
21 199
21 195
21 85
21 84
21 147
21 95
21 17
21 96
21 90
21 133
21 38
21 63
21 79
21 174
21 100
21 26
21 64
21 189
21 92
21 36
21 30
21 13
21 132
21 3
21 23
22 36
22 61
22 149
22 48
22 24
22 83
22 89
22 160
22 27
22 95
22 103
22 54
22 3
22 97
22 8
22 174
22 15
22 104
22 30
22 187
22 190
22 188
22 57
22 157
22 110
22 105
22 138
22 158
22 178
22 131
22 112
22 67
22 166
22 45
22 186
22 173
22 4
22 44
22 121
22 180
22 182
22 197
22 111
22 140
22 135
22 16
22 170
22 9
22 137
22 128
22 98
22 11
22 92
22 19
22 123
22 114
22 177
22 70
22 1
22 14
23 43
23 27
23 192
23 44
23 52
23 120
23 101
23 115
23 134
23 183
23 177
23 61
23 42
23 2
23 182
23 47
23 143
23 155
23 140
23 199
23 97
23 85
23 4
23 48
23 36
23 25
23 185
23 167
23 12
23 113
23 82
23 138
23 172
23 84
23 91
23 77
23 189
23 14
23 166
23 151
23 15
23 59
23 195
23 176
23 51
23 105
23 18
23 154
23 169
23 79
23 5
23 198
23 20
23 17
23 98
23 8
23 139
23 122
24 189
24 141
24 80
24 148
24 59
24 139
24 58
24 155
24 180
24 30
24 138
24 5
24 98
24 106
24 123
24 176
24 40
24 132
24 73
24 135
24 53
24 101
24 47
24 90
24 149
24 63
24 122
24 126
24 200
24 163
24 183
24 127
24 136
24 3
24 187
24 191
24 16
24 51
24 107
24 42
24 172
24 44
24 86
24 50
24 72
24 41
24 14
24 137
24 125
24 124
24 15
24 12
24 74
24 38
24 54
24 159
25 199
25 140
25 152
25 115
25 170
25 98
25 20
25 189
25 114
25 72
25 156
25 57
25 185
25 15
25 37
25 116
25 60
25 8
25 90
25 21
25 9
25 11
25 77
25 16
25 159
25 190
25 119
25 52
25 79
25 97
25 151
25 169
25 46
25 138
25 41
25 121
25 10
25 101
25 200
25 134
25 89
25 83
25 198
25 141
25 19
25 168
25 61
25 128
25 104
25 54
25 87
25 120
25 136
25 192
25 86
25 74
25 73
25 39
25 191
25 7
26 155
26 17
26 147
26 170
26 39
26 114
26 31
26 150
26 79
26 97
26 35
26 153
26 200
26 133
26 98
26 137
26 10
26 20
26 186
26 63
26 180
26 61
26 34
26 157
26 162
26 90
26 23
26 8
26 148
26 95
26 58
26 105
26 46
26 102
26 152
26 11
26 40
26 4
26 101
26 62
26 127
26 181
26 43
26 126
26 96
26 32
26 42
26 144
26 119
26 189
26 18
26 139
26 156
26 27
26 94
26 125
26 15
26 178
26 106
26 173
26 195
26 7
26 117
26 56
26 198
27 100
27 40
27 107
27 97
27 98
27 177
27 7
27 41
27 79
27 12
27 83
27 165
27 61
27 138
27 37
27 180
27 152
27 44
27 20
27 59
27 38
27 106
27 17
27 119
27 66
27 68
27 196
27 54
27 65
27 129
27 42
27 160
27 32
27 127
27 142
27 175
27 194
27 15
27 169
27 131
27 96
27 172
27 147
27 1
27 197
27 13
27 21
27 156
27 166
27 134
27 77
27 199
27 195
27 115
27 87
27 182
27 184
27 170
27 91
27 103
27 178
27 85
28 22
28 82
28 18
28 88
28 97
28 67
28 128
28 25
28 38
28 53
28 47
28 54
28 9
28 114
28 130
28 70
28 73
28 5
28 52
28 148
28 58
28 197
28 156
28 124
28 137
28 81
28 139
28 8
28 95
28 176
28 189
28 186
28 77
28 90
28 44
28 26
28 113
28 145
28 177
28 30
28 16
28 123
28 162
28 66
28 7
28 42
28 109
28 93
28 59
28 179
28 187
28 193
28 192
28 39
28 37
28 27
28 169
28 75
28 107
29 23
29 174
29 188
29 27
29 129
29 33
29 147
29 1
29 166
29 95
29 49
29 67
29 76
29 93
29 71
29 4
29 86
29 193
29 39
29 65
29 167
29 165
29 168
29 2
29 36
29 111
29 26
29 74
29 100
29 35
29 81
29 17
29 3
29 155
29 192
29 70
29 37
29 82
29 68
29 58
29 15
29 150
29 195
29 28
29 51
29 12
29 127
29 153
29 92
29 197
29 185
29 200
29 22
29 94
29 83
29 120
29 73
29 14
30 146
30 170
30 98
30 157
30 4
30 13
30 32
30 53
30 163
30 88
30 154
30 62
30 159
30 43
30 121
30 50
30 126
30 108
30 85
30 87
30 34
30 140
30 168
30 105
30 72
30 70
30 3
30 132
30 90
30 93
30 153
30 172
30 123
30 182
30 36
30 8
30 10
30 190
30 91
30 76
30 15
30 67
30 86
30 139
30 7
30 92
30 124
30 19
30 135
30 200
30 169
30 166
30 16
30 41
30 78
30 59
30 151
31 1
31 127
31 16
31 40
31 110
31 83
31 148
31 128
31 183
31 153
31 160
31 89
31 191
31 34
31 64
31 106
31 172
31 25
31 17
31 72
31 188
31 66
31 49
31 92
31 115
31 162
31 29
31 161
31 85
31 53
31 60
31 135
31 33
31 73
31 44
31 2
31 193
31 22
31 152
31 93
31 141
31 80
31 116
31 43
31 192
31 41
31 124
31 15
31 164
31 133
31 136
31 114
31 91
31 32
31 165
31 23
31 126
31 5
31 111
31 13
31 186
31 82
32 149
32 24
32 126
32 134
32 22
32 99
32 20
32 189
32 78
32 19
32 47
32 68
32 113
32 35
32 28
32 155
32 21
32 60
32 153
32 199
32 152
32 84
32 92
32 18
32 39
32 198
32 164
32 180
32 133
32 142
32 127
32 40
32 49
32 34
32 97
32 193
32 86
32 156
32 107
32 75
32 7
32 67
32 79
32 102
32 100
32 29
32 55
32 5
32 191
32 163
32 94
32 74
32 132
32 128
32 81
32 66
32 43
32 96
32 10
32 174
32 45
32 125
32 11
32 181
33 60
33 147
33 130
33 186
33 9
33 110
33 39
33 125
33 26
33 80
33 177
33 54
33 169
33 52
33 146
33 17
33 197
33 183
33 150
33 48
33 114
33 190
33 132
33 194
33 78
33 189
33 165
33 149
33 94
33 19
33 43
33 87
33 166
33 38
33 2
33 83
33 127
33 108
33 192
33 175
33 180
33 138
33 148
33 176
33 161
33 93
33 63
33 85
33 156
33 74
33 22
34 40
34 131
34 33
34 151
34 145
34 14
34 118
34 70
34 23
34 44
34 128
34 193
34 79
34 108
34 181
34 3
34 41
34 138
34 161
34 191
34 169
34 80
34 110
34 90
34 115
34 76
34 124
34 64
34 199
34 139
34 71
34 173
34 38
34 96
34 35
34 120
34 61
34 147
34 126
34 125
34 81
34 162
34 60
34 4
34 58
34 57
34 1
34 78
34 36
34 175
34 10
34 163
34 160
34 158
34 83
34 65
34 190
35 9
35 71
35 190
35 117
35 127
35 138
35 65
35 165
35 158
35 101
35 83
35 95
35 135
35 89
35 99
35 49
35 2
35 51
35 3
35 182
35 196
35 54
35 1
35 56
35 198
35 48
35 74
35 33
35 200
35 108
35 24
35 19
35 124
35 130
35 93
35 11
35 121
35 30
35 103
35 84
35 46
35 14
35 126
35 73
35 18
35 164
35 125
35 131
35 157
35 144
35 7
35 147
35 58
35 68
35 59
35 79
35 150
35 119
35 86
35 168
35 94
35 57
36 90
36 140
36 92
36 176
36 192
36 19
36 46
36 112
36 71
36 87
36 99
36 167
36 145
36 94
36 8
36 180
36 35
36 6
36 52
36 173
36 170
36 25
36 169
36 96
36 115
36 179
36 64
36 10
36 177
36 190
36 70
36 161
36 14
36 84
36 166
36 114
36 120
36 97
36 27
36 184
36 42
36 133
36 69
36 13
36 113
36 165
36 55
36 89
36 154
36 186
36 163
36 18
36 118
36 153
36 31
36 82
36 47
36 62
36 88
36 130
36 147
37 97
37 70
37 161
37 193
37 15
37 110
37 5
37 100
37 174
37 135
37 19
37 171
37 91
37 159
37 68
37 83
37 50
37 34
37 87
37 124
37 82
37 64
37 140
37 197
37 53
37 4
37 94
37 20
37 75
37 198
37 129
37 192
37 59
37 69
37 108
37 154
37 102
37 18
37 177
37 184
37 125
37 150
37 165
37 109
37 81
37 123
37 48
37 185
37 47
37 24
37 84
38 99
38 12
38 127
38 110
38 69
38 23
38 138
38 19
38 44
38 145
38 96
38 152
38 58
38 94
38 193
38 188
38 137
38 95
38 151
38 11
38 175
38 68
38 85
38 3
38 20
38 109
38 97
38 16
38 146
38 128
38 82
38 121
38 184
38 35
38 101
38 42
38 182
38 156
38 105
38 155
38 119
38 148
38 130
38 124
38 141
38 78
38 163
38 7
38 52
38 185
38 31
38 122
38 26
38 66
38 75
38 37
38 123
38 198
38 39
39 186
39 187
39 179
39 154
39 23
39 193
39 109
39 99
39 73
39 188
39 148
39 151
39 63
39 126
39 79
39 94
39 106
39 55
39 142
39 78
39 136
39 62
39 197
39 16
39 156
39 198
39 68
39 48
39 60
39 103
39 35
39 36
39 173
39 110
39 91
39 184
39 34
39 147
39 64
39 135
39 17
39 194
39 129
39 150
39 2
39 92
39 139
39 41
39 116
39 114
39 178
39 163
39 42
39 162
39 52
39 84
39 157
39 180
39 183
39 83
40 35
40 23
40 131
40 112
40 49
40 128
40 37
40 165
40 82
40 134
40 2
40 4
40 125
40 94
40 124
40 179
40 91
40 71
40 63
40 30
40 21
40 55
40 127
40 93
40 43
40 107
40 78
40 136
40 122
40 109
40 152
40 149
40 182
40 20
40 95
40 186
40 77
40 102
40 176
40 139
40 162
40 116
40 68
40 173
40 166
40 142
40 123
40 14
40 28
40 25
40 15
40 74
40 193
40 73
40 158
40 90
40 39
40 1
41 182
41 150
41 13
41 147
41 185
41 146
41 86
41 48
41 89
41 44
41 159
41 28
41 191
41 69
41 133
41 62
41 169
41 136
41 85
41 35
41 120
41 178
41 123
41 17
41 197
41 131
41 102
41 126
41 189
41 118
41 38
41 83
41 26
41 49
41 151
41 97
41 93
41 187
41 179
41 171
41 107
41 79
41 10
41 125
41 122
41 46
41 95
41 188
41 19
41 160
41 68
41 91
41 71
41 154
41 196
41 80
41 73
41 56
41 199
41 143
41 60
41 177
42 107
42 162
42 150
42 105
42 95
42 161
42 166
42 112
42 96
42 121
42 165
42 126
42 129
42 90
42 178
42 32
42 41
42 174
42 34
42 29
42 111
42 37
42 179
42 118
42 77
42 94
42 164
42 198
42 185
42 14
42 18
42 170
42 148
42 70
42 51
42 57
42 6
42 2
42 108
42 78
42 110
42 115
42 100
42 99
42 80
42 44
42 40
42 177
42 7
42 43
42 33
42 137
42 60
42 101
42 17
42 81
42 144
42 66
42 54
42 191
42 97
42 158
42 52
42 128
42 147
42 168
42 159
42 13
42 175
42 193
43 58
43 77
43 34
43 116
43 47
43 104
43 121
43 12
43 38
43 113
43 74
43 172
43 190
43 128
43 66
43 150
43 175
43 149
43 192
43 67
43 139
43 5
43 143
43 186
43 6
43 174
43 48
43 145
43 10
43 64
43 24
43 81
43 3
43 100
43 157
43 152
43 37
43 28
43 90
43 130
43 124
43 198
43 125
43 36
43 101
43 166
43 97
43 25
43 7
43 4
43 120
43 133
43 15
43 71
43 151
43 72
43 117
43 57
43 22
43 193
43 27
43 111
43 96
44 29
44 102
44 20
44 99
44 131
44 64
44 79
44 188
44 57
44 59
44 43
44 96
44 15
44 72
44 150
44 8
44 2
44 141
44 171
44 1
44 5
44 123
44 36
44 91
44 197
44 132
44 168
44 33
44 140
44 144
44 147
44 189
44 145
44 135
44 187
44 85
44 66
44 32
44 21
44 76
44 58
44 161
44 90
44 143
44 65
44 55
44 48
44 88
44 86
44 11
44 26
44 177
44 37
44 122
44 51
44 63
44 47
44 166
44 126
44 7
44 9
44 19
44 25
44 108
44 98
44 105
45 114
45 38
45 146
45 116
45 121
45 100
45 79
45 141
45 194
45 51
45 176
45 44
45 115
45 40
45 132
45 128
45 56
45 63
45 149
45 89
45 73
45 156
45 109
45 154
45 200
45 94
45 60
45 106
45 41
45 96
45 189
45 196
45 26
45 145
45 177
45 195
45 48
45 68
45 179
45 37
45 43
45 87
45 95
45 157
45 165
45 16
45 186
45 3
45 49
45 92
45 20
45 123
45 10
45 50
45 175
45 150
45 126
46 150
46 133
46 148
46 51
46 117
46 125
46 178
46 161
46 173
46 149
46 43
46 73
46 47
46 146
46 74
46 144
46 196
46 141
46 99
46 87
46 17
46 132
46 53
46 24
46 30
46 174
46 181
46 12
46 106
46 88
46 82
46 138
46 29
46 185
46 120
46 20
46 80
46 49
46 192
46 119
46 151
46 179
46 52
46 95
46 111
46 158
46 11
46 34
46 21
46 194
46 32
46 23
46 7
46 89
46 190
46 166
46 54
46 152
46 104
47 179
47 99
47 155
47 54
47 30
47 164
47 181
47 117
47 166
47 126
47 71
47 114
47 72
47 57
47 84
47 17
47 163
47 184
47 35
47 172
47 175
47 119
47 134
47 176
47 178
47 16
47 138
47 157
47 66
47 41
47 82
47 106
47 161
47 73
47 55
47 139
47 63
47 165
47 92
47 107
47 197
47 61
47 199
47 130
47 79
47 76
47 109
47 52
47 29
47 80
47 58
47 154
47 190
47 85
47 115
47 78
47 118
48 31
48 55
48 81
48 92
48 148
48 59
48 64
48 140
48 19
48 93
48 129
48 151
48 142
48 61
48 63
48 154
48 131
48 102
48 94
48 60
48 16
48 168
48 73
48 21
48 178
48 169
48 126
48 176
48 193
48 196
48 32
48 172
48 7
48 166
48 118
48 197
48 86
48 156
48 77
48 50
48 192
48 91
48 6
48 14
48 78
48 121
48 117
48 163
48 110
48 186
48 27
48 96
48 190
48 5
48 26
48 104
48 89
48 159
49 59
49 28
49 19
49 11
49 128
49 61
49 96
49 92
49 47
49 141
49 184
49 122
49 175
49 76
49 27
49 109
49 170
49 15
49 164
49 98
49 94
49 10
49 9
49 163
49 48
49 69
49 101
49 120
49 79
49 199
49 93
49 108
49 149
49 7
49 139
49 66
49 111
49 83
49 178
49 72
49 65
49 62
49 8
49 137
49 113
49 30
49 196
49 153
49 169
49 121
49 78
49 105
49 173
49 168
49 26
49 5
49 20
49 90
49 82
49 55
49 130
49 129
49 34
49 110
49 104
49 154
49 3
49 58
50 33
50 79
50 189
50 136
50 151
50 51
50 14
50 40
50 169
50 2
50 3
50 22
50 101
50 192
50 109
50 31
50 141
50 10
50 114
50 198
50 7
50 116
50 73
50 27
50 140
50 123
50 102
50 129
50 68
50 63
50 132
50 85
50 78
50 47
50 113
50 8
50 194
50 23
50 103
50 4
50 181
50 60
50 117
50 142
50 39
50 183
50 149
50 91
50 74
50 75
50 179
50 118
50 148
50 195
50 147
50 110
50 90
50 84
50 44
50 191
50 42
50 137
51 176
51 6
51 121
51 177
51 189
51 53
51 81
51 85
51 190
51 40
51 8
51 1
51 137
51 157
51 151
51 5
51 108
51 34
51 149
51 178
51 156
51 119
51 109
51 56
51 49
51 138
51 122
51 115
51 7
51 131
51 73
51 2
51 59
51 27
51 155
51 186
51 166
51 184
51 61
51 72
51 196
51 96
51 13
51 28
51 52
51 139
51 160
51 167
51 153
51 124
51 62
51 110
51 112
51 172
51 198
51 14
51 36
51 82
51 33
51 103
51 67
51 80
51 175
52 140
52 70
52 76
52 161
52 66
52 200
52 175
52 198
52 60
52 102
52 29
52 75
52 162
52 195
52 169
52 20
52 166
52 73
52 90
52 106
52 22
52 100
52 45
52 55
52 71
52 6
52 160
52 67
52 18
52 8
52 171
52 199
52 128
52 148
52 135
52 21
52 108
52 81
52 197
52 124
52 40
52 134
52 121
52 9
52 14
52 109
52 184
52 44
52 127
52 79
52 49
52 104
52 164
52 119
52 2
52 77
53 69
53 22
53 52
53 172
53 50
53 12
53 57
53 45
53 181
53 150
53 110
53 186
53 41
53 29
53 164
53 157
53 117
53 149
53 80
53 26
53 131
53 142
53 2
53 8
53 99
53 170
53 64
53 74
53 161
53 86
53 39
53 144
53 82
53 178
53 75
53 132
53 63
53 196
53 71
53 119
53 40
53 16
53 108
53 70
53 198
53 27
53 36
53 151
53 92
53 176
53 189
53 184
53 6
53 95
53 127
53 187
54 108
54 123
54 66
54 81
54 43
54 109
54 132
54 49
54 72
54 134
54 69
54 18
54 112
54 55
54 45
54 12
54 56
54 105
54 130
54 76
54 48
54 156
54 163
54 84
54 13
54 1
54 175
54 36
54 119
54 187
54 51
54 150
54 52
54 116
54 85
54 140
54 41
54 181
54 161
54 174
54 188
54 184
54 178
54 158
54 94
54 57
54 173
54 183
54 7
54 88
54 21
54 39
54 74
54 61
54 19
54 98
54 97
54 118
54 34
54 9
54 144
55 196
55 18
55 157
55 128
55 181
55 186
55 142
55 42
55 73
55 33
55 15
55 9
55 83
55 131
55 151
55 130
55 7
55 57
55 94
55 165
55 187
55 104
55 77
55 88
55 5
55 120
55 105
55 136
55 29
55 169
55 159
55 68
55 172
55 53
55 24
55 64
55 30
55 140
55 99
55 28
55 35
55 21
55 153
55 175
55 109
55 192
55 41
55 143
55 138
55 164
55 199
55 20
55 124
55 174
55 145
55 27
55 110
55 194
55 98
55 31
55 66
55 167
55 171
55 107
55 67
56 135
56 52
56 144
56 42
56 163
56 151
56 11
56 136
56 6
56 152
56 23
56 24
56 149
56 197
56 19
56 127
56 85
56 179
56 48
56 95
56 185
56 198
56 27
56 58
56 155
56 108
56 50
56 183
56 150
56 115
56 195
56 119
56 62
56 186
56 154
56 28
56 157
56 80
56 172
56 14
56 167
56 178
56 89
56 60
56 8
56 173
56 39
56 49
56 57
56 118
56 32
56 37
56 107
56 133
56 63
56 174
56 112
56 134
56 139
56 43
56 4
56 69
57 180
57 33
57 50
57 46
57 121
57 76
57 115
57 28
57 191
57 70
57 126
57 79
57 68
57 168
57 75
57 147
57 127
57 52
57 24
57 112
57 65
57 69
57 4
57 173
57 171
57 39
57 78
57 1
57 94
57 198
57 144
57 181
57 161
57 67
57 84
57 58
57 154
57 30
57 31
57 77
57 158
57 92
57 116
57 137
57 91
57 142
57 5
57 129
57 155
57 104
57 19
57 10
57 48
57 113
57 62
57 26
57 152
57 96
57 23
58 3
58 39
58 154
58 198
58 91
58 86
58 32
58 166
58 40
58 143
58 189
58 97
58 182
58 178
58 55
58 10
58 19
58 64
58 1
58 158
58 51
58 78
58 11
58 106
58 9
58 138
58 171
58 167
58 168
58 127
58 25
58 42
58 70
58 93
58 48
58 172
58 188
58 132
58 176
58 140
58 63
58 77
58 46
58 156
58 135
58 159
58 80
58 99
58 107
58 142
58 145
58 112
58 109
58 117
58 162
58 180
58 110
59 153
59 198
59 12
59 69
59 5
59 32
59 139
59 38
59 111
59 86
59 56
59 87
59 104
59 175
59 115
59 194
59 3
59 61
59 39
59 20
59 122
59 76
59 185
59 47
59 193
59 77
59 82
59 81
59 63
59 15
59 41
59 156
59 64
59 54
59 125
59 186
59 121
59 137
59 31
59 144
59 7
59 127
59 16
59 180
59 29
59 53
59 157
59 182
59 120
59 132
59 2
59 36
59 40
59 171
59 50
59 128
59 114
59 187
59 60
59 166
60 161
60 148
60 66
60 71
60 26
60 27
60 113
60 62
60 198
60 185
60 97
60 87
60 133
60 158
60 168
60 76
60 6
60 102
60 172
60 83
60 4
60 20
60 16
60 54
60 12
60 17
60 191
60 49
60 14
60 153
60 115
60 159
60 163
60 107
60 145
60 142
60 116
60 109
60 180
60 51
60 166
60 149
60 118
60 3
60 135
60 93
60 65
60 128
60 5
60 132
60 187
60 99
60 11
60 131
60 81
60 30
61 177
61 53
61 105
61 112
61 186
61 133
61 146
61 159
61 162
61 111
61 67
61 31
61 172
61 190
61 167
61 85
61 120
61 182
61 196
61 103
61 16
61 100
61 129
61 119
61 93
61 56
61 134
61 50
61 69
61 44
61 157
61 130
61 84
61 5
61 60
61 46
61 55
61 32
61 151
61 192
61 198
61 171
61 113
61 76
61 127
61 160
61 184
61 147
61 163
61 65
61 199
61 170
61 57
61 18
61 77
61 166
61 109
61 135
61 13
61 158
62 25
62 21
62 110
62 187
62 84
62 164
62 89
62 106
62 160
62 23
62 18
62 162
62 101
62 47
62 177
62 193
62 119
62 1
62 195
62 156
62 139
62 28
62 45
62 29
62 4
62 104
62 190
62 147
62 96
62 12
62 185
62 161
62 31
62 180
62 2
62 80
62 82
62 128
62 112
62 170
62 116
62 46
62 134
62 35
62 58
62 178
62 118
62 14
62 102
62 94
62 181
62 33
62 73
62 22
62 189
62 145
62 174
62 196
62 32
62 86
62 78
63 80
63 76
63 113
63 25
63 123
63 190
63 82
63 176
63 133
63 154
63 3
63 183
63 110
63 193
63 86
63 6
63 130
63 184
63 170
63 83
63 22
63 15
63 152
63 103
63 200
63 134
63 20
63 43
63 85
63 28
63 127
63 93
63 138
63 120
63 146
63 158
63 118
63 88
63 30
63 67
63 180
63 62
63 181
63 36
63 46
63 89
63 196
63 49
63 192
63 182
63 42
63 74
63 197
63 187
63 32
63 4
63 116
63 150
63 41
63 99
63 23
64 198
64 128
64 118
64 183
64 26
64 66
64 85
64 187
64 161
64 159
64 170
64 88
64 49
64 144
64 188
64 181
64 60
64 67
64 200
64 73
64 28
64 2
64 124
64 154
64 179
64 135
64 146
64 87
64 111
64 197
64 65
64 91
64 42
64 117
64 29
64 51
64 47
64 63
64 11
64 166
64 77
64 56
64 7
64 185
64 96
64 151
64 22
64 163
64 131
64 150
64 6
64 97
64 40
64 138
64 103
64 54
64 125
64 157
64 62
65 48
65 136
65 25
65 122
65 188
65 173
65 184
65 128
65 168
65 33
65 38
65 132
65 85
65 58
65 72
65 55
65 183
65 52
65 200
65 10
65 134
65 174
65 179
65 189
65 145
65 83
65 142
65 30
65 56
65 76
65 22
65 40
65 37
65 124
65 187
65 114
65 66
65 2
65 191
65 54
65 138
65 141
65 121
65 98
65 159
65 95
65 43
65 198
65 18
65 125
65 32
65 148
65 68
65 119
65 181
66 122
66 68
66 53
66 160
66 48
66 170
66 80
66 107
66 90
66 76
66 165
66 71
66 185
66 62
66 144
66 187
66 127
66 104
66 81
66 56
66 140
66 158
66 175
66 45
66 157
66 196
66 29
66 120
66 108
66 67
66 181
66 35
66 180
66 79
66 119
66 100
66 132
66 34
66 16
66 50
66 78
66 41
66 95
66 94
66 147
66 176
66 159
66 130
66 85
66 155
66 26
66 121
66 153
66 57
66 1
66 63
66 182
66 189
66 161
66 112
66 46
66 113
67 4
67 33
67 68
67 15
67 73
67 62
67 198
67 174
67 142
67 23
67 81
67 110
67 117
67 146
67 113
67 126
67 80
67 196
67 182
67 109
67 114
67 122
67 143
67 175
67 12
67 108
67 167
67 54
67 131
67 150
67 111
67 177
67 128
67 178
67 90
67 21
67 58
67 6
67 50
67 7
67 35
67 14
67 45
67 49
67 76
67 3
67 170
67 193
67 27
67 91
67 93
67 156
67 160
67 37
67 65
67 188
67 53
67 96
67 9
67 184
67 200
67 42
67 71
68 14
68 54
68 62
68 104
68 195
68 129
68 131
68 139
68 81
68 4
68 51
68 25
68 182
68 142
68 46
68 26
68 49
68 74
68 31
68 160
68 16
68 128
68 112
68 17
68 163
68 172
68 53
68 3
68 82
68 23
68 77
68 166
68 194
68 134
68 125
68 199
68 58
68 191
68 122
68 109
68 52
68 113
68 2
68 152
68 86
68 10
68 108
68 24
68 188
68 190
68 75
68 127
68 8
68 70
68 99
68 107
68 12
68 43
69 50
69 176
69 199
69 42
69 121
69 62
69 186
69 10
69 89
69 143
69 71
69 117
69 190
69 77
69 131
69 140
69 4
69 27
69 90
69 95
69 116
69 92
69 118
69 19
69 187
69 160
69 149
69 14
69 17
69 194
69 8
69 97
69 137
69 32
69 123
69 180
69 114
69 35
69 134
69 81
69 63
69 66
69 200
69 20
69 15
69 11
69 178
69 9
69 33
69 108
69 72
69 142
69 139
69 189
69 6
69 146
69 26
69 174
70 91
70 54
70 145
70 78
70 164
70 190
70 59
70 136
70 48
70 98
70 96
70 166
70 102
70 81
70 170
70 109
70 61
70 20
70 101
70 32
70 21
70 105
70 88
70 69
70 144
70 38
70 127
70 167
70 198
70 77
70 64
70 182
70 120
70 90
70 44
70 17
70 5
70 23
70 72
70 2
70 83
70 1
70 40
70 132
70 176
70 153
70 49
70 103
70 138
70 158
70 63
70 47
70 67
70 194
70 104
70 155
70 65
70 3
70 135
70 55
70 161
70 163
70 26
70 125
70 51
70 31
70 66
71 18
71 193
71 108
71 153
71 144
71 42
71 103
71 93
71 129
71 145
71 32
71 116
71 187
71 156
71 10
71 130
71 30
71 23
71 45
71 117
71 154
71 96
71 128
71 107
71 87
71 76
71 25
71 119
71 99
71 56
71 94
71 46
71 77
71 5
71 141
71 131
71 169
71 152
71 160
71 68
71 51
71 73
71 168
71 170
71 59
71 54
71 172
71 114
71 49
71 189
71 183
71 182
71 24
71 163
71 6
71 95
71 88
71 191
71 38
71 55
72 166
72 177
72 162
72 159
72 28
72 104
72 27
72 1
72 156
72 45
72 99
72 20
72 50
72 143
72 151
72 120
72 112
72 154
72 141
72 152
72 59
72 5
72 129
72 126
72 107
72 169
72 178
72 153
72 36
72 170
72 144
72 186
72 64
72 53
72 180
72 185
72 97
72 160
72 148
72 35
72 37
72 84
72 63
72 73
72 165
72 174
72 71
72 33
72 195
72 56
72 16
72 22
72 140
72 183
72 90
72 52
73 160
73 87
73 136
73 167
73 93
73 23
73 154
73 108
73 77
73 44
73 193
73 147
73 26
73 32
73 98
73 111
73 58
73 60
73 155
73 57
73 100
73 65
73 66
73 117
73 191
73 1
73 183
73 187
73 54
73 8
73 200
73 179
73 158
73 88
73 56
73 91
73 175
73 152
73 85
73 120
73 150
73 104
73 105
73 69
73 122
73 184
73 131
73 99
73 78
73 118
73 94
73 194
73 115
73 17
73 181
73 171
73 153
73 7
73 70
73 140
73 92
73 6
73 173
74 16
74 133
74 101
74 177
74 30
74 125
74 78
74 112
74 99
74 28
74 183
74 115
74 105
74 181
74 164
74 151
74 104
74 71
74 18
74 175
74 129
74 12
74 27
74 191
74 188
74 140
74 153
74 52
74 31
74 113
74 141
74 123
74 11
74 62
74 65
74 20
74 172
74 66
74 168
74 38
74 61
74 173
74 156
74 44
74 116
74 176
74 179
74 88
74 70
74 84
74 158
74 77
74 42
74 102
74 48
74 64
74 51
74 6
74 55
74 26
74 90
75 184
75 11
75 45
75 123
75 78
75 97
75 168
75 2
75 135
75 156
75 10
75 159
75 155
75 27
75 91
75 186
75 180
75 94
75 98
75 171
75 81
75 42
75 134
75 157
75 34
75 54
75 23
75 167
75 115
75 120
75 20
75 114
75 131
75 51
75 95
75 117
75 43
75 15
75 191
75 116
75 4
75 83
75 41
75 113
75 125
75 106
75 176
75 170
75 22
75 35
75 193
75 139
75 88
75 30
75 71
75 185
76 19
76 141
76 182
76 56
76 145
76 139
76 23
76 135
76 53
76 18
76 37
76 172
76 85
76 187
76 121
76 136
76 87
76 77
76 50
76 38
76 156
76 110
76 75
76 149
76 22
76 144
76 93
76 74
76 197
76 33
76 167
76 86
76 152
76 194
76 95
76 91
76 125
76 70
76 14
76 105
76 198
76 129
76 55
76 90
76 35
76 92
76 73
76 146
76 200
76 154
76 185
76 191
76 177
76 175
76 164
76 192
76 69
76 42
76 163
77 126
77 93
77 199
77 154
77 89
77 135
77 121
77 22
77 15
77 176
77 39
77 95
77 66
77 41
77 183
77 67
77 191
77 56
77 180
77 82
77 189
77 160
77 75
77 109
77 184
77 33
77 190
77 149
77 2
77 117
77 34
77 196
77 175
77 102
77 26
77 185
77 200
77 44
77 94
77 30
77 174
77 147
77 72
77 169
77 155
77 156
77 29
77 168
77 4
77 164
77 54
77 145
77 86
77 6
77 1
77 170
77 49
77 80
77 106
78 175
78 52
78 133
78 97
78 127
78 24
78 37
78 118
78 69
78 131
78 43
78 189
78 64
78 130
78 124
78 94
78 63
78 81
78 54
78 170
78 112
78 103
78 76
78 88
78 110
78 183
78 116
78 157
78 20
78 186
78 3
78 10
78 134
78 14
78 19
78 56
78 4
78 65
78 160
78 6
78 117
78 119
78 140
78 155
78 179
78 152
78 71
78 21
78 29
78 79
78 132
78 165
78 15
78 9
78 181
78 121
78 25
78 12
78 67
78 17
78 167
78 111
78 23
78 192
78 129
79 51
79 147
79 128
79 36
79 10
79 185
79 117
79 29
79 90
79 100
79 119
79 99
79 9
79 68
79 62
79 60
79 97
79 178
79 114
79 55
79 111
79 177
79 148
79 167
79 199
79 13
79 1
79 122
79 85
79 150
79 7
79 197
79 142
79 157
79 152
79 77
79 120
79 163
79 154
79 169
79 134
79 73
79 8
79 38
79 75
79 76
79 180
79 183
79 46
79 133
79 31
79 28
80 124
80 182
80 147
80 139
80 151
80 100
80 191
80 119
80 178
80 13
80 37
80 74
80 164
80 23
80 111
80 166
80 155
80 184
80 36
80 75
80 176
80 26
80 69
80 115
80 131
80 38
80 187
80 153
80 86
80 10
80 71
80 73
80 61
80 186
80 163
80 134
80 39
80 57
80 27
80 123
80 183
80 136
80 54
80 192
80 101
80 102
80 196
80 89
80 70
80 78
80 15
80 162
80 92
80 167
80 98
80 170
80 52
80 29
81 164
81 22
81 152
81 116
81 33
81 98
81 87
81 144
81 40
81 195
81 57
81 156
81 100
81 110
81 13
81 80
81 107
81 61
81 47
81 24
81 72
81 83
81 192
81 117
81 62
81 118
81 114
81 39
81 95
81 26
81 143
81 128
81 73
81 190
81 12
81 151
81 3
81 56
81 92
81 132
81 17
81 178
81 79
81 86
81 194
81 104
81 196
81 35
81 11
81 181
81 31
81 49
81 112
81 97
81 158
81 77
81 134
81 41
81 172
81 149
82 193
82 94
82 140
82 152
82 87
82 21
82 148
82 58
82 113
82 142
82 12
82 127
82 60
82 55
82 42
82 190
82 195
82 89
82 185
82 24
82 155
82 57
82 176
82 116
82 161
82 164
82 121
82 135
82 54
82 134
82 119
82 39
82 150
82 25
82 67
82 90
82 3
82 178
82 124
82 95
82 76
82 136
82 196
82 133
82 145
82 78
82 141
82 5
82 96
82 107
82 81
82 169
82 34
82 27
82 146
82 70
83 110
83 101
83 36
83 84
83 125
83 173
83 134
83 115
83 6
83 193
83 185
83 69
83 47
83 42
83 64
83 169
83 72
83 57
83 159
83 198
83 130
83 91
83 105
83 88
83 13
83 187
83 156
83 21
83 167
83 74
83 77
83 129
83 93
83 186
83 120
83 128
83 135
83 199
83 103
83 14
83 76
83 189
83 61
83 32
83 146
83 43
83 99
83 140
83 157
83 79
83 78
83 137
83 98
83 2
83 145
83 73
83 133
83 54
83 109
83 153
83 200
83 108
84 76
84 183
84 148
84 117
84 152
84 79
84 8
84 173
84 186
84 48
84 191
84 46
84 121
84 78
84 93
84 165
84 42
84 64
84 27
84 16
84 6
84 41
84 2
84 40
84 52
84 60
84 197
84 98
84 184
84 94
84 70
84 139
84 95
84 161
84 107
84 126
84 89
84 118
84 10
84 43
84 30
84 175
84 100
84 123
84 194
84 180
84 144
84 18
84 1
84 55
84 146
84 97
84 112
84 199
84 45
84 69
84 145
84 25
84 14
84 28
85 26
85 162
85 143
85 185
85 75
85 34
85 4
85 119
85 166
85 60
85 164
85 48
85 77
85 180
85 197
85 111
85 117
85 116
85 135
85 150
85 118
85 186
85 129
85 128
85 74
85 124
85 11
85 58
85 156
85 94
85 1
85 43
85 97
85 177
85 67
85 132
85 179
85 52
85 82
85 78
85 183
85 182
85 28
85 158
85 138
85 89
85 84
85 144
85 70
85 69
85 32
85 57
85 7
85 36
85 6
85 49
85 22
85 155
86 178
86 15
86 107
86 157
86 172
86 170
86 110
86 70
86 151
86 141
86 154
86 73
86 164
86 199
86 181
86 71
86 147
86 120
86 18
86 125
86 5
86 43
86 119
86 99
86 49
86 11
86 55
86 140
86 126
86 160
86 31
86 165
86 90
86 52
86 33
86 83
86 17
86 177
86 36
86 28
86 104
86 133
86 78
86 158
86 13
86 162
86 171
86 22
86 6
86 69
86 148
86 192
86 9
86 39
86 111
86 61
86 20
86 130
86 42
86 64
86 87
87 139
87 70
87 155
87 103
87 196
87 130
87 66
87 52
87 44
87 153
87 79
87 38
87 11
87 85
87 49
87 118
87 7
87 108
87 50
87 127
87 90
87 68
87 159
87 162
87 29
87 83
87 54
87 185
87 18
87 158
87 182
87 12
87 166
87 142
87 187
87 173
87 133
87 126
87 15
87 138
87 183
87 28
87 190
87 22
87 181
87 184
87 109
87 144
87 88
87 167
87 56
87 178
87 137
87 174
87 96
87 65
87 40
87 57
87 160
87 62
87 112
87 3
87 31
87 23
87 2
87 95
88 27
88 1
88 49
88 125
88 57
88 149
88 79
88 131
88 177
88 142
88 65
88 53
88 130
88 51
88 196
88 176
88 154
88 13
88 56
88 81
88 191
88 72
88 127
88 90
88 82
88 40
88 80
88 192
88 180
88 171
88 148
88 135
88 41
88 69
88 66
88 119
88 114
88 172
88 102
88 85
88 45
88 129
88 39
88 35
88 50
88 7
88 25
88 185
88 136
88 118
88 190
88 121
88 3
88 146
88 151
88 98
88 158
88 164
88 32
88 106
88 76
89 167
89 192
89 30
89 67
89 32
89 49
89 8
89 78
89 145
89 64
89 42
89 141
89 180
89 23
89 174
89 98
89 12
89 100
89 104
89 33
89 7
89 66
89 24
89 68
89 176
89 99
89 118
89 113
89 73
89 102
89 153
89 188
89 197
89 168
89 81
89 127
89 21
89 17
89 52
89 86
89 196
89 117
89 198
89 40
89 83
89 53
89 194
89 107
89 200
89 65
89 79
89 87
89 149
89 29
89 15
89 70
89 120
89 9
89 59
89 138
90 119
90 165
90 189
90 9
90 6
90 55
90 187
90 35
90 124
90 118
90 172
90 132
90 37
90 142
90 59
90 178
90 135
90 1
90 151
90 41
90 92
90 160
90 75
90 140
90 137
90 38
90 194
90 31
90 62
90 107
90 175
90 104
90 65
90 100
90 16
90 122
90 191
90 80
90 125
90 5
90 159
90 11
90 83
90 51
90 126
90 166
90 181
90 102
90 45
90 129
90 199
90 81
90 154
90 156
90 127
90 149
90 114
90 68
90 168
90 200
90 108
91 82
91 42
91 131
91 150
91 181
91 117
91 190
91 54
91 188
91 55
91 121
91 26
91 163
91 112
91 16
91 72
91 98
91 144
91 106
91 9
91 62
91 109
91 43
91 87
91 125
91 158
91 145
91 187
91 34
91 162
91 74
91 191
91 61
91 65
91 81
91 68
91 47
91 80
91 7
91 63
91 45
91 20
91 100
91 56
91 195
91 174
91 128
91 180
91 166
91 24
91 113
91 133
91 101
91 164
91 142
91 127
91 149
91 138
92 6
92 83
92 33
92 170
92 171
92 165
92 94
92 191
92 9
92 67
92 64
92 58
92 44
92 15
92 71
92 122
92 7
92 60
92 118
92 89
92 149
92 74
92 38
92 68
92 70
92 24
92 169
92 147
92 103
92 62
92 79
92 158
92 119
92 189
92 59
92 200
92 123
92 114
92 98
92 174
92 131
92 96
92 86
92 194
92 34
92 82
92 135
92 52
92 110
92 37
92 163
92 50
92 176
92 145
92 105
92 8
92 152
92 137
92 91
92 188
92 28
92 43
92 16
92 41
92 84
92 107
92 19
92 146
93 127
93 101
93 36
93 194
93 1
93 195
93 179
93 144
93 104
93 110
93 5
93 167
93 176
93 186
93 14
93 87
93 54
93 56
93 118
93 24
93 32
93 72
93 136
93 131
93 191
93 65
93 132
93 123
93 10
93 138
93 178
93 102
93 50
93 2
93 153
93 86
93 159
93 18
93 44
93 89
93 25
93 92
93 133
93 55
93 59
93 169
93 162
93 47
93 170
93 34
93 46
93 181
93 151
93 16
93 112
93 62
93 70
93 117
93 42
93 149
93 13
93 53
94 20
94 134
94 88
94 28
94 10
94 193
94 150
94 18
94 81
94 177
94 196
94 148
94 51
94 24
94 185
94 187
94 191
94 76
94 125
94 56
94 168
94 68
94 122
94 9
94 67
94 83
94 52
94 116
94 117
94 192
94 80
94 34
94 53
94 50
94 5
94 61
94 156
94 65
94 23
94 12
94 30
94 60
94 11
94 186
94 108
94 163
94 95
94 128
94 169
94 15
94 46
94 124
94 4
94 138
94 43
94 184
94 96
94 183
94 158
94 160
94 141
95 174
95 3
95 187
95 179
95 154
95 175
95 85
95 124
95 74
95 36
95 180
95 178
95 134
95 193
95 196
95 9
95 89
95 172
95 2
95 80
95 5
95 144
95 92
95 152
95 138
95 141
95 7
95 142
95 4
95 64
95 32
95 136
95 37
95 171
95 115
95 156
95 83
95 120
95 114
95 33
95 39
95 55
95 48
95 54
95 6
95 61
95 59
95 183
95 197
95 112
95 137
95 93
95 160
95 49
95 97
95 88
95 52
95 67
95 73
95 86
96 121
96 126
96 10
96 123
96 86
96 6
96 40
96 75
96 117
96 28
96 93
96 197
96 182
96 41
96 4
96 23
96 73
96 114
96 74
96 183
96 113
96 118
96 60
96 101
96 50
96 83
96 63
96 108
96 170
96 198
96 22
96 76
96 110
96 66
96 78
96 24
96 112
96 168
96 146
96 8
96 176
96 122
96 166
96 179
96 61
96 155
96 137
96 173
96 147
96 164
96 30
96 116
96 100
96 157
96 65
96 119
96 37
96 160
96 104
96 180
96 145
96 139
96 148
96 35
96 194
96 68
97 83
97 168
97 2
97 199
97 136
97 21
97 117
97 59
97 93
97 150
97 33
97 116
97 125
97 92
97 103
97 34
97 15
97 52
97 98
97 96
97 120
97 137
97 200
97 46
97 124
97 30
97 139
97 174
97 7
97 19
97 156
97 70
97 185
97 160
97 165
97 164
97 110
97 88
97 198
97 148
97 170
97 154
97 56
97 135
97 183
97 6
97 5
97 45
97 49
97 80
97 122
97 66
97 112
97 134
97 11
97 71
97 90
97 187
97 24
97 106
98 10
98 74
98 165
98 63
98 151
98 147
98 99
98 167
98 190
98 96
98 139
98 116
98 42
98 40
98 133
98 136
98 94
98 142
98 175
98 72
98 57
98 77
98 130
98 6
98 109
98 174
98 82
98 93
98 152
98 19
98 187
98 3
98 198
98 9
98 47
98 58
98 146
98 178
98 67
98 195
98 87
98 145
98 43
98 61
98 160
98 127
98 20
98 177
98 12
98 62
98 21
98 28
98 41
98 50
98 17
98 115
98 51
98 64
98 129
98 78
98 46
99 94
99 23
99 11
99 43
99 37
99 30
99 101
99 184
99 159
99 148
99 5
99 95
99 8
99 91
99 31
99 153
99 67
99 97
99 20
99 183
99 70
99 197
99 146
99 41
99 115
99 111
99 66
99 144
99 50
99 93
99 195
99 135
99 166
99 142
99 143
99 81
99 126
99 45
99 76
99 124
99 24
99 120
99 198
99 138
99 7
99 180
99 112
99 185
99 64
99 150
99 77
99 9
99 90
99 25
99 134
99 189
99 149
100 192
100 170
100 53
100 139
100 88
100 1
100 25
100 35
100 40
100 26
100 47
100 169
100 175
100 164
100 147
100 67
100 178
100 199
100 181
100 154
100 95
100 62
100 136
100 48
100 101
100 38
100 104
100 191
100 149
100 33
100 44
100 24
100 142
100 86
100 190
100 74
100 107
100 83
100 13
100 155
100 75
100 157
100 121
100 94
100 173
100 98
100 72
100 103
100 119
100 87
100 196
100 93
100 124
100 168
100 120
100 78
100 174
100 77
101 168
101 20
101 15
101 21
101 6
101 130
101 124
101 98
101 2
101 32
101 179
101 142
101 76
101 30
101 65
101 33
101 175
101 147
101 156
101 1
101 164
101 55
101 165
101 178
101 86
101 103
101 89
101 143
101 40
101 73
101 192
101 48
101 195
101 18
101 71
101 190
101 150
101 194
101 68
101 173
101 84
101 97
101 78
101 52
101 163
101 118
101 166
101 137
101 28
101 45
101 63
101 31
101 106
101 171
101 198
101 81
101 90
101 159
102 163
102 119
102 135
102 87
102 6
102 165
102 137
102 128
102 181
102 122
102 166
102 25
102 153
102 171
102 100
102 195
102 123
102 33
102 131
102 75
102 81
102 38
102 45
102 69
102 66
102 99
102 162
102 58
102 121
102 49
102 152
102 3
102 132
102 68
102 130
102 65
102 158
102 47
102 151
102 104
102 138
102 35
102 76
102 56
102 112
102 39
102 10
102 92
102 187
102 97
102 127
102 27
102 8
102 7
102 170
102 11
102 34
102 83
102 63
102 24
103 75
103 151
103 16
103 60
103 180
103 77
103 126
103 122
103 54
103 40
103 163
103 164
103 43
103 115
103 68
103 177
103 81
103 192
103 193
103 58
103 9
103 99
103 10
103 165
103 199
103 182
103 173
103 186
103 131
103 82
103 172
103 117
103 66
103 107
103 59
103 120
103 67
103 44
103 175
103 38
103 181
103 47
103 189
103 53
103 21
103 153
103 84
103 121
103 124
103 8
103 184
103 159
103 28
103 136
103 160
104 138
104 79
104 38
104 106
104 129
104 67
104 27
104 159
104 121
104 181
104 116
104 124
104 196
104 153
104 21
104 39
104 111
104 15
104 45
104 16
104 112
104 156
104 172
104 56
104 18
104 84
104 8
104 69
104 197
104 76
104 92
104 177
104 123
104 40
104 63
104 178
104 61
104 4
104 44
104 163
104 17
104 88
104 82
104 11
104 165
104 75
104 160
104 91
104 130
104 144
104 78
104 42
104 179
104 80
104 173
104 188
104 187
104 77
104 26
104 98
104 186
105 67
105 91
105 15
105 71
105 189
105 95
105 20
105 18
105 130
105 41
105 197
105 6
105 160
105 19
105 63
105 104
105 200
105 190
105 37
105 185
105 122
105 29
105 142
105 152
105 78
105 177
105 108
105 96
105 4
105 194
105 145
105 65
105 110
105 11
105 168
105 102
105 97
105 31
105 33
105 3
105 179
105 56
105 139
105 45
105 128
105 69
105 25
105 175
105 127
105 93
105 135
105 17
105 129
105 103
106 21
106 197
106 180
106 149
106 12
106 60
106 171
106 40
106 170
106 61
106 98
106 187
106 161
106 143
106 182
106 2
106 178
106 145
106 196
106 9
106 124
106 83
106 176
106 56
106 51
106 74
106 44
106 93
106 57
106 30
106 23
106 110
106 5
106 11
106 71
106 54
106 147
106 125
106 32
106 129
106 19
106 157
106 132
106 141
106 22
106 14
106 148
106 123
106 55
106 177
106 81
106 66
106 38
106 191
106 152
106 100
107 194
107 173
107 104
107 178
107 17
107 126
107 77
107 43
107 22
107 16
107 69
107 74
107 19
107 98
107 157
107 165
107 2
107 136
107 120
107 115
107 175
107 30
107 65
107 192
107 12
107 138
107 39
107 76
107 29
107 169
107 7
107 174
107 36
107 185
107 161
107 158
107 83
107 26
107 49
107 87
107 25
107 199
107 95
107 85
107 184
107 1
107 51
107 21
107 155
107 110
107 166
107 9
107 195
107 144
107 142
108 46
108 86
108 106
108 8
108 177
108 74
108 31
108 147
108 176
108 165
108 20
108 190
108 156
108 93
108 89
108 200
108 166
108 88
108 97
108 133
108 182
108 38
108 104
108 36
108 27
108 63
108 116
108 14
108 115
108 112
108 164
108 118
108 39
108 146
108 136
108 92
108 145
108 26
108 183
108 119
108 48
108 99
108 25
108 7
108 5
108 100
108 45
108 59
108 120
108 78
108 179
108 144
108 81
108 41
108 188
108 131
108 151
108 64
108 23
108 101
108 58
108 122
109 200
109 8
109 92
109 185
109 9
109 59
109 182
109 42
109 14
109 36
109 95
109 150
109 29
109 35
109 86
109 43
109 196
109 99
109 105
109 153
109 190
109 197
109 187
109 100
109 44
109 90
109 62
109 64
109 84
109 162
109 164
109 22
109 133
109 71
109 134
109 21
109 72
109 146
109 123
109 138
109 136
109 103
109 168
109 101
109 106
109 137
109 17
109 30
109 122
109 104
109 108
109 199
109 194
109 125
109 180
109 81
109 159
109 141
110 115
110 45
110 143
110 173
110 85
110 138
110 144
110 122
110 7
110 101
110 71
110 99
110 196
110 136
110 18
110 190
110 142
110 27
110 59
110 151
110 188
110 2
110 169
110 194
110 98
110 120
110 44
110 87
110 82
110 137
110 57
110 100
110 80
110 168
110 25
110 54
110 161
110 46
110 192
110 128
110 84
110 15
110 14
110 170
110 26
110 73
110 5
110 141
110 135
110 182
110 178
110 172
110 109
110 88
110 131
110 145
110 70
110 160
110 154
110 61
110 113
110 108
111 57
111 164
111 50
111 97
111 176
111 107
111 138
111 200
111 98
111 167
111 8
111 53
111 39
111 7
111 96
111 74
111 175
111 195
111 150
111 103
111 9
111 128
111 109
111 105
111 126
111 82
111 32
111 129
111 84
111 158
111 183
111 132
111 143
111 122
111 185
111 197
111 93
111 180
111 72
111 153
111 125
111 114
111 193
111 20
111 130
111 2
111 87
111 47
111 179
111 134
112 53
112 103
112 133
112 31
112 173
112 3
112 8
112 134
112 131
112 16
112 1
112 12
112 43
112 28
112 24
112 119
112 37
112 45
112 17
112 124
112 32
112 148
112 142
112 80
112 71
112 136
112 83
112 33
112 196
112 174
112 39
112 70
112 52
112 50
112 49
112 14
112 60
112 63
112 76
112 198
112 181
112 191
112 26
112 92
112 164
112 161
112 34
112 23
112 73
112 65
112 98
112 88
112 105
112 64
112 111
112 100
112 159
112 47
112 106
112 122
112 27
112 150
112 55
112 117
112 11
113 134
113 5
113 25
113 128
113 157
113 6
113 84
113 52
113 4
113 148
113 58
113 115
113 42
113 154
113 21
113 190
113 77
113 46
113 172
113 108
113 141
113 18
113 97
113 156
113 129
113 24
113 64
113 169
113 35
113 182
113 106
113 138
113 87
113 73
113 2
113 152
113 92
113 171
113 79
113 51
113 71
113 56
113 94
113 83
113 29
113 104
113 185
113 155
113 65
113 100
113 151
113 41
113 85
113 111
113 165
113 179
113 118
113 70
114 89
114 60
114 155
114 100
114 119
114 130
114 149
114 126
114 30
114 189
114 191
114 11
114 4
114 51
114 84
114 138
114 97
114 1
114 192
114 43
114 194
114 37
114 21
114 163
114 58
114 53
114 93
114 63
114 10
114 68
114 98
114 131
114 99
114 61
114 122
114 66
114 179
114 180
114 13
114 85
114 64
114 115
114 86
114 19
114 183
114 112
114 76
114 24
114 80
114 14
114 35
114 199
114 72
114 105
114 109
114 18
114 160
114 107
114 83
115 61
115 140
115 127
115 65
115 138
115 43
115 76
115 169
115 88
115 119
115 82
115 174
115 165
115 112
115 111
115 20
115 166
115 10
115 100
115 135
115 129
115 189
115 179
115 86
115 193
115 40
115 91
115 35
115 54
115 194
115 66
115 176
115 160
115 97
115 152
115 102
115 182
115 117
115 178
115 46
115 177
115 105
115 29
115 9
115 188
115 84
115 150
115 55
115 7
115 159
115 41
115 72
115 96
115 125
115 58
115 3
116 113
116 195
116 36
116 11
116 64
116 134
116 46
116 92
116 19
116 35
116 51
116 14
116 55
116 22
116 72
116 86
116 121
116 26
116 123
116 135
116 41
116 157
116 168
116 152
116 1
116 107
116 88
116 155
116 33
116 67
116 154
116 44
116 105
116 12
116 188
116 59
116 112
116 24
116 161
116 48
116 119
116 151
116 139
116 169
116 53
116 42
116 87
116 91
116 68
116 8
116 131
116 124
116 58
116 13
116 79
116 191
116 102
116 136
116 77
117 55
117 123
117 133
117 8
117 45
117 28
117 107
117 116
117 68
117 132
117 6
117 5
117 167
117 65
117 140
117 160
117 63
117 66
117 88
117 56
117 30
117 72
117 2
117 149
117 195
117 139
117 173
117 42
117 36
117 156
117 157
117 74
117 4
117 57
117 184
117 51
117 34
117 183
117 158
117 83
117 174
117 87
117 95
117 100
117 127
117 130
117 38
117 82
117 186
117 150
117 59
117 145
117 33
117 119
117 31
117 170
117 114
117 146
117 32
117 24
117 44
117 16
117 194
117 61
117 104
117 185
118 98
118 104
118 134
118 72
118 169
118 142
118 74
118 174
118 157
118 146
118 137
118 199
118 66
118 59
118 55
118 160
118 155
118 58
118 141
118 138
118 127
118 161
118 83
118 29
118 25
118 200
118 82
118 190
118 49
118 167
118 125
118 119
118 133
118 68
118 152
118 18
118 180
118 53
118 65
118 183
118 35
118 111
118 140
118 131
118 51
118 80
118 170
118 4
118 187
118 75
118 19
118 21
118 162
118 158
118 46
118 128
118 144
119 84
119 44
119 77
119 122
119 199
119 198
119 42
119 149
119 128
119 59
119 87
119 76
119 18
119 28
119 169
119 194
119 10
119 91
119 69
119 185
119 1
119 14
119 146
119 106
119 23
119 75
119 163
119 81
119 123
119 188
119 48
119 150
119 95
119 110
119 68
119 49
119 60
119 8
119 143
119 19
119 93
119 167
119 31
119 104
119 126
119 187
119 72
119 37
119 15
119 161
119 164
119 135
119 2
119 181
119 3
119 113
119 94
119 174
119 55
119 39
119 34
119 99
120 85
120 74
120 51
120 38
120 191
120 76
120 16
120 50
120 186
120 56
120 109
120 145
120 155
120 193
120 47
120 22
120 101
120 15
120 132
120 111
120 154
120 88
120 157
120 64
120 197
120 104
120 4
120 175
120 195
120 77
120 67
120 2
120 144
120 114
120 166
120 199
120 163
120 185
120 170
120 152
120 32
120 8
120 165
120 169
120 68
120 160
120 105
120 116
120 172
120 11
120 14
120 196
120 65
121 68
121 8
121 46
121 99
121 185
121 177
121 56
121 44
121 93
121 159
121 168
121 166
121 184
121 186
121 158
121 92
121 148
121 55
121 153
121 53
121 33
121 64
121 40
121 111
121 13
121 161
121 170
121 197
121 147
121 126
121 123
121 160
121 146
121 74
121 119
121 192
121 31
121 137
121 50
121 67
121 61
121 98
121 14
121 80
121 122
121 16
121 89
121 70
121 113
121 200
121 97
121 141
121 138
121 36
121 39
121 94
121 18
121 110
121 117
121 23
122 95
122 76
122 138
122 47
122 177
122 80
122 91
122 199
122 31
122 32
122 137
122 157
122 64
122 190
122 53
122 70
122 3
122 118
122 86
122 178
122 72
122 132
122 25
122 146
122 184
122 195
122 149
122 159
122 129
122 133
122 12
122 185
122 4
122 156
122 18
122 34
122 82
122 193
122 101
122 36
122 22
122 100
122 196
122 192
122 21
122 187
122 189
122 16
122 75
122 78
122 5
122 1
122 28
122 87
122 153
122 10
122 85
122 120
122 63
122 83
123 7
123 17
123 70
123 115
123 158
123 46
123 42
123 113
123 6
123 200
123 156
123 4
123 34
123 25
123 118
123 173
123 76
123 110
123 186
123 164
123 154
123 16
123 81
123 168
123 198
123 56
123 99
123 170
123 146
123 139
123 35
123 82
123 90
123 48
123 108
123 125
123 155
123 55
123 71
123 78
123 179
123 171
123 163
123 51
123 91
123 39
123 190
123 36
123 13
123 66
123 89
123 103
123 120
123 18
123 101
123 67
123 144
123 32
123 189
123 5
124 81
124 115
124 60
124 153
124 119
124 168
124 135
124 66
124 77
124 91
124 27
124 196
124 192
124 113
124 200
124 111
124 53
124 25
124 105
124 58
124 10
124 198
124 186
124 172
124 199
124 67
124 29
124 102
124 129
124 12
124 118
124 108
124 180
124 141
124 93
124 136
124 21
124 15
124 117
124 92
124 26
124 169
124 178
124 44
124 176
124 16
124 155
124 160
124 39
124 62
124 109
124 142
124 158
124 69
124 197
124 46
124 49
124 132
124 32
124 45
124 48
124 59
125 78
125 195
125 108
125 100
125 22
125 57
125 80
125 81
125 140
125 101
125 113
125 51
125 60
125 193
125 36
125 150
125 130
125 11
125 194
125 158
125 69
125 85
125 151
125 132
125 117
125 138
125 87
125 135
125 10
125 112
125 176
125 28
125 162
125 133
125 107
125 157
125 39
125 148
125 17
125 136
125 77
125 31
125 200
125 141
125 120
125 145
125 198
125 9
125 72
125 102
125 5
125 163
125 27
125 114
125 152
125 144
125 110
125 197
125 98
125 62
125 15
125 73
125 147
126 148
126 200
126 142
126 157
126 85
126 4
126 188
126 195
126 28
126 145
126 25
126 15
126 189
126 100
126 11
126 9
126 51
126 22
126 46
126 194
126 50
126 93
126 141
126 92
126 16
126 199
126 179
126 59
126 168
126 38
126 29
126 70
126 125
126 82
126 88
126 76
126 167
126 58
126 110
126 166
126 134
126 136
126 109
126 115
126 20
126 63
126 62
126 21
126 91
126 124
126 116
126 173
126 163
126 130
126 36
126 94
126 152
126 105
126 162
126 40
126 138
127 5
127 104
127 155
127 123
127 75
127 122
127 157
127 97
127 100
127 95
127 121
127 48
127 99
127 45
127 171
127 3
127 12
127 170
127 22
127 62
127 135
127 129
127 144
127 154
127 159
127 158
127 147
127 108
127 199
127 107
127 55
127 54
127 84
127 149
127 183
127 133
127 86
127 194
127 17
127 200
127 186
127 140
127 39
127 23
127 161
127 81
127 6
127 119
127 125
127 145
127 196
127 178
127 128
127 148
127 19
127 101
127 195
127 126
127 14
127 153
127 114
127 180
127 182
127 73
128 87
128 50
128 139
128 116
128 188
128 69
128 132
128 89
128 174
128 57
128 77
128 80
128 157
128 191
128 182
128 147
128 117
128 44
128 97
128 4
128 9
128 187
128 112
128 6
128 148
128 21
128 145
128 1
128 90
128 63
128 114
128 150
128 88
128 12
128 66
128 121
128 99
128 96
128 19
128 120
128 7
128 142
128 51
128 126
128 17
128 84
128 173
128 26
128 92
128 141
128 108
128 184
128 75
128 14
128 13
128 158
128 197
128 93
128 70
128 133
128 167
128 47
129 32
129 118
129 156
129 107
129 62
129 15
129 116
129 82
129 146
129 179
129 195
129 41
129 158
129 75
129 200
129 63
129 136
129 96
129 46
129 92
129 40
129 199
129 7
129 194
129 117
129 65
129 161
129 91
129 101
129 193
129 172
129 51
129 97
129 108
129 87
129 25
129 33
129 141
129 126
129 134
129 69
129 154
129 142
129 23
129 177
129 16
129 181
129 70
129 109
129 130
129 66
129 140
129 13
129 196
129 191
129 55
129 125
129 44
129 100
129 150
130 52
130 57
130 82
130 110
130 13
130 138
130 41
130 92
130 118
130 96
130 23
130 148
130 185
130 84
130 198
130 6
130 5
130 128
130 26
130 107
130 112
130 167
130 44
130 158
130 151
130 80
130 124
130 34
130 31
130 18
130 30
130 75
130 93
130 39
130 24
130 74
130 11
130 42
130 123
130 62
130 7
130 1
130 103
130 159
130 69
130 109
130 139
130 133
130 195
130 12
130 168
130 25
130 175
130 127
131 173
131 136
131 177
131 43
131 86
131 169
131 153
131 82
131 188
131 117
131 32
131 161
131 182
131 126
131 150
131 12
131 18
131 100
131 6
131 107
131 135
131 156
131 184
131 193
131 123
131 98
131 174
131 84
131 142
131 143
131 94
131 42
131 66
131 97
131 106
131 179
131 1
131 175
131 65
131 29
131 49
131 163
131 195
131 166
131 25
131 72
131 74
131 111
131 170
131 21
131 5
131 172
131 19
131 50
131 99
131 194
131 54
131 138
132 151
132 169
132 48
132 91
132 31
132 164
132 193
132 96
132 118
132 62
132 133
132 101
132 134
132 15
132 67
132 129
132 144
132 89
132 112
132 180
132 104
132 177
132 49
132 109
132 143
132 155
132 87
132 195
132 5
132 168
132 161
132 61
132 26
132 88
132 107
132 37
132 126
132 73
132 189
132 29
132 22
132 127
132 55
132 194
132 114
132 43
132 6
132 42
132 160
132 108
132 84
132 200
132 116
132 56
132 76
132 103
132 98
132 156
132 136
133 147
133 76
133 151
133 120
133 141
133 7
133 116
133 84
133 3
133 163
133 37
133 136
133 152
133 23
133 188
133 73
133 81
133 28
133 97
133 129
133 142
133 88
133 200
133 186
133 10
133 64
133 143
133 150
133 192
133 89
133 39
133 24
133 113
133 27
133 162
133 25
133 15
133 119
133 50
133 17
133 106
133 92
133 104
133 123
133 71
133 155
133 49
133 191
133 105
133 85
133 178
133 67
133 35
133 161
133 9
133 69
133 42
133 144
133 29
133 189
133 96
134 86
134 154
134 173
134 152
134 64
134 43
134 137
134 15
134 122
134 150
134 39
134 22
134 49
134 13
134 136
134 36
134 31
134 35
134 45
134 178
134 59
134 155
134 162
134 115
134 102
134 76
134 174
134 29
134 161
134 8
134 91
134 148
134 53
134 92
134 93
134 30
134 170
134 46
134 124
134 96
134 90
134 114
134 34
134 140
134 72
134 149
134 195
134 166
134 7
134 21
134 38
134 186
134 142
134 125
134 42
134 131
134 101
134 103
134 194
135 34
135 19
135 106
135 120
135 154
135 121
135 196
135 173
135 93
135 11
135 129
135 40
135 20
135 144
135 109
135 48
135 42
135 134
135 66
135 69
135 38
135 167
135 43
135 18
135 160
135 169
135 41
135 23
135 155
135 62
135 59
135 126
135 89
135 49
135 32
135 151
135 27
135 177
135 51
135 199
135 182
135 185
135 161
135 50
135 86
135 26
135 7
135 73
135 181
135 193
135 192
135 68
135 191
135 140
135 4
135 174
135 117
135 114
136 45
136 200
136 146
136 51
136 17
136 37
136 91
136 158
136 67
136 165
136 4
136 106
136 11
136 167
136 64
136 162
136 163
136 159
136 83
136 180
136 49
136 34
136 179
136 69
136 139
136 47
136 43
136 147
136 61
136 192
136 19
136 18
136 12
136 101
136 137
136 28
136 7
136 13
136 123
136 84
136 119
136 121
136 191
136 199
136 160
136 157
136 68
136 36
136 122
136 90
136 117
136 111
136 1
136 145
136 75
136 120
136 196
136 20
136 164
136 105
137 188
137 126
137 173
137 168
137 169
137 157
137 76
137 194
137 183
137 160
137 184
137 166
137 75
137 27
137 64
137 60
137 34
137 135
137 117
137 52
137 39
137 198
137 161
137 94
137 98
137 196
137 129
137 16
137 35
137 91
137 190
137 170
137 142
137 84
137 152
137 148
137 55
137 82
137 176
137 106
137 11
137 62
137 119
137 107
137 144
137 175
137 29
137 44
137 15
137 8
137 146
138 101
138 127
138 86
138 184
138 59
138 50
138 12
138 163
138 192
138 148
138 72
138 2
138 75
138 123
138 136
138 30
138 100
138 191
138 17
138 165
138 175
138 128
138 106
138 160
138 7
138 81
138 90
138 186
138 146
138 143
138 187
138 112
138 71
138 133
138 69
138 190
138 117
138 13
138 198
138 145
138 60
138 43
138 149
138 168
138 124
138 159
138 140
138 129
138 171
138 78
138 182
138 77
138 84
138 170
138 197
138 108
138 177
138 169
138 18
138 176
138 173
138 162
139 154
139 55
139 22
139 45
139 48
139 125
139 199
139 67
139 32
139 190
139 106
139 85
139 112
139 185
139 91
139 141
139 113
139 86
139 81
139 167
139 165
139 15
139 150
139 122
139 166
139 176
139 18
139 41
139 3
139 50
139 110
139 151
139 108
139 57
139 70
139 143
139 104
139 90
139 71
139 144
139 72
139 124
139 177
139 20
139 83
139 102
139 88
139 66
139 16
139 92
139 132
139 135
139 196
139 147
139 133
139 115
139 61
139 145
139 21
140 116
140 42
140 93
140 113
140 124
140 132
140 175
140 131
140 38
140 95
140 141
140 198
140 65
140 165
140 67
140 71
140 89
140 199
140 9
140 136
140 163
140 12
140 57
140 143
140 96
140 159
140 88
140 130
140 114
140 60
140 41
140 45
140 61
140 106
140 178
140 26
140 77
140 68
140 29
140 62
140 122
140 56
140 85
140 153
140 181
140 27
140 76
140 84
140 51
140 79
140 164
140 139
140 97
140 168
140 182
141 104
141 63
141 112
141 78
141 171
141 59
141 193
141 32
141 157
141 64
141 134
141 153
141 123
141 164
141 165
141 115
141 92
141 87
141 195
141 52
141 163
141 180
141 28
141 90
141 136
141 150
141 19
141 97
141 142
141 70
141 117
141 146
141 156
141 68
141 101
141 111
141 154
141 120
141 43
141 192
141 103
141 186
141 155
141 51
141 122
141 138
141 161
141 22
141 8
141 17
141 182
141 6
141 185
141 42
141 190
141 62
141 67
141 29
141 40
141 83
142 136
142 36
142 151
142 96
142 3
142 14
142 62
142 116
142 92
142 30
142 127
142 19
142 195
142 168
142 125
142 63
142 41
142 73
142 172
142 72
142 103
142 47
142 61
142 184
142 10
142 46
142 146
142 166
142 74
142 85
142 199
142 22
142 183
142 169
142 71
142 185
142 13
142 26
142 140
142 59
142 44
142 51
142 18
142 2
142 70
142 52
142 113
142 38
142 37
142 78
142 174
142 54
142 135
142 159
142 9
142 192
142 154
142 35
142 56
142 170
142 163
142 89
142 11
142 17
142 28
143 62
143 123
143 164
143 31
143 64
143 94
143 90
143 22
143 84
143 54
143 113
143 150
143 33
143 71
143 199
143 51
143 105
143 39
143 108
143 185
143 63
143 145
143 187
143 74
143 129
143 93
143 8
143 103
143 156
143 158
143 15
143 100
143 155
143 178
143 121
143 194
143 157
143 118
143 96
143 70
143 98
143 48
143 56
143 196
143 36
143 104
143 127
143 171
143 27
143 30
143 198
143 1
144 41
144 11
144 33
144 175
144 48
144 61
144 86
144 9
144 88
144 68
144 136
144 185
144 116
144 200
144 75
144 31
144 145
144 29
144 121
144 199
144 176
144 112
144 89
144 106
144 62
144 159
144 14
144 20
144 94
144 152
144 49
144 150
144 103
144 189
144 160
144 19
144 124
144 98
144 27
144 194
144 166
144 192
144 109
144 24
144 143
144 39
144 177
144 187
144 182
144 34
144 22
144 173
144 128
144 171
144 131
144 113
144 114
145 130
145 87
145 122
145 68
145 56
145 113
145 197
145 168
145 159
145 21
145 51
145 59
145 131
145 102
145 112
145 134
145 101
145 97
145 148
145 149
145 193
145 67
145 40
145 129
145 111
145 133
145 150
145 116
145 146
145 15
145 7
145 162
145 42
145 140
145 196
145 163
145 41
145 86
145 170
145 29
145 99
145 66
145 104
145 64
145 35
145 158
145 100
145 48
145 52
145 32
145 16
145 53
145 2
145 94
145 27
145 25
145 119
145 188
145 57
145 154
145 107
145 199
145 80
145 177
145 81
145 171
145 69
146 159
146 75
146 65
146 167
146 31
146 49
146 27
146 42
146 60
146 34
146 188
146 24
146 13
146 18
146 29
146 77
146 127
146 164
146 162
146 39
146 172
146 53
146 86
146 133
146 37
146 80
146 174
146 148
146 196
146 153
146 95
146 200
146 113
146 128
146 104
146 105
146 184
146 15
146 114
146 14
146 126
146 135
146 32
146 87
146 102
146 139
146 120
146 85
146 93
146 40
146 165
146 36
146 183
146 50
146 157
147 143
147 104
147 67
147 111
147 24
147 64
147 186
147 15
147 173
147 132
147 168
147 199
147 46
147 149
147 53
147 122
147 131
147 110
147 81
147 10
147 182
147 16
147 83
147 43
147 152
147 126
147 70
147 91
147 17
147 102
147 155
147 51
147 32
147 40
147 7
147 124
147 158
147 146
147 179
147 140
147 130
147 19
147 6
147 144
147 95
147 150
147 114
147 195
147 45
147 181
147 75
147 74
147 55
147 167
147 156
147 129
147 9
148 187
148 124
148 83
148 16
148 93
148 194
148 70
148 169
148 184
148 198
148 43
148 74
148 111
148 149
148 170
148 160
148 139
148 78
148 11
148 64
148 144
148 151
148 7
148 152
148 68
148 104
148 49
148 47
148 122
148 123
148 110
148 98
148 164
148 27
148 41
148 73
148 8
148 22
148 51
148 131
148 81
148 156
148 23
148 150
148 155
148 167
148 189
148 115
148 91
148 66
148 192
148 2
148 101
148 117
148 165
148 15
148 55
148 36
148 143
148 188
148 67
148 53
148 171
149 132
149 152
149 61
149 195
149 124
149 162
149 5
149 143
149 144
149 121
149 13
149 31
149 120
149 163
149 79
149 30
149 170
149 123
149 17
149 187
149 161
149 80
149 35
149 129
149 180
149 102
149 113
149 44
149 70
149 146
149 137
149 110
149 151
149 197
149 15
149 72
149 78
149 10
149 94
149 36
149 54
149 75
149 48
149 52
149 177
149 200
149 171
149 47
149 175
149 20
149 3
149 34
149 164
149 73
149 27
149 16
149 63
150 185
150 176
150 200
150 74
150 58
150 136
150 22
150 27
150 175
150 180
150 83
150 28
150 149
150 170
150 49
150 14
150 92
150 55
150 103
150 50
150 121
150 151
150 25
150 86
150 72
150 124
150 48
150 142
150 146
150 61
150 173
150 9
150 183
150 71
150 65
150 98
150 127
150 126
150 66
150 57
150 40
150 181
150 107
150 52
150 120
150 76
150 19
150 123
150 80
150 89
150 32
150 38
150 168
150 12
150 96
150 169
150 1
150 11
150 114
150 17
150 18
150 84
150 162
150 166
150 171
150 78
151 73
151 87
151 112
151 78
151 156
151 111
151 58
151 154
151 37
151 47
151 27
151 85
151 59
151 109
151 84
151 60
151 104
151 131
151 167
151 121
151 147
151 83
151 143
151 107
151 188
151 21
151 92
151 32
151 174
151 172
151 40
151 129
151 45
151 197
151 101
151 29
151 192
151 4
151 3
151 62
151 180
151 160
151 6
151 175
151 162
151 35
151 7
151 52
151 168
151 114
151 198
151 171
151 28
151 94
151 190
151 44
151 71
151 16
151 15
151 183
152 141
152 175
152 22
152 162
152 54
152 62
152 127
152 67
152 129
152 87
152 132
152 75
152 109
152 139
152 160
152 146
152 110
152 94
152 142
152 80
152 35
152 176
152 70
152 136
152 117
152 69
152 59
152 7
152 166
152 104
152 41
152 111
152 6
152 28
152 188
152 177
152 74
152 45
152 183
152 50
152 154
152 30
152 199
152 130
152 9
152 47
152 179
152 103
152 101
152 200
152 186
152 42
152 36
152 163
152 195
152 65
152 197
152 18
152 66
152 88
153 152
153 44
153 105
153 86
153 119
153 108
153 101
153 180
153 81
153 15
153 197
153 135
153 22
153 171
153 84
153 50
153 168
153 21
153 183
153 200
153 98
153 193
153 110
153 185
153 190
153 161
153 48
153 134
153 19
153 77
153 181
153 133
153 145
153 169
153 40
153 23
153 132
153 128
153 12
153 143
153 191
153 46
153 142
153 138
153 96
153 130
153 136
153 42
153 47
153 34
153 38
153 69
153 95
153 91
153 179
153 39
154 74
154 183
154 156
154 119
154 70
154 150
154 80
154 191
154 33
154 22
154 102
154 55
154 125
154 106
154 24
154 140
154 40
154 158
154 98
154 99
154 126
154 131
154 138
154 178
154 176
154 133
154 188
154 169
154 146
154 180
154 177
154 66
154 193
154 114
154 51
154 13
154 115
154 27
154 69
154 10
154 31
154 144
154 67
154 15
154 159
154 44
154 82
154 172
154 1
154 32
154 124
154 171
154 59
154 181
154 149
154 92
154 42
154 4
154 84
154 87
154 2
154 166
155 172
155 151
155 191
155 31
155 122
155 182
155 25
155 112
155 71
155 103
155 190
155 171
155 130
155 90
155 17
155 94
155 72
155 152
155 167
155 50
155 88
155 5
155 33
155 110
155 161
155 158
155 189
155 62
155 44
155 101
155 18
155 175
155 20
155 22
155 136
155 37
155 142
155 42
155 83
155 131
155 125
155 46
155 54
155 79
155 48
155 186
155 65
155 36
155 126
155 200
155 21
155 64
155 69
155 145
155 61
155 159
155 53
155 188
155 181
155 27
156 8
156 192
156 142
156 189
156 30
156 63
156 69
156 152
156 73
156 138
156 194
156 41
156 133
156 60
156 34
156 179
156 190
156 184
156 70
156 78
156 114
156 100
156 96
156 111
156 105
156 160
156 196
156 102
156 106
156 137
156 57
156 35
156 139
156 107
156 18
156 92
156 99
156 44
156 22
156 52
156 89
156 178
156 3
156 116
156 163
156 82
156 146
156 6
156 7
156 197
156 170
156 161
156 49
156 53
156 19
156 20
156 37
156 175
156 50
156 188
157 133
157 131
157 48
157 156
157 152
157 32
157 123
157 112
157 140
157 76
157 132
157 102
157 169
157 103
157 121
157 94
157 142
157 81
157 193
157 50
157 63
157 196
157 99
157 119
157 73
157 150
157 70
157 159
157 65
157 8
157 85
157 155
157 68
157 41
157 139
157 135
157 91
157 72
157 178
157 15
157 42
157 95
157 109
157 187
157 88
157 89
157 101
157 40
157 192
157 29
157 17
157 28
157 183
157 168
157 87
157 4
157 92
157 104
158 190
158 75
158 97
158 30
158 90
158 59
158 168
158 56
158 5
158 116
158 197
158 48
158 148
158 174
158 89
158 188
158 29
158 44
158 162
158 193
158 132
158 186
158 170
158 18
158 103
158 1
158 199
158 138
158 47
158 167
158 112
158 115
158 106
158 15
158 93
158 175
158 41
158 189
158 12
158 131
158 65
158 153
158 10
158 52
158 8
158 133
158 69
158 32
158 45
158 38
158 24
158 105
158 76
158 50
158 126
158 109
158 49
158 36
158 141
158 23
158 110
158 180
159 44
159 43
159 5
159 194
159 197
159 135
159 89
159 110
159 92
159 53
159 18
159 71
159 187
159 27
159 129
159 176
159 191
159 123
159 36
159 105
159 88
159 86
159 3
159 95
159 84
159 78
159 85
159 106
159 134
159 158
159 67
159 100
159 171
159 200
159 148
159 26
159 50
159 39
159 33
159 125
159 162
159 116
159 15
159 152
159 166
159 165
159 150
159 190
159 133
159 51
159 114
159 137
159 193
159 124
159 188
160 13
160 100
160 60
160 177
160 55
160 172
160 150
160 146
160 142
160 56
160 165
160 122
160 21
160 126
160 130
160 162
160 7
160 102
160 36
160 63
160 25
160 196
160 38
160 191
160 174
160 109
160 76
160 99
160 46
160 129
160 93
160 84
160 4
160 173
160 75
160 53
160 23
160 125
160 188
160 18
160 10
160 154
160 119
160 175
160 139
160 81
160 164
160 143
160 59
160 106
160 50
160 39
160 123
160 168
160 187
160 89
160 30
160 3
160 133
160 54
160 149
160 35
160 49
160 127
160 134
161 2
161 97
161 59
161 95
161 23
161 78
161 71
161 159
161 177
161 39
161 89
161 191
161 91
161 140
161 163
161 49
161 1
161 176
161 197
161 43
161 113
161 13
161 90
161 148
161 77
161 174
161 11
161 65
161 55
161 136
161 125
161 108
161 171
161 74
161 93
161 188
161 200
161 145
161 12
161 29
161 111
161 30
161 24
161 4
161 117
161 92
161 160
161 102
161 25
161 173
161 72
161 26
161 130
161 88
161 10
161 103
161 38
161 22
161 27
162 117
162 140
162 25
162 110
162 54
162 69
162 112
162 164
162 144
162 46
162 76
162 79
162 8
162 97
162 106
162 103
162 198
162 122
162 30
162 38
162 36
162 184
162 127
162 55
162 187
162 193
162 41
162 147
162 189
162 32
162 142
162 161
162 82
162 190
162 22
162 27
162 124
162 170
162 53
162 200
162 24
162 3
162 65
162 188
162 104
162 121
162 88
162 100
162 191
162 7
162 63
162 105
162 115
162 157
162 45
162 131
163 37
163 55
163 41
163 20
163 170
163 178
163 1
163 158
163 12
163 97
163 62
163 93
163 98
163 53
163 113
163 118
163 66
163 87
163 51
163 108
163 42
163 172
163 16
163 171
163 17
163 124
163 31
163 166
163 90
163 148
163 153
163 23
163 196
163 27
163 69
163 73
163 139
163 6
163 157
163 81
163 96
163 128
163 185
163 46
163 134
163 143
163 74
163 137
163 67
163 154
163 99
163 43
163 63
163 159
163 111
163 44
163 10
163 135
163 121
163 106
163 115
163 35
163 165
163 144
163 89
163 2
163 88
164 165
164 110
164 154
164 147
164 186
164 69
164 192
164 151
164 178
164 41
164 196
164 50
164 139
164 17
164 155
164 106
164 131
164 44
164 46
164 67
164 58
164 20
164 161
164 174
164 84
164 24
164 195
164 38
164 175
164 134
164 83
164 27
164 193
164 60
164 189
164 1
164 184
164 93
164 78
164 194
164 72
164 169
164 124
164 177
164 105
164 181
164 185
164 129
164 114
164 198
164 188
164 92
164 128
164 95
164 90
164 16
164 190
164 180
165 162
165 181
165 75
165 182
165 109
165 70
165 119
165 56
165 50
165 18
165 187
165 26
165 125
165 74
165 49
165 118
165 1
165 89
165 58
165 110
165 191
165 114
165 179
165 155
165 100
165 48
165 194
165 63
165 28
165 77
165 173
165 14
165 80
165 199
165 189
165 4
165 185
165 121
165 156
165 151
165 177
165 145
165 59
165 152
165 15
165 53
165 83
165 180
165 172
165 175
165 112
165 38
165 161
165 142
165 88
165 193
166 157
166 69
166 41
166 24
166 49
166 32
166 117
166 196
166 76
166 135
166 95
166 34
166 145
166 175
166 188
166 141
166 97
166 7
166 113
166 177
166 57
166 125
166 98
166 129
166 199
166 128
166 178
166 31
166 153
166 109
166 114
166 148
166 78
166 56
166 71
166 37
166 168
166 84
166 149
166 195
166 50
166 132
166 103
166 143
166 136
166 118
166 25
166 138
166 8
166 104
166 13
166 74
166 164
166 67
166 6
166 155
166 54
166 75
166 191
166 45
166 151
166 92
166 110
166 124
167 30
167 182
167 18
167 105
167 192
167 86
167 81
167 96
167 110
167 69
167 109
167 153
167 39
167 178
167 10
167 131
167 14
167 134
167 125
167 24
167 116
167 13
167 62
167 77
167 71
167 141
167 31
167 26
167 92
167 45
167 22
167 164
167 85
167 175
167 33
167 159
167 7
167 168
167 99
167 108
167 137
167 199
167 38
167 123
167 49
167 60
167 124
167 179
167 17
167 90
167 50
167 145
167 59
167 100
167 74
168 39
168 161
168 13
168 134
168 93
168 85
168 108
168 34
168 98
168 127
168 129
168 104
168 16
168 83
168 88
168 79
168 102
168 200
168 193
168 8
168 53
168 43
168 5
168 46
168 191
168 128
168 117
168 196
168 22
168 184
168 73
168 24
168 17
168 33
168 148
168 26
168 152
168 156
168 174
168 131
168 4
168 9
168 192
168 115
168 165
168 87
168 139
168 103
168 141
168 10
168 63
168 179
168 107
168 51
168 3
168 95
168 182
168 163
168 154
168 67
168 162
168 111
168 72
168 64
168 40
169 102
169 40
169 175
169 15
169 31
169 122
169 4
169 182
169 128
169 143
169 180
169 144
169 13
169 136
169 81
169 105
169 141
169 101
169 171
169 170
169 165
169 88
169 117
169 32
169 162
169 38
169 45
169 106
169 89
169 172
169 87
169 78
169 58
169 47
169 123
169 184
169 158
169 80
169 151
169 75
169 125
169 139
169 167
169 96
169 195
169 14
169 146
169 26
169 64
169 46
169 160
169 200
169 5
169 190
170 54
170 160
170 89
170 153
170 48
170 12
170 14
170 91
170 87
170 56
170 8
170 31
170 154
170 28
170 39
170 45
170 82
170 136
170 143
170 179
170 122
170 34
170 177
170 24
170 23
170 9
170 189
170 119
170 130
170 195
170 103
170 109
170 85
170 51
170 3
170 200
170 1
170 105
170 164
170 165
170 151
170 113
170 57
170 124
170 125
170 40
170 178
170 58
170 141
170 99
170 167
170 35
170 172
170 11
170 73
170 50
170 20
170 90
170 181
170 69
170 187
170 175
170 116
170 157
171 56
171 116
171 45
171 136
171 112
171 121
171 167
171 32
171 27
171 160
171 87
171 60
171 14
171 69
171 90
171 82
171 18
171 21
171 68
171 110
171 165
171 177
171 46
171 156
171 198
171 122
171 17
171 185
171 54
171 80
171 114
171 6
171 89
171 74
171 81
171 170
171 157
171 50
171 94
171 85
171 53
171 23
171 35
171 9
171 131
171 192
171 111
171 25
171 96
171 142
171 13
171 16
171 182
171 139
172 105
172 109
172 198
172 100
172 20
172 157
172 46
172 59
172 78
172 149
172 177
172 92
172 25
172 152
172 192
172 6
172 188
172 174
172 132
172 119
172 125
172 50
172 52
172 135
172 118
172 34
172 19
172 123
172 173
172 13
172 29
172 2
172 200
172 114
172 57
172 112
172 49
172 44
172 45
172 164
172 130
172 139
172 65
172 36
172 89
172 193
172 79
172 22
172 67
172 168
172 37
172 176
172 102
172 150
172 108
172 12
172 122
172 183
172 145
173 42
173 86
173 94
173 4
173 61
173 62
173 182
173 176
173 31
173 198
173 98
173 76
173 143
173 140
173 166
173 13
173 102
173 97
173 35
173 44
173 82
173 168
173 99
173 29
173 139
173 158
173 93
173 33
173 116
173 121
173 23
173 122
173 155
173 81
173 19
173 78
173 25
173 132
173 32
173 171
173 179
173 60
173 170
173 133
173 156
173 153
173 193
173 17
173 70
173 183
173 184
173 48
173 89
173 127
174 144
174 19
174 1
174 40
174 133
174 139
174 120
174 83
174 94
174 6
174 109
174 101
174 193
174 108
174 44
174 140
174 123
174 86
174 38
174 58
174 110
174 196
174 104
174 90
174 114
174 80
174 184
174 156
174 63
174 154
174 27
174 82
174 103
174 81
174 76
174 28
174 113
174 79
174 167
174 165
174 2
174 52
174 150
174 57
174 200
174 137
174 148
174 182
174 143
174 111
174 122
174 12
174 35
174 147
174 124
174 141
174 70
174 105
174 129
174 145
175 112
175 134
175 191
175 132
175 187
175 56
175 200
175 193
175 26
175 109
175 127
175 194
175 15
175 29
175 180
175 189
175 145
175 89
175 115
175 179
175 85
175 19
175 174
175 94
175 9
175 116
175 22
175 114
175 117
175 97
175 2
175 14
175 139
175 75
175 143
175 28
175 154
175 83
175 168
175 71
175 57
175 11
175 196
175 61
175 6
175 3
175 128
175 113
175 68
175 79
175 87
175 148
175 102
175 190
175 147
175 31
175 124
175 162
175 80
175 86
175 25
175 36
175 70
176 103
176 165
176 42
176 38
176 142
176 15
176 102
176 180
176 183
176 107
176 61
176 54
176 117
176 13
176 83
176 55
176 149
176 148
176 121
176 46
176 127
176 18
176 64
176 43
176 101
176 37
176 169
176 35
176 60
176 104
176 175
176 136
176 123
176 171
176 67
176 153
176 26
176 17
176 129
176 192
176 62
176 145
176 167
176 71
176 187
176 105
176 163
176 30
176 79
176 7
176 155
176 151
176 84
176 194
176 68
176 126
177 156
177 91
177 150
177 119
177 4
177 118
177 120
177 197
177 77
177 46
177 60
177 73
177 196
177 64
177 38
177 174
177 159
177 12
177 47
177 66
177 162
177 183
177 192
177 142
177 191
177 78
177 190
177 116
177 176
177 58
177 26
177 124
177 5
177 43
177 54
177 18
177 99
177 185
177 87
177 146
177 195
177 24
177 130
177 148
177 188
177 168
177 39
177 30
177 93
177 11
177 56
177 31
177 15
177 83
177 48
177 35
177 163
177 189
177 29
177 55
177 14
177 158
177 63
178 158
178 129
178 35
178 36
178 132
178 138
178 193
178 197
178 65
178 109
178 111
178 59
178 77
178 34
178 118
178 102
178 20
178 199
178 142
178 74
178 141
178 24
178 180
178 88
178 99
178 150
178 96
178 168
178 173
178 112
178 139
178 149
178 120
178 11
178 44
178 119
178 38
178 187
178 162
178 97
178 6
178 85
178 172
178 126
178 21
178 121
178 136
178 155
178 189
178 176
178 31
178 152
178 171
178 5
178 43
178 29
178 144
178 76
178 188
178 28
178 186
178 161
179 17
179 26
179 97
179 140
179 82
179 29
179 130
179 166
179 174
179 103
179 92
179 2
179 99
179 22
179 135
179 15
179 183
179 1
179 112
179 121
179 188
179 132
179 133
179 80
179 192
179 84
179 143
179 48
179 161
179 194
179 31
179 75
179 145
179 34
179 109
179 189
179 198
179 67
179 155
179 120
179 69
179 122
179 54
179 169
179 87
179 163
179 150
179 25
179 128
179 23
179 185
179 98
179 57
179 53
179 178
179 60
179 43
179 110
179 16
179 127
180 125
180 104
180 14
180 94
180 194
180 108
180 100
180 146
180 29
180 188
180 47
180 35
180 5
180 137
180 20
180 98
180 65
180 68
180 160
180 51
180 8
180 179
180 122
180 187
180 120
180 110
180 147
180 44
180 191
180 48
180 119
180 70
180 162
180 82
180 102
180 134
180 200
180 37
180 126
180 71
180 116
180 42
180 170
180 131
180 139
180 45
180 74
180 140
180 46
180 138
180 173
180 67
180 61
180 38
180 130
180 177
180 199
180 49
180 112
181 106
181 176
181 133
181 197
181 122
181 8
181 30
181 116
181 19
181 59
181 92
181 144
181 183
181 80
181 121
181 75
181 168
181 37
181 115
181 162
181 95
181 160
181 128
181 199
181 125
181 45
181 42
181 72
181 172
181 101
181 187
181 149
181 22
181 67
181 179
181 146
181 152
181 44
181 177
181 83
181 58
181 88
181 117
181 143
181 166
181 137
181 185
181 167
181 108
181 41
181 188
181 138
181 107
181 40
181 120
181 195
182 49
182 133
182 90
182 146
182 137
182 122
182 44
182 198
182 50
182 39
182 102
182 98
182 88
182 56
182 184
182 99
182 57
182 101
182 162
182 142
182 36
182 163
182 91
182 84
182 9
182 185
182 74
182 126
182 104
182 62
182 34
182 152
182 177
182 79
182 42
182 60
182 181
182 17
182 31
182 114
182 117
182 21
182 176
182 121
182 12
182 48
182 94
182 118
182 15
182 4
182 43
182 125
182 129
182 82
182 136
182 73
182 55
182 179
183 171
183 38
183 11
183 134
183 184
183 44
183 26
183 167
183 62
183 93
183 102
183 190
183 51
183 113
183 178
183 101
183 48
183 32
183 35
183 175
183 2
183 47
183 129
183 57
183 20
183 106
183 105
183 128
183 89
183 169
183 100
183 196
183 58
183 70
183 46
183 144
183 29
183 139
183 149
183 18
183 1
183 60
183 197
183 42
183 36
183 88
183 41
183 133
183 14
183 160
183 147
183 116
183 198
183 121
183 22
183 180
183 115
183 194
183 170
183 69
183 40
183 30
184 93
184 4
184 115
184 17
184 79
184 150
184 178
184 91
184 23
184 58
184 166
184 26
184 104
184 112
184 157
184 102
184 28
184 160
184 109
184 170
184 119
184 181
184 46
184 152
184 167
184 33
184 124
184 59
184 29
184 48
184 134
184 41
184 125
184 57
184 197
184 19
184 31
184 147
184 153
184 35
184 127
184 172
184 185
184 71
184 136
184 116
184 74
184 135
184 158
184 14
184 72
184 25
184 3
184 118
184 145
184 179
184 45
184 143
184 64
184 144
184 141
185 63
185 69
185 84
185 54
185 126
185 166
185 151
185 123
185 169
185 168
185 31
185 114
185 195
185 11
185 187
185 55
185 27
185 93
185 43
185 51
185 129
185 98
185 110
185 30
185 186
185 190
185 188
185 103
185 16
185 40
185 146
185 90
185 100
185 183
185 35
185 5
185 86
185 68
185 125
185 95
185 170
185 18
185 39
185 157
185 36
185 61
185 10
185 175
185 145
185 101
185 58
185 1
185 96
185 78
185 50
185 158
185 161
185 156
185 89
185 112
185 28
186 195
186 92
186 149
186 4
186 49
186 196
186 90
186 160
186 128
186 29
186 13
186 135
186 122
186 171
186 17
186 181
186 6
186 44
186 136
186 108
186 42
186 18
186 163
186 87
186 170
186 46
186 2
186 71
186 58
186 142
186 145
186 156
186 154
186 62
186 166
186 174
186 100
186 150
186 89
186 143
186 109
186 25
186 66
186 82
186 50
186 193
186 68
186 187
186 34
186 177
186 105
186 148
186 110
186 88
186 162
186 192
186 199
186 157
187 70
187 58
187 161
187 197
187 129
187 141
187 108
187 188
187 137
187 36
187 164
187 177
187 198
187 152
187 147
187 7
187 130
187 179
187 40
187 145
187 25
187 77
187 133
187 57
187 182
187 96
187 31
187 154
187 88
187 132
187 17
187 82
187 150
187 172
187 11
187 47
187 61
187 125
187 21
187 35
187 140
187 194
187 26
187 38
187 49
187 56
187 167
187 136
187 37
187 139
187 86
187 134
187 74
187 171
187 163
187 189
187 14
187 184
187 85
187 67
187 92
187 84
187 27
187 50
187 48
187 89
187 93
187 151
188 71
188 113
188 182
188 112
188 142
188 170
188 186
188 107
188 35
188 90
188 33
188 84
188 60
188 78
188 59
188 76
188 27
188 184
188 99
188 111
188 63
188 150
188 196
188 95
188 165
188 125
188 53
188 127
188 121
188 97
188 56
188 173
188 102
188 57
188 93
188 75
188 105
188 98
188 87
188 199
188 80
188 149
188 36
188 16
188 130
188 114
188 175
188 193
188 5
188 136
188 77
188 147
188 174
188 26
188 45
188 69
188 50
188 70
188 83
188 168
188 96
188 132
188 101
189 72
189 57
189 129
189 112
189 186
189 11
189 167
189 5
189 141
189 38
189 172
189 196
189 160
189 43
189 67
189 59
189 128
189 63
189 31
189 184
189 42
189 192
189 116
189 64
189 135
189 100
189 109
189 104
189 56
189 10
189 142
189 47
189 181
189 163
189 85
189 95
189 166
189 125
189 86
189 139
189 81
189 20
189 73
189 159
189 168
189 200
189 60
189 54
189 183
189 199
189 87
189 138
189 106
189 84
189 197
189 1
189 119
190 92
190 116
190 11
190 178
190 58
190 168
190 78
190 45
190 74
190 6
190 152
190 67
190 14
190 27
190 83
190 75
190 16
190 3
190 131
190 76
190 179
190 53
190 59
190 89
190 96
190 184
190 117
190 72
190 55
190 124
190 132
190 23
190 144
190 161
190 60
190 143
190 174
190 39
190 20
190 125
190 26
190 146
190 114
190 94
190 188
190 49
190 150
190 199
190 135
190 173
190 196
190 180
190 57
190 149
190 176
190 95
190 115
190 37
190 7
190 28
190 136
191 11
191 195
191 26
191 198
191 13
191 86
191 66
191 3
191 16
191 49
191 54
191 43
191 131
191 188
191 47
191 156
191 146
191 39
191 96
191 87
191 118
191 107
191 192
191 193
191 79
191 142
191 123
191 10
191 61
191 137
191 69
191 52
191 101
191 64
191 144
191 62
191 95
191 44
191 19
191 158
191 174
191 124
191 149
191 45
191 172
191 7
191 56
191 140
191 145
191 30
191 132
191 141
191 46
191 182
191 186
191 194
191 187
191 99
191 97
192 197
192 154
192 116
192 77
192 196
192 200
192 183
192 130
192 153
192 9
192 82
192 178
192 113
192 97
192 1
192 199
192 34
192 39
192 102
192 5
192 175
192 145
192 7
192 128
192 131
192 127
192 180
192 155
192 52
192 139
192 59
192 47
192 108
192 119
192 140
192 71
192 115
192 182
192 95
192 125
192 98
192 111
192 70
192 72
192 150
192 68
192 56
192 32
192 40
192 16
192 84
192 64
192 132
192 96
192 44
192 143
192 79
192 10
192 38
192 21
192 62
193 15
193 35
193 151
193 52
193 21
193 92
193 11
193 147
193 161
193 80
193 156
193 55
193 177
193 65
193 87
193 142
193 123
193 25
193 78
193 41
193 57
193 10
193 61
193 90
193 53
193 106
193 194
193 47
193 138
193 19
193 105
193 22
193 85
193 26
193 74
193 84
193 119
193 56
193 108
193 184
193 171
193 69
193 183
193 104
193 14
193 155
193 110
193 163
193 9
193 126
193 118
193 86
193 1
193 182
193 146
193 98
193 113
193 24
193 50
193 143
194 64
194 77
194 24
194 53
194 153
194 72
194 181
194 118
194 158
194 49
194 25
194 197
194 100
194 147
194 123
194 154
194 103
194 61
194 91
194 155
194 138
194 26
194 128
194 34
194 56
194 36
194 51
194 18
194 32
194 88
194 98
194 178
194 38
194 185
194 122
194 48
194 135
194 186
194 57
194 173
194 112
194 102
194 171
194 163
194 29
194 42
194 80
194 66
194 140
194 54
194 78
194 62
194 58
194 85
194 121
194 20
194 71
194 177
194 172
194 60
194 133
194 111
195 77
195 155
195 190
195 106
195 3
195 145
195 167
195 168
195 193
195 140
195 71
195 103
195 67
195 110
195 189
195 28
195 66
195 200
195 46
195 20
195 171
195 94
195 156
195 197
195 13
195 173
195 187
195 96
195 194
195 148
195 38
195 34
195 24
195 64
195 172
195 178
195 17
195 153
195 192
195 158
195 123
195 69
195 79
195 78
195 184
195 35
195 92
195 40
195 49
195 43
195 59
195 90
195 57
195 85
195 54
195 143
195 55
195 32
196 118
196 23
196 147
196 96
196 73
196 162
196 37
196 179
196 6
196 40
196 33
196 151
196 195
196 155
196 78
196 64
196 113
196 91
196 38
196 133
196 70
196 22
196 105
196 173
196 172
196 57
196 119
196 50
196 26
196 97
196 102
196 44
196 149
196 184
196 117
196 32
196 187
196 4
196 153
196 18
196 59
196 5
196 75
196 9
196 170
196 85
196 68
196 103
196 107
196 25
196 72
196 98
196 181
196 58
196 42
196 12
196 130
196 108
196 141
196 30
196 90
196 182
196 36
196 29
197 169
197 108
197 55
197 175
197 160
197 61
197 38
197 42
197 26
197 5
197 60
197 25
197 173
197 18
197 119
197 54
197 16
197 141
197 154
197 23
197 198
197 34
197 51
197 117
197 134
197 110
197 103
197 90
197 97
197 137
197 113
197 62
197 188
197 24
197 49
197 127
197 75
197 139
197 2
197 130
197 58
197 135
197 43
197 91
197 182
197 193
197 87
197 46
197 199
197 74
197 45
197 140
197 101
197 100
197 164
197 180
197 20
197 12
197 126
197 162
197 123
198 66
198 161
198 86
198 175
198 5
198 153
198 28
198 1
198 46
198 155
198 82
198 195
198 146
198 185
198 54
198 134
198 118
198 8
198 20
198 11
198 21
198 41
198 163
198 126
198 30
198 85
198 156
198 149
198 62
198 81
198 14
198 196
198 115
198 13
198 194
198 107
198 176
198 9
198 121
198 181
198 31
198 102
198 3
198 131
198 159
198 63
198 29
198 165
198 113
198 55
198 87
198 189
198 127
198 108
198 192
198 193
198 74
199 88
199 43
199 59
199 12
199 65
199 75
199 76
199 113
199 191
199 1
199 128
199 87
199 72
199 80
199 26
199 194
199 134
199 161
199 153
199 151
199 115
199 132
199 177
199 141
199 92
199 198
199 2
199 11
199 99
199 60
199 94
199 163
199 171
199 73
199 57
199 56
199 70
199 174
199 71
199 67
199 101
199 102
199 187
199 82
199 95
199 160
199 157
199 111
199 123
199 9
199 58
199 37
199 148
199 131
199 48
199 44
199 53
199 20
199 22
199 176
199 98
199 96
199 31
199 164
200 38
200 131
200 137
200 41
200 15
200 3
200 164
200 140
200 141
200 91
200 21
200 115
200 55
200 128
200 46
200 148
200 181
200 102
200 143
200 173
200 199
200 27
200 6
200 191
200 28
200 104
200 22
200 93
200 96
200 167
200 197
200 79
200 187
200 145
200 113
200 66
200 134
200 116
200 56
200 120
200 18
200 62
200 94
200 54
200 186
200 59
200 43
200 47
200 154
200 34
200 178
200 138
200 71
200 19
200 48
200 158
200 106
200 5
200 32
200 196
200 82
200 157
200 78
200 163
200 74
200 114
