140 5840
1 87
1 74
1 78
1 91
1 90
1 83
1 5
1 132
1 76
1 73
1 63
1 36
1 30
1 14
1 22
1 38
1 27
1 140
1 56
1 15
1 129
1 18
1 2
1 79
1 37
1 47
1 8
1 59
1 57
1 28
1 66
1 94
1 54
1 43
1 108
1 50
1 31
1 84
1 48
1 24
1 12
1 80
1 81
1 136
1 125
1 117
1 9
1 92
2 33
2 43
2 112
2 98
2 137
2 45
2 134
2 96
2 24
2 118
2 7
2 127
2 38
2 29
2 133
2 82
2 34
2 36
2 116
2 92
2 71
2 31
2 21
2 57
2 115
2 3
2 77
2 138
2 83
2 67
2 59
2 124
2 46
2 114
2 136
2 123
2 53
2 42
2 101
2 80
2 102
2 84
2 25
2 111
3 134
3 120
3 129
3 70
3 87
3 130
3 135
3 132
3 25
3 73
3 102
3 112
3 122
3 109
3 124
3 121
3 46
3 50
3 125
3 1
3 127
3 41
3 26
3 48
3 78
3 49
3 107
3 133
3 6
3 94
3 67
3 9
3 137
3 37
3 19
3 11
3 44
3 8
4 45
4 70
4 101
4 124
4 18
4 14
4 44
4 100
4 2
4 8
4 83
4 63
4 9
4 13
4 119
4 7
4 110
4 1
4 125
4 115
4 139
4 85
4 131
4 134
4 140
4 36
4 111
4 88
4 93
4 96
4 84
4 133
4 31
4 114
4 80
4 11
4 117
4 12
4 65
4 53
4 132
5 104
5 18
5 139
5 4
5 14
5 131
5 58
5 20
5 76
5 114
5 19
5 91
5 52
5 10
5 65
5 42
5 49
5 130
5 31
5 3
5 56
5 75
5 9
5 22
5 53
5 51
5 50
5 140
5 7
5 66
5 115
5 113
5 41
5 62
5 118
5 136
5 120
5 54
5 109
5 90
5 96
5 48
5 16
6 36
6 65
6 47
6 109
6 61
6 115
6 42
6 85
6 130
6 125
6 11
6 119
6 105
6 23
6 1
6 62
6 55
6 7
6 84
6 21
6 107
6 52
6 34
6 131
6 79
6 33
6 41
6 49
6 112
6 75
6 2
6 101
6 113
6 95
6 66
6 93
6 127
6 97
6 111
6 88
6 132
6 56
7 102
7 86
7 28
7 52
7 126
7 116
7 100
7 24
7 87
7 71
7 35
7 108
7 33
7 63
7 79
7 39
7 91
7 40
7 45
7 64
7 127
7 135
7 119
7 48
7 117
7 20
7 30
7 105
7 26
7 56
7 70
7 47
7 80
7 13
7 106
7 128
7 49
7 9
7 29
7 110
7 51
7 120
8 85
8 125
8 39
8 5
8 129
8 121
8 25
8 52
8 132
8 100
8 17
8 82
8 104
8 15
8 16
8 140
8 133
8 117
8 28
8 51
8 95
8 83
8 92
8 34
8 13
8 38
8 109
8 119
8 114
8 41
8 93
8 75
8 63
8 106
8 58
8 67
8 127
8 49
8 130
8 96
8 136
8 46
8 108
8 79
8 54
8 20
9 128
9 97
9 81
9 13
9 68
9 23
9 54
9 138
9 122
9 126
9 33
9 130
9 73
9 79
9 2
9 105
9 65
9 106
9 59
9 39
9 110
9 98
9 8
9 92
9 15
9 114
9 82
9 99
9 137
9 20
9 132
9 30
9 51
9 66
9 86
9 131
9 84
9 29
9 120
9 119
9 135
9 50
9 36
10 22
10 121
10 110
10 120
10 78
10 96
10 25
10 76
10 124
10 103
10 127
10 123
10 52
10 84
10 100
10 45
10 109
10 9
10 59
10 136
10 57
10 73
10 41
10 56
10 8
10 21
10 61
10 80
10 14
10 82
10 31
10 112
10 1
10 122
10 28
10 140
10 79
10 128
10 63
10 90
11 50
11 138
11 47
11 78
11 9
11 126
11 72
11 44
11 80
11 73
11 98
11 48
11 8
11 27
11 96
11 40
11 121
11 135
11 61
11 71
11 7
11 133
11 67
11 140
11 22
11 65
11 43
11 23
11 18
11 49
11 29
11 42
11 60
11 99
11 131
11 124
11 107
11 88
11 105
11 94
11 128
11 125
12 32
12 108
12 96
12 123
12 26
12 61
12 10
12 28
12 50
12 111
12 18
12 85
12 95
12 33
12 54
12 19
12 71
12 16
12 37
12 2
12 38
12 140
12 138
12 107
12 70
12 89
12 42
12 63
12 20
12 122
12 65
12 13
12 58
12 7
12 91
12 93
12 130
12 8
12 80
12 41
12 68
12 86
12 133
13 129
13 105
13 82
13 11
13 15
13 38
13 111
13 139
13 48
13 73
13 140
13 84
13 20
13 17
13 107
13 88
13 74
13 2
13 19
13 123
13 50
13 52
13 76
13 115
13 68
13 32
13 126
13 14
13 131
13 72
13 6
13 79
13 51
13 31
13 34
13 114
13 78
13 130
13 120
13 89
13 135
13 25
13 132
13 61
13 95
14 136
14 83
14 38
14 12
14 135
14 100
14 95
14 133
14 52
14 59
14 93
14 9
14 34
14 110
14 132
14 40
14 22
14 36
14 56
14 72
14 51
14 111
14 61
14 29
14 2
14 120
14 106
14 76
14 119
14 87
14 39
14 64
14 42
14 137
14 134
14 21
14 62
14 129
14 125
14 80
14 71
14 8
14 82
14 45
14 73
14 33
15 106
15 59
15 131
15 2
15 79
15 48
15 58
15 39
15 12
15 94
15 65
15 51
15 62
15 92
15 78
15 83
15 126
15 137
15 85
15 129
15 10
15 139
15 19
15 46
15 115
15 114
15 4
15 63
15 95
15 22
15 117
15 103
15 87
15 30
15 93
15 5
15 107
15 32
15 77
15 120
15 11
16 6
16 82
16 58
16 92
16 34
16 87
16 136
16 60
16 100
16 107
16 42
16 61
16 17
16 24
16 123
16 90
16 135
16 46
16 133
16 102
16 13
16 62
16 2
16 72
16 32
16 1
16 85
16 77
16 69
16 49
16 68
16 11
16 22
16 45
16 40
16 35
16 3
16 125
16 113
16 9
16 10
16 51
16 110
17 69
17 12
17 1
17 98
17 123
17 79
17 70
17 127
17 102
17 62
17 67
17 121
17 86
17 60
17 5
17 33
17 75
17 85
17 129
17 106
17 14
17 49
17 71
17 47
17 53
17 42
17 87
17 4
17 97
17 117
17 113
17 107
17 83
17 115
17 92
18 60
18 59
18 121
18 66
18 75
18 111
18 37
18 20
18 64
18 138
18 44
18 134
18 104
18 22
18 114
18 46
18 29
18 133
18 78
18 17
18 8
18 40
18 2
18 53
18 3
18 77
18 28
18 115
18 120
18 70
18 14
18 108
18 122
18 56
18 90
18 7
18 25
18 35
18 15
18 126
19 10
19 124
19 139
19 45
19 126
19 38
19 105
19 17
19 57
19 16
19 1
19 76
19 32
19 79
19 114
19 27
19 113
19 64
19 89
19 136
19 43
19 135
19 123
19 69
19 122
19 116
19 31
19 90
19 92
19 66
19 75
19 87
19 97
19 85
19 2
19 54
19 132
19 59
19 49
20 79
20 85
20 30
20 27
20 10
20 3
20 28
20 125
20 103
20 60
20 118
20 50
20 1
20 77
20 15
20 119
20 23
20 127
20 100
20 122
20 19
20 81
20 98
20 137
20 6
20 45
20 135
20 109
20 120
20 33
20 140
20 25
20 131
20 21
20 59
20 113
20 46
20 116
20 112
20 107
20 47
20 49
20 11
20 94
20 55
20 82
21 49
21 133
21 44
21 95
21 84
21 124
21 121
21 110
21 26
21 59
21 79
21 38
21 101
21 127
21 126
21 66
21 37
21 82
21 1
21 72
21 77
21 5
21 12
21 46
21 30
21 23
21 65
21 113
21 53
21 9
21 118
21 109
21 105
21 35
21 96
21 58
21 13
21 55
21 7
21 63
21 62
21 111
22 40
22 37
22 127
22 34
22 90
22 7
22 69
22 46
22 105
22 68
22 20
22 130
22 96
22 51
22 36
22 9
22 30
22 117
22 28
22 17
22 21
22 12
22 138
22 121
22 111
22 2
22 79
22 6
22 134
22 35
22 76
22 113
22 101
22 99
22 61
22 102
22 13
22 98
22 87
23 97
23 18
23 35
23 98
23 125
23 67
23 91
23 1
23 82
23 110
23 103
23 36
23 79
23 16
23 7
23 39
23 42
23 46
23 95
23 22
23 30
23 64
23 14
23 52
23 77
23 104
23 56
23 119
23 60
23 129
23 19
23 139
23 102
23 112
23 117
23 136
24 107
24 53
24 60
24 58
24 68
24 82
24 35
24 32
24 119
24 69
24 21
24 92
24 12
24 49
24 123
24 23
24 116
24 104
24 18
24 96
24 64
24 112
24 26
24 76
24 111
24 4
24 108
24 127
24 25
24 135
24 61
24 81
24 41
24 86
24 133
24 10
24 85
24 87
24 94
24 78
24 34
25 90
25 19
25 44
25 73
25 63
25 75
25 127
25 83
25 43
25 39
25 128
25 14
25 111
25 72
25 74
25 69
25 77
25 27
25 16
25 120
25 113
25 29
25 66
25 52
25 28
25 138
25 15
25 56
25 136
25 129
25 53
25 108
25 21
25 60
25 1
25 7
25 109
25 105
25 12
25 5
25 22
25 6
25 61
25 117
25 119
26 43
26 48
26 87
26 67
26 34
26 11
26 38
26 64
26 16
26 25
26 129
26 41
26 128
26 50
26 63
26 70
26 121
26 47
26 13
26 35
26 6
26 28
26 135
26 44
26 133
26 115
26 18
26 117
26 2
26 120
26 78
26 14
26 107
26 9
26 101
26 74
26 1
26 72
26 62
26 60
26 68
26 61
26 40
26 17
27 66
27 71
27 93
27 3
27 90
27 80
27 88
27 32
27 74
27 132
27 91
27 85
27 97
27 118
27 12
27 28
27 48
27 4
27 18
27 92
27 64
27 138
27 99
27 102
27 63
27 140
27 16
27 60
27 139
27 59
27 47
27 81
27 110
27 119
27 36
27 52
27 45
27 46
27 104
27 112
27 13
27 137
27 78
28 54
28 44
28 70
28 108
28 94
28 49
28 77
28 23
28 98
28 58
28 14
28 120
28 133
28 30
28 76
28 121
28 56
28 68
28 92
28 29
28 53
28 83
28 139
28 112
28 132
28 52
28 21
28 31
28 50
28 78
28 51
28 4
28 16
28 106
28 129
28 74
28 136
29 114
29 134
29 54
29 99
29 100
29 129
29 16
29 48
29 115
29 89
29 82
29 116
29 132
29 6
29 105
29 39
29 62
29 136
29 41
29 27
29 5
29 26
29 17
29 108
29 37
29 31
29 61
29 58
29 44
29 50
29 35
29 94
29 19
29 32
29 88
29 104
29 3
29 131
29 76
29 20
29 49
29 113
29 1
29 121
29 98
29 43
30 131
30 3
30 126
30 61
30 55
30 93
30 35
30 52
30 62
30 19
30 116
30 85
30 122
30 14
30 18
30 108
30 129
30 79
30 41
30 4
30 46
30 53
30 112
30 37
30 119
30 50
30 128
30 10
30 36
30 101
30 71
30 69
30 138
30 27
30 48
30 95
30 140
30 12
31 83
31 21
31 50
31 117
31 124
31 68
31 97
31 119
31 24
31 14
31 17
31 139
31 43
31 9
31 136
31 106
31 62
31 79
31 25
31 123
31 63
31 114
31 135
31 23
31 15
31 92
31 48
31 70
31 12
31 45
31 6
31 103
31 38
31 60
31 74
31 125
31 131
31 22
31 18
31 37
31 88
31 89
32 72
32 108
32 96
32 103
32 69
32 78
32 52
32 37
32 34
32 122
32 89
32 67
32 82
32 30
32 26
32 79
32 131
32 83
32 128
32 112
32 90
32 139
32 17
32 38
32 57
32 53
32 59
32 33
32 8
32 36
32 120
32 9
32 77
32 118
32 71
32 116
32 106
32 132
32 6
32 18
33 56
33 8
33 81
33 52
33 62
33 18
33 48
33 38
33 119
33 99
33 59
33 75
33 98
33 100
33 84
33 104
33 113
33 28
33 49
33 129
33 96
33 94
33 124
33 22
33 3
33 35
33 123
33 114
33 4
33 130
33 66
33 87
33 70
33 108
33 126
33 15
33 11
33 116
33 34
33 21
33 101
33 43
33 105
34 29
34 59
34 46
34 111
34 80
34 21
34 58
34 126
34 125
34 134
34 131
34 40
34 96
34 63
34 43
34 113
34 68
34 108
34 57
34 41
34 66
34 30
34 36
34 44
34 103
34 9
34 130
34 92
34 118
34 89
34 112
34 104
34 94
34 122
34 81
34 95
34 38
34 51
34 119
34 19
34 50
34 52
34 121
34 114
34 74
34 93
34 77
35 8
35 104
35 44
35 51
35 107
35 114
35 138
35 128
35 102
35 109
35 15
35 17
35 121
35 6
35 132
35 74
35 73
35 68
35 57
35 12
35 122
35 40
35 117
35 19
35 83
35 129
35 115
35 45
35 118
35 58
35 11
35 25
35 77
35 66
35 134
35 48
35 61
35 2
35 135
35 34
35 31
35 106
35 97
35 39
36 19
36 114
36 55
36 138
36 48
36 104
36 124
36 59
36 7
36 20
36 139
36 94
36 74
36 62
36 11
36 57
36 13
36 79
36 18
36 100
36 80
36 5
36 64
36 140
36 109
36 75
36 102
36 137
36 51
36 130
36 49
36 101
36 87
36 111
36 8
36 21
36 129
36 35
36 69
36 116
36 135
37 137
37 40
37 56
37 129
37 20
37 24
37 6
37 33
37 55
37 57
37 65
37 133
37 91
37 50
37 35
37 138
37 39
37 96
37 23
37 16
37 103
37 67
37 132
37 43
37 36
37 122
37 94
37 99
37 97
37 8
37 120
37 48
37 25
37 112
37 62
37 73
37 113
37 74
38 139
38 79
38 69
38 4
38 93
38 25
38 99
38 35
38 92
38 104
38 132
38 9
38 117
38 37
38 119
38 101
38 111
38 63
38 16
38 95
38 108
38 44
38 22
38 40
38 90
38 47
38 3
38 17
38 127
38 120
38 91
38 100
38 64
38 18
38 94
38 61
38 102
38 77
38 85
38 58
38 24
38 123
38 72
39 11
39 74
39 122
39 55
39 49
39 114
39 10
39 1
39 71
39 87
39 52
39 109
39 12
39 93
39 97
39 51
39 58
39 66
39 82
39 108
39 57
39 140
39 102
39 20
39 94
39 43
39 101
39 77
39 126
39 19
39 46
39 40
39 134
39 41
39 110
39 3
39 121
39 81
39 36
39 62
40 109
40 111
40 47
40 76
40 61
40 97
40 105
40 4
40 124
40 140
40 93
40 89
40 28
40 121
40 80
40 127
40 128
40 73
40 117
40 103
40 108
40 84
40 104
40 107
40 50
40 87
40 133
40 126
40 92
40 99
40 13
40 27
40 122
40 15
40 83
40 106
40 101
40 116
40 66
40 60
40 5
40 129
40 81
41 124
41 21
41 80
41 19
41 87
41 53
41 32
41 95
41 54
41 70
41 62
41 102
41 45
41 14
41 90
41 125
41 106
41 88
41 119
41 100
41 16
41 118
41 20
41 75
41 77
41 126
41 97
41 131
41 23
41 138
41 140
41 84
41 122
41 115
41 31
41 108
41 113
41 25
41 93
41 9
41 7
42 119
42 85
42 130
42 40
42 99
42 100
42 26
42 124
42 114
42 128
42 83
42 25
42 134
42 82
42 111
42 131
42 93
42 59
42 3
42 20
42 9
42 102
42 7
42 13
42 123
42 27
42 109
42 55
42 38
42 57
42 33
42 101
42 36
42 47
42 66
42 15
42 120
42 1
43 70
43 51
43 54
43 36
43 6
43 74
43 8
43 30
43 78
43 3
43 112
43 133
43 76
43 7
43 91
43 96
43 128
43 83
43 124
43 105
43 84
43 132
43 86
43 15
43 46
43 117
43 122
43 80
43 69
43 102
43 10
43 89
43 16
43 98
43 53
43 134
43 32
43 38
43 48
43 56
43 107
43 35
43 52
43 73
44 9
44 113
44 41
44 76
44 90
44 54
44 8
44 134
44 51
44 30
44 110
44 116
44 100
44 138
44 57
44 115
44 140
44 13
44 75
44 123
44 32
44 20
44 1
44 101
44 70
44 37
44 135
44 72
44 5
44 10
44 129
44 19
44 112
44 111
44 15
44 2
44 31
44 40
44 67
44 63
44 43
44 27
45 95
45 40
45 38
45 34
45 91
45 9
45 15
45 98
45 33
45 6
45 50
45 130
45 42
45 118
45 51
45 140
45 76
45 85
45 99
45 116
45 88
45 138
45 26
45 36
45 124
45 44
45 49
45 5
45 3
45 105
45 61
45 120
45 43
45 73
45 1
45 18
45 87
45 128
45 53
45 12
45 127
45 78
45 109
45 57
45 70
46 140
46 11
46 45
46 32
46 115
46 50
46 108
46 84
46 25
46 10
46 33
46 91
46 31
46 58
46 73
46 24
46 38
46 125
46 86
46 5
46 19
46 57
46 97
46 44
46 88
46 55
46 99
46 52
46 9
46 75
46 70
46 95
46 12
46 90
46 135
46 130
46 83
46 103
46 67
46 60
46 132
47 21
47 45
47 46
47 90
47 57
47 102
47 55
47 73
47 24
47 29
47 72
47 122
47 130
47 118
47 86
47 33
47 31
47 91
47 133
47 44
47 48
47 8
47 65
47 75
47 139
47 83
47 35
47 105
47 2
47 68
47 41
47 25
47 54
47 121
47 126
47 128
47 28
47 138
47 103
48 86
48 12
48 71
48 131
48 4
48 68
48 97
48 2
48 82
48 66
48 65
48 102
48 23
48 107
48 137
48 116
48 99
48 62
48 75
48 55
48 25
48 98
48 64
48 90
48 17
48 130
48 101
48 42
48 84
48 39
48 38
48 128
48 10
48 58
48 16
48 44
48 110
48 126
48 114
48 9
48 134
48 135
48 53
49 80
49 128
49 135
49 129
49 63
49 92
49 15
49 83
49 47
49 107
49 73
49 119
49 115
49 54
49 88
49 94
49 44
49 95
49 100
49 123
49 32
49 58
49 124
49 86
49 134
49 46
49 68
49 35
49 14
49 104
49 85
49 27
49 69
49 75
49 118
49 42
49 37
49 117
49 34
49 113
49 108
49 105
50 110
50 118
50 67
50 19
50 14
50 84
50 39
50 140
50 82
50 101
50 8
50 62
50 111
50 91
50 2
50 86
50 136
50 130
50 106
50 21
50 10
50 105
50 58
50 119
50 97
50 115
50 23
50 78
50 92
50 49
50 90
50 80
50 71
50 64
50 36
50 87
50 76
50 114
50 109
50 35
50 42
50 16
50 57
50 70
50 7
50 99
50 63
51 27
51 127
51 24
51 93
51 82
51 84
51 52
51 20
51 58
51 75
51 30
51 1
51 33
51 100
51 32
51 57
51 74
51 48
51 18
51 131
51 61
51 87
51 73
51 117
51 68
51 85
51 37
51 125
51 66
51 116
51 10
51 115
51 83
51 23
51 79
51 50
51 128
51 107
51 81
51 55
52 122
52 4
52 64
52 121
52 115
52 104
52 84
52 123
52 50
52 37
52 136
52 108
52 40
52 74
52 63
52 67
52 139
52 59
52 15
52 77
52 62
52 61
52 105
52 85
52 44
52 132
52 66
52 24
52 21
52 1
52 95
52 124
52 119
52 99
52 93
52 130
52 69
52 49
52 54
52 29
53 135
53 127
53 138
53 117
53 95
53 121
53 107
53 89
53 52
53 49
53 101
53 46
53 3
53 8
53 34
53 1
53 36
53 16
53 40
53 130
53 78
53 118
53 99
53 116
53 55
53 56
53 97
53 19
53 10
53 57
53 12
53 35
53 119
53 133
53 27
53 71
53 106
53 120
53 20
53 92
54 64
54 2
54 69
54 75
54 137
54 65
54 118
54 70
54 101
54 14
54 16
54 127
54 139
54 33
54 39
54 133
54 84
54 51
54 103
54 95
54 13
54 85
54 97
54 4
54 42
54 17
54 134
54 26
54 18
54 136
54 27
54 114
54 36
54 100
54 34
54 25
54 37
54 68
54 7
54 3
55 77
55 73
55 10
55 49
55 67
55 123
55 45
55 61
55 76
55 72
55 52
55 127
55 1
55 60
55 112
55 91
55 40
55 44
55 65
55 43
55 69
55 85
55 134
55 17
55 3
55 129
55 26
55 99
55 54
55 96
55 25
55 82
55 137
55 41
55 33
55 50
55 131
55 11
55 113
55 8
56 4
56 24
56 109
56 52
56 87
56 96
56 8
56 91
56 15
56 110
56 114
56 69
56 42
56 22
56 47
56 66
56 21
56 31
56 29
56 101
56 128
56 92
56 133
56 102
56 26
56 135
56 126
56 67
56 63
56 86
56 57
56 104
56 45
56 11
56 134
56 16
56 122
56 79
56 138
56 32
56 116
56 108
57 75
57 24
57 83
57 115
57 74
57 80
57 64
57 73
57 41
57 61
57 134
57 93
57 48
57 33
57 38
57 17
57 87
57 22
57 138
57 105
57 99
57 26
57 20
57 30
57 18
57 112
57 65
57 25
57 49
57 68
57 52
57 40
57 126
57 124
57 71
57 14
57 106
57 88
57 12
57 114
57 119
57 15
57 118
57 5
57 78
57 55
57 72
57 108
57 79
58 7
58 140
58 106
58 107
58 88
58 13
58 97
58 129
58 2
58 45
58 23
58 61
58 115
58 119
58 19
58 93
58 27
58 17
58 20
58 121
58 139
58 63
58 116
58 137
58 101
58 4
58 125
58 89
58 75
58 1
58 98
58 43
58 81
58 64
58 62
58 44
58 47
59 103
59 5
59 128
59 84
59 29
59 48
59 97
59 96
59 35
59 131
59 24
59 72
59 51
59 138
59 43
59 86
59 117
59 50
59 46
59 37
59 13
59 78
59 92
59 40
59 123
59 102
59 111
59 26
59 58
59 121
59 110
59 132
59 41
59 126
59 68
59 76
59 6
59 94
59 115
59 56
59 113
59 45
59 3
60 52
60 57
60 2
60 104
60 5
60 126
60 53
60 133
60 82
60 13
60 32
60 43
60 65
60 3
60 39
60 132
60 107
60 22
60 96
60 19
60 34
60 62
60 41
60 99
60 67
60 76
60 56
60 102
60 4
60 59
60 92
60 7
60 63
60 134
60 8
60 95
60 44
60 78
60 111
60 83
60 37
61 28
61 89
61 130
61 79
61 110
61 98
61 21
61 83
61 72
61 18
61 39
61 76
61 119
61 95
61 54
61 3
61 99
61 34
61 74
61 134
61 92
61 15
61 107
61 4
61 116
61 67
61 5
61 138
61 81
61 85
61 43
61 84
61 132
61 129
61 96
61 103
61 82
61 37
61 27
61 128
61 47
62 35
62 105
62 72
62 54
62 57
62 20
62 1
62 49
62 45
62 24
62 88
62 128
62 71
62 102
62 44
62 9
62 8
62 107
62 140
62 68
62 101
62 67
62 66
62 84
62 25
62 110
62 63
62 124
62 18
62 122
62 27
62 10
62 47
62 118
62 22
62 127
62 138
62 3
62 95
62 116
62 113
62 131
62 79
62 51
62 85
63 16
63 14
63 137
63 68
63 48
63 28
63 138
63 110
63 40
63 55
63 77
63 39
63 23
63 19
63 61
63 114
63 97
63 20
63 96
63 85
63 18
63 135
63 41
63 139
63 45
63 42
63 101
63 82
63 128
63 69
63 33
63 53
63 134
63 92
63 2
63 91
63 74
63 89
63 133
63 108
63 65
63 36
63 3
63 73
64 25
64 116
64 108
64 47
64 12
64 115
64 91
64 140
64 6
64 138
64 73
64 66
64 75
64 42
64 20
64 81
64 2
64 72
64 51
64 120
64 139
64 35
64 4
64 9
64 62
64 78
64 13
64 16
64 65
64 105
64 111
64 29
64 1
64 127
64 90
64 22
64 71
65 84
65 2
65 13
65 43
65 121
65 122
65 44
65 17
65 29
65 77
65 56
65 98
65 111
65 96
65 45
65 33
65 130
65 116
65 42
65 20
65 140
65 8
65 133
65 10
65 49
65 93
65 40
65 135
65 14
65 70
65 50
65 74
65 110
65 102
65 32
65 104
65 115
66 41
66 4
66 23
66 134
66 67
66 109
66 38
66 110
66 101
66 69
66 76
66 7
66 127
66 2
66 131
66 124
66 137
66 80
66 79
66 15
66 32
66 114
66 57
66 71
66 95
66 74
66 88
66 60
66 36
66 120
66 59
66 13
66 47
66 75
66 44
66 104
66 68
66 126
66 26
66 138
66 72
67 38
67 13
67 134
67 101
67 99
67 125
67 9
67 16
67 48
67 126
67 95
67 133
67 73
67 130
67 71
67 89
67 5
67 115
67 41
67 117
67 116
67 104
67 81
67 136
67 22
67 68
67 25
67 47
67 77
67 14
67 129
67 29
67 80
67 57
67 27
67 76
67 127
67 58
67 7
67 30
68 73
68 84
68 56
68 18
68 117
68 102
68 104
68 120
68 121
68 129
68 43
68 15
68 55
68 7
68 111
68 139
68 131
68 14
68 71
68 40
68 29
68 6
68 100
68 103
68 36
68 83
68 112
68 42
68 123
68 91
68 106
68 50
68 2
68 138
68 64
68 122
68 27
68 95
68 124
68 130
68 87
68 45
68 52
69 98
69 45
69 114
69 29
69 101
69 91
69 61
69 2
69 120
69 82
69 57
69 116
69 14
69 89
69 21
69 107
69 9
69 48
69 125
69 119
69 115
69 67
69 108
69 99
69 6
69 96
69 90
69 12
69 46
69 41
69 15
69 88
69 27
69 53
69 121
70 5
70 52
70 124
70 20
70 88
70 86
70 34
70 53
70 56
70 138
70 67
70 90
70 35
70 10
70 27
70 127
70 108
70 22
70 74
70 62
70 21
70 15
70 68
70 123
70 49
70 137
70 106
70 79
70 66
70 16
70 11
70 69
70 80
70 38
70 36
70 133
70 13
70 32
70 94
70 110
70 75
70 125
71 58
71 134
71 85
71 20
71 59
71 128
71 47
71 25
71 92
71 86
71 36
71 81
71 136
71 87
71 10
71 41
71 113
71 129
71 114
71 122
71 28
71 70
71 116
71 13
71 137
71 96
71 99
71 8
71 29
71 117
71 115
71 9
71 106
71 69
71 124
71 78
71 34
71 4
71 56
72 17
72 97
72 93
72 6
72 113
72 68
72 106
72 75
72 34
72 109
72 112
72 120
72 71
72 67
72 140
72 77
72 37
72 42
72 1
72 20
72 70
72 116
72 48
72 19
72 92
72 27
72 76
72 41
72 56
72 111
72 51
72 136
72 126
72 40
72 10
72 86
72 124
72 85
72 63
72 78
72 102
72 108
72 39
72 15
72 23
73 34
73 36
73 75
73 62
73 136
73 100
73 26
73 32
73 71
73 4
73 6
73 61
73 121
73 53
73 123
73 77
73 59
73 24
73 69
73 22
73 137
73 125
73 124
73 15
73 97
73 122
73 42
73 16
73 29
73 23
73 131
73 31
73 44
73 18
73 50
74 55
74 110
74 17
74 50
74 118
74 97
74 137
74 94
74 6
74 53
74 14
74 10
74 42
74 58
74 139
74 88
74 72
74 16
74 18
74 15
74 54
74 69
74 29
74 138
74 95
74 56
74 135
74 140
74 100
74 8
74 38
74 129
74 40
74 78
74 127
74 71
74 60
75 132
75 15
75 113
75 62
75 68
75 103
75 76
75 67
75 59
75 111
75 63
75 134
75 65
75 140
75 39
75 83
75 129
75 99
75 55
75 88
75 34
75 108
75 10
75 30
75 16
75 104
75 133
75 69
75 2
75 71
75 123
75 11
75 92
75 82
75 112
75 12
75 9
75 20
75 91
75 135
75 102
75 94
76 20
76 41
76 4
76 96
76 53
76 81
76 114
76 69
76 25
76 2
76 39
76 70
76 63
76 103
76 65
76 122
76 107
76 62
76 137
76 138
76 35
76 93
76 17
76 84
76 94
76 56
76 136
76 140
76 57
76 105
76 113
76 132
76 125
76 15
76 64
76 85
76 73
76 88
76 139
77 82
77 11
77 12
77 139
77 29
77 75
77 37
77 117
77 13
77 47
77 6
77 69
77 123
77 24
77 93
77 50
77 26
77 79
77 46
77 120
77 85
77 62
77 102
77 70
77 30
77 48
77 113
77 60
77 105
77 59
77 22
77 31
77 5
77 119
77 57
77 95
77 112
77 40
77 116
78 117
78 130
78 46
78 12
78 86
78 68
78 40
78 132
78 49
78 19
78 76
78 61
78 42
78 36
78 8
78 122
78 115
78 88
78 34
78 97
78 56
78 5
78 136
78 133
78 91
78 21
78 31
78 67
78 120
78 38
78 102
78 121
78 123
78 108
78 70
78 118
78 47
78 98
78 44
79 2
79 81
79 124
79 42
79 108
79 101
79 49
79 116
79 5
79 109
79 128
79 63
79 111
79 78
79 103
79 69
79 134
79 89
79 68
79 76
79 82
79 107
79 25
79 122
79 33
79 98
79 72
79 52
79 83
79 16
79 117
79 53
79 99
79 96
79 43
79 120
79 37
79 45
79 121
79 102
79 104
80 138
80 76
80 94
80 111
80 16
80 121
80 6
80 90
80 55
80 97
80 8
80 29
80 98
80 30
80 123
80 45
80 89
80 113
80 60
80 54
80 122
80 5
80 75
80 39
80 68
80 72
80 71
80 31
80 24
80 129
80 88
80 59
80 17
80 85
80 25
80 137
80 110
80 18
80 44
80 109
80 9
81 31
81 38
81 91
81 45
81 11
81 59
81 5
81 32
81 98
81 43
81 14
81 72
81 117
81 108
81 95
81 28
81 23
81 57
81 49
81 90
81 65
81 80
81 29
81 69
81 54
81 119
81 130
81 106
81 120
81 77
81 84
81 118
81 139
81 116
81 87
81 121
81 115
81 62
81 138
81 75
82 121
82 98
82 65
82 83
82 113
82 40
82 46
82 101
82 33
82 95
82 59
82 64
82 91
82 125
82 47
82 11
82 134
82 81
82 129
82 72
82 99
82 70
82 104
82 130
82 1
82 108
82 90
82 58
82 4
82 26
82 31
82 34
82 116
82 19
82 124
82 62
82 115
82 25
82 22
82 102
82 6
82 111
82 114
82 53
83 91
83 50
83 63
83 85
83 24
83 115
83 48
83 111
83 53
83 112
83 10
83 45
83 22
83 5
83 84
83 55
83 137
83 131
83 96
83 87
83 139
83 70
83 124
83 128
83 120
83 76
83 110
83 78
83 71
83 20
83 26
83 13
83 121
83 21
83 58
83 62
83 98
83 117
83 38
83 16
83 29
83 138
83 92
83 34
83 123
84 130
84 63
84 34
84 29
84 31
84 125
84 79
84 32
84 88
84 11
84 124
84 128
84 44
84 73
84 64
84 132
84 96
84 94
84 106
84 80
84 91
84 70
84 35
84 71
84 60
84 114
84 113
84 72
84 111
84 38
84 135
84 119
84 25
84 24
84 58
84 5
84 123
84 27
84 92
84 107
84 3
84 109
84 47
85 46
85 115
85 57
85 88
85 14
85 79
85 121
85 66
85 131
85 48
85 26
85 127
85 25
85 117
85 1
85 7
85 10
85 92
85 87
85 137
85 33
85 43
85 29
85 31
85 60
85 119
85 2
85 113
85 50
85 75
85 69
85 91
85 9
85 120
85 95
85 65
85 36
85 124
85 44
85 134
85 126
85 74
85 37
85 128
85 34
85 39
86 89
86 121
86 53
86 94
86 27
86 131
86 1
86 54
86 62
86 36
86 42
86 124
86 119
86 83
86 18
86 98
86 120
86 107
86 113
86 34
86 84
86 6
86 118
86 8
86 76
86 26
86 60
86 80
86 79
86 45
86 16
86 139
86 132
87 37
87 90
87 89
87 69
87 109
87 107
87 117
87 6
87 97
87 8
87 52
87 136
87 99
87 93
87 23
87 112
87 127
87 32
87 43
87 12
87 55
87 102
87 119
87 66
87 59
87 47
87 72
87 49
87 20
87 54
87 65
87 113
87 29
87 86
87 38
87 42
87 27
87 114
87 46
87 58
87 134
87 34
87 31
88 12
88 91
88 32
88 71
88 28
88 34
88 127
88 50
88 106
88 33
88 116
88 73
88 63
88 137
88 111
88 35
88 26
88 105
88 10
88 5
88 87
88 15
88 77
88 9
88 53
88 136
88 54
88 126
88 125
88 1
88 83
88 89
88 132
88 14
88 64
88 30
88 37
88 67
88 82
88 3
88 138
89 74
89 104
89 3
89 110
89 101
89 27
89 33
89 126
89 60
89 52
89 17
89 133
89 73
89 91
89 103
89 30
89 35
89 95
89 116
89 66
89 42
89 70
89 24
89 2
89 120
89 37
89 82
89 134
89 8
89 51
89 121
89 72
89 59
89 7
89 45
89 23
89 100
90 101
90 35
90 91
90 6
90 86
90 59
90 65
90 23
90 116
90 99
90 54
90 125
90 72
90 130
90 78
90 13
90 56
90 8
90 34
90 60
90 43
90 71
90 109
90 73
90 3
90 84
90 126
90 30
90 9
90 4
90 49
90 123
90 20
90 53
90 52
90 95
90 58
90 67
90 128
90 40
90 107
90 79
91 14
91 109
91 103
91 87
91 33
91 29
91 19
91 32
91 21
91 67
91 3
91 111
91 66
91 62
91 26
91 112
91 20
91 123
91 107
91 6
91 133
91 70
91 34
91 59
91 40
91 118
91 52
91 95
91 54
91 4
91 11
91 140
91 49
91 61
91 73
91 48
91 17
91 13
91 53
91 28
91 60
91 92
91 116
91 120
92 13
92 108
92 32
92 29
92 68
92 62
92 138
92 6
92 33
92 7
92 67
92 87
92 54
92 52
92 101
92 106
92 45
92 81
92 64
92 100
92 21
92 66
92 10
92 112
92 5
92 88
92 76
92 57
92 78
92 118
92 99
92 36
92 39
92 55
92 123
92 139
92 110
92 46
92 20
92 119
92 42
92 26
92 48
93 116
93 98
93 119
93 137
93 94
93 112
93 110
93 43
93 73
93 105
93 67
93 134
93 103
93 92
93 106
93 131
93 23
93 56
93 86
93 50
93 21
93 13
93 20
93 47
93 10
93 11
93 82
93 83
93 85
93 33
93 68
93 128
93 31
93 90
93 1
93 115
93 44
93 139
93 62
93 24
94 118
94 125
94 57
94 72
94 7
94 35
94 27
94 71
94 98
94 10
94 66
94 112
94 131
94 96
94 8
94 5
94 65
94 126
94 12
94 77
94 14
94 52
94 26
94 78
94 138
94 104
94 129
94 17
94 123
94 83
94 135
94 60
94 119
94 18
94 16
94 50
94 132
94 55
94 134
94 81
95 108
95 140
95 10
95 50
95 42
95 103
95 133
95 57
95 64
95 75
95 69
95 24
95 116
95 93
95 83
95 98
95 1
95 125
95 127
95 106
95 65
95 134
95 80
95 76
95 5
95 26
95 43
95 39
95 94
95 51
95 138
95 22
95 40
95 18
95 47
95 33
95 27
95 124
95 104
95 19
95 99
95 58
95 105
95 117
96 92
96 88
96 40
96 17
96 90
96 3
96 48
96 70
96 137
96 39
96 109
96 14
96 85
96 123
96 13
96 54
96 99
96 111
96 75
96 9
96 26
96 36
96 46
96 86
96 131
96 130
96 29
96 66
96 67
96 120
96 100
96 16
96 105
96 106
96 72
96 49
96 18
96 107
96 35
96 113
96 132
96 51
96 121
97 68
97 62
97 100
97 14
97 82
97 136
97 139
97 121
97 28
97 18
97 118
97 24
97 61
97 38
97 84
97 130
97 29
97 110
97 16
97 3
97 83
97 1
97 13
97 109
97 51
97 81
97 64
97 123
97 43
97 21
97 94
97 85
97 44
97 25
97 106
97 98
98 26
98 16
98 60
98 27
98 133
98 12
98 131
98 55
98 19
98 92
98 105
98 90
98 130
98 120
98 84
98 106
98 136
98 5
98 102
98 91
98 72
98 47
98 4
98 42
98 121
98 101
98 135
98 53
98 117
98 39
98 88
98 1
98 21
98 40
98 96
98 64
98 125
98 7
98 35
98 129
99 1
99 129
99 63
99 125
99 59
99 14
99 91
99 13
99 6
99 54
99 98
99 89
99 35
99 126
99 39
99 97
99 94
99 104
99 81
99 130
99 64
99 41
99 2
99 51
99 101
99 113
99 123
99 28
99 49
99 62
99 107
99 112
99 65
99 43
99 85
99 24
99 21
99 80
99 66
99 31
99 127
99 106
99 109
99 56
99 10
99 77
99 131
100 120
100 108
100 106
100 99
100 9
100 25
100 67
100 2
100 116
100 56
100 79
100 12
100 21
100 24
100 58
100 139
100 22
100 72
100 132
100 35
100 50
100 81
100 27
100 34
100 86
100 111
100 11
100 80
100 55
100 52
100 45
100 112
100 137
100 65
100 6
100 1
100 117
100 47
100 66
100 48
100 31
101 47
101 135
101 55
101 87
101 15
101 12
101 111
101 23
101 117
101 35
101 102
101 68
101 140
101 100
101 41
101 64
101 52
101 61
101 110
101 49
101 72
101 46
101 9
101 105
101 126
101 81
101 95
101 94
101 13
101 29
101 134
101 88
101 7
101 73
101 8
101 133
101 93
101 70
101 74
101 19
101 11
101 51
101 14
102 61
102 124
102 113
102 117
102 30
102 54
102 13
102 8
102 6
102 40
102 139
102 80
102 34
102 12
102 96
102 37
102 44
102 88
102 4
102 89
102 9
102 32
102 107
102 10
102 94
102 95
102 133
102 21
102 100
102 81
102 66
102 45
102 25
102 85
102 114
102 51
102 123
102 137
102 57
102 108
102 105
102 122
102 131
103 96
103 126
103 102
103 92
103 125
103 136
103 53
103 62
103 6
103 57
103 5
103 90
103 43
103 56
103 7
103 129
103 28
103 35
103 80
103 84
103 11
103 98
103 64
103 86
103 109
103 30
103 138
103 81
103 118
103 83
103 41
103 69
103 26
103 87
103 58
104 111
104 61
104 19
104 119
104 12
104 14
104 31
104 115
104 70
104 26
104 105
104 96
104 57
104 110
104 48
104 100
104 9
104 63
104 32
104 39
104 7
104 37
104 43
104 11
104 3
104 80
104 71
104 117
104 120
104 136
104 59
104 83
104 42
104 81
104 4
104 30
104 64
104 129
104 28
104 55
104 90
105 65
105 67
105 115
105 32
105 23
105 42
105 138
105 123
105 28
105 74
105 36
105 83
105 4
105 139
105 35
105 91
105 44
105 128
105 114
105 90
105 99
105 137
105 41
105 5
105 3
105 48
105 71
105 100
105 110
105 81
105 97
105 14
105 38
105 12
105 78
105 27
105 66
105 18
105 82
105 30
105 20
105 106
105 121
106 67
106 24
106 29
106 66
106 3
106 127
106 27
106 33
106 114
106 83
106 20
106 125
106 111
106 85
106 63
106 126
106 89
106 18
106 10
106 47
106 30
106 82
106 86
106 51
106 12
106 75
106 76
106 113
106 19
106 4
106 138
106 102
106 74
106 37
106 120
106 52
106 65
106 39
106 131
106 21
106 104
106 119
106 129
106 43
106 11
107 44
107 70
107 23
107 50
107 56
107 5
107 34
107 74
107 83
107 19
107 57
107 82
107 136
107 29
107 28
107 47
107 36
107 42
107 78
107 77
107 59
107 105
107 14
107 30
107 63
107 93
107 18
107 31
107 85
107 27
107 94
107 55
107 38
107 95
107 80
107 21
107 118
107 75
107 100
107 39
107 109
107 33
107 72
107 10
107 7
107 25
108 115
108 105
108 130
108 14
108 4
108 5
108 65
108 135
108 84
108 20
108 22
108 87
108 43
108 90
108 26
108 99
108 80
108 124
108 123
108 77
108 74
108 60
108 117
108 3
108 106
108 85
108 109
108 112
108 133
108 119
108 93
108 96
108 35
108 54
108 47
108 10
108 36
108 2
108 66
108 45
108 62
108 19
108 131
108 15
108 71
109 62
109 88
109 71
109 4
109 37
109 26
109 137
109 16
109 101
109 85
109 100
109 130
109 104
109 23
109 34
109 55
109 81
109 135
109 46
109 61
109 128
109 7
109 93
109 1
109 14
109 114
109 33
109 30
109 102
109 68
109 17
109 28
109 22
109 44
109 82
109 12
109 15
109 11
109 2
109 89
110 24
110 20
110 57
110 30
110 38
110 2
110 120
110 114
110 25
110 28
110 96
110 1
110 81
110 8
110 94
110 55
110 90
110 111
110 123
110 99
110 126
110 31
110 64
110 88
110 118
110 129
110 108
110 76
110 130
110 12
110 140
110 54
110 84
110 43
110 131
110 13
110 107
110 78
110 41
110 5
111 93
111 37
111 99
111 27
111 138
111 70
111 5
111 61
111 127
111 8
111 119
111 49
111 15
111 45
111 125
111 33
111 116
111 85
111 32
111 43
111 55
111 107
111 113
111 97
111 31
111 92
111 128
111 105
111 41
111 26
111 86
111 118
111 1
111 90
111 56
111 98
111 11
111 76
111 109
111 54
111 78
111 135
111 112
111 122
111 139
111 123
112 76
112 65
112 14
112 1
112 5
112 42
112 59
112 90
112 125
112 132
112 36
112 131
112 31
112 97
112 51
112 70
112 13
112 39
112 8
112 106
112 58
112 25
112 118
112 119
112 110
112 102
112 130
112 53
112 137
112 104
112 29
112 48
112 95
112 128
112 56
112 54
112 60
112 15
112 82
113 63
113 28
113 73
113 133
113 68
113 11
113 98
113 46
113 109
113 43
113 88
113 58
113 105
113 69
113 119
113 103
113 100
113 81
113 57
113 54
113 38
113 78
113 117
113 83
113 3
113 32
113 12
113 60
113 50
113 91
113 138
113 137
113 110
113 67
113 89
113 123
113 39
113 8
113 56
113 127
113 93
113 7
113 79
113 51
114 125
114 43
114 129
114 46
114 59
114 89
114 55
114 79
114 128
114 27
114 45
114 93
114 88
114 137
114 103
114 107
114 139
114 40
114 47
114 11
114 10
114 96
114 86
114 90
114 118
114 140
114 135
114 28
114 22
114 122
114 1
114 53
114 91
114 38
114 108
114 130
114 30
114 85
114 112
115 94
115 62
115 20
115 135
115 98
115 33
115 61
115 114
115 60
115 87
115 95
115 77
115 89
115 118
115 36
115 72
115 140
115 100
115 99
115 128
115 102
115 40
115 16
115 111
115 125
115 123
115 3
115 19
115 25
115 45
115 54
115 55
115 80
115 32
115 134
115 101
115 138
115 14
115 129
115 106
115 86
115 63
115 39
115 91
116 99
116 52
116 31
116 22
116 68
116 17
116 42
116 124
116 97
116 85
116 125
116 38
116 112
116 41
116 28
116 25
116 18
116 83
116 122
116 14
116 137
116 60
116 119
116 11
116 74
116 37
116 57
116 59
116 106
116 139
116 10
116 94
116 9
116 43
116 46
116 92
116 127
116 104
116 98
116 75
116 108
116 136
116 134
116 34
117 3
117 76
117 116
117 92
117 16
117 47
117 89
117 21
117 24
117 52
117 64
117 73
117 45
117 27
117 82
117 70
117 128
117 11
117 33
117 61
117 65
117 139
117 75
117 34
117 55
117 140
117 5
117 110
117 111
117 106
117 94
117 103
117 86
117 109
117 14
117 57
117 28
117 107
117 29
117 126
117 56
117 9
117 2
117 72
117 135
117 13
118 48
118 83
118 43
118 123
118 99
118 76
118 18
118 121
118 31
118 134
118 117
118 11
118 75
118 89
118 56
118 51
118 3
118 72
118 106
118 6
118 135
118 124
118 109
118 59
118 38
118 98
118 122
118 60
118 28
118 26
118 96
118 29
118 44
118 84
118 1
118 77
118 61
118 24
119 100
119 35
119 135
119 19
119 101
119 62
119 136
119 45
119 88
119 2
119 78
119 46
119 17
119 63
119 16
119 105
119 39
119 55
119 74
119 71
119 89
119 121
119 120
119 128
119 122
119 109
119 75
119 130
119 103
119 131
119 99
119 79
119 48
119 21
119 1
119 56
119 37
119 125
119 10
119 127
119 91
119 137
119 129
119 13
119 11
119 97
119 80
119 107
120 105
120 30
120 95
120 132
120 21
120 22
120 94
120 128
120 33
120 23
120 43
120 133
120 137
120 131
120 103
120 87
120 41
120 39
120 60
120 59
120 129
120 113
120 12
120 54
120 124
120 93
120 90
120 11
120 24
120 102
120 19
120 34
120 122
120 71
120 70
120 125
120 57
120 111
120 88
120 50
120 48
120 4
120 8
120 115
120 108
120 67
120 36
121 51
121 7
121 55
121 23
121 108
121 56
121 61
121 9
121 6
121 70
121 111
121 74
121 130
121 115
121 99
121 84
121 102
121 57
121 27
121 24
121 16
121 42
121 91
121 50
121 103
121 12
121 132
121 67
121 2
121 88
121 41
121 93
121 113
121 122
121 54
121 20
121 134
121 60
121 124
121 87
121 72
121 5
121 33
121 36
121 62
121 76
122 133
122 49
122 8
122 90
122 81
122 38
122 21
122 107
122 28
122 23
122 74
122 106
122 72
122 84
122 33
122 50
122 17
122 77
122 85
122 104
122 100
122 64
122 60
122 103
122 91
122 109
122 110
122 46
122 24
122 4
122 124
122 132
122 13
122 126
122 89
122 94
122 44
122 29
122 117
122 2
122 75
123 23
123 104
123 30
123 125
123 7
123 93
123 65
123 56
123 117
123 133
123 88
123 74
123 119
123 4
123 25
123 40
123 6
123 82
123 103
123 112
123 26
123 101
123 9
123 27
123 89
123 15
123 57
123 35
123 137
123 48
123 41
123 47
123 120
123 106
123 29
123 1
123 63
123 131
123 124
123 34
123 22
123 71
123 60
123 21
124 15
124 104
124 109
124 107
124 61
124 103
124 129
124 91
124 127
124 77
124 78
124 88
124 115
124 112
124 46
124 94
124 50
124 87
124 51
124 38
124 97
124 53
124 92
124 90
124 63
124 65
124 99
124 1
124 35
124 100
124 6
124 32
124 96
124 37
124 55
124 24
124 9
124 80
124 113
124 39
124 26
124 60
124 119
124 64
124 29
124 117
125 78
125 33
125 132
125 86
125 21
125 26
125 37
125 75
125 105
125 118
125 22
125 92
125 80
125 68
125 55
125 32
125 29
125 81
125 50
125 53
125 35
125 61
125 113
125 30
125 60
125 13
125 72
125 57
125 83
125 18
125 59
125 89
125 27
125 28
125 127
125 100
125 130
125 128
125 45
125 15
126 113
126 91
126 20
126 119
126 81
126 32
126 95
126 16
126 22
126 70
126 115
126 136
126 62
126 58
126 6
126 74
126 14
126 83
126 127
126 76
126 54
126 53
126 82
126 63
126 130
126 25
126 8
126 79
126 111
126 121
126 93
126 98
126 77
126 120
126 24
126 105
126 1
126 37
126 61
126 46
126 73
127 123
127 43
127 86
127 140
127 128
127 13
127 84
127 63
127 47
127 72
127 16
127 26
127 50
127 46
127 96
127 122
127 92
127 82
127 57
127 41
127 32
127 139
127 68
127 56
127 49
127 108
127 11
127 135
127 89
127 118
127 5
127 101
127 52
127 100
127 33
127 77
127 120
127 115
127 104
127 29
127 90
127 28
127 59
128 126
128 15
128 55
128 124
128 136
128 39
128 94
128 21
128 17
128 33
128 46
128 72
128 86
128 132
128 113
128 91
128 104
128 135
128 8
128 24
128 4
128 68
128 41
128 103
128 74
128 77
128 31
128 102
128 138
128 108
128 19
128 14
128 16
128 101
128 98
128 23
128 28
128 118
128 54
128 131
128 78
128 20
129 112
129 111
129 69
129 27
129 91
129 31
129 22
129 43
129 79
129 133
129 85
129 126
129 7
129 60
129 48
129 89
129 107
129 2
129 97
129 32
129 88
129 64
129 12
129 46
129 140
129 117
129 84
129 11
129 116
129 105
129 4
129 38
129 113
129 63
129 66
129 127
129 34
129 95
129 128
129 53
129 9
129 77
129 78
130 71
130 92
130 40
130 11
130 91
130 95
130 37
130 80
130 113
130 93
130 83
130 72
130 103
130 27
130 59
130 104
130 100
130 26
130 115
130 132
130 102
130 137
130 123
130 139
130 7
130 117
130 14
130 17
130 57
130 101
130 122
130 75
130 85
130 116
130 106
130 138
130 4
130 133
130 66
130 87
130 31
131 53
131 75
131 63
131 23
131 70
131 111
131 81
131 72
131 12
131 137
131 84
131 87
131 39
131 127
131 116
131 22
131 64
131 26
131 136
131 24
131 139
131 118
131 8
131 71
131 7
131 121
131 2
131 122
131 14
131 80
131 115
131 117
131 101
131 44
131 104
131 90
131 57
131 21
131 79
131 50
132 42
132 99
132 68
132 106
132 66
132 110
132 87
132 114
132 90
132 25
132 116
132 2
132 118
132 140
132 26
132 105
132 51
132 65
132 31
132 23
132 80
132 58
132 18
132 44
132 20
132 45
132 101
132 50
132 40
132 124
132 63
132 98
132 12
132 119
132 70
132 95
132 138
132 24
132 126
132 71
133 88
133 31
133 115
133 82
133 5
133 68
133 126
133 135
133 55
133 81
133 29
133 96
133 46
133 36
133 58
133 107
133 41
133 72
133 80
133 121
133 74
133 83
133 117
133 87
133 77
133 38
133 100
133 140
133 106
133 45
133 128
133 17
133 25
133 124
133 105
133 22
133 132
133 13
133 7
133 79
133 27
133 30
134 30
134 50
134 109
134 84
134 110
134 106
134 107
134 11
134 69
134 40
134 138
134 132
134 127
134 23
134 24
134 52
134 119
134 6
134 98
134 74
134 70
134 27
134 26
134 120
134 88
134 62
134 136
134 8
134 45
134 76
134 108
134 17
134 7
134 124
134 31
134 68
134 81
134 137
134 100
134 36
134 20
135 81
135 4
135 57
135 93
135 85
135 122
135 64
135 96
135 67
135 97
135 105
135 1
135 107
135 103
135 72
135 10
135 45
135 42
135 58
135 126
135 79
135 66
135 92
135 23
135 87
135 136
135 99
135 29
135 15
135 82
135 34
135 39
135 139
135 110
135 6
135 41
135 70
135 124
135 5
135 120
136 59
136 137
136 36
136 109
136 48
136 93
136 35
136 61
136 30
136 41
136 99
136 81
136 49
136 68
136 26
136 80
136 66
136 13
136 32
136 44
136 85
136 114
136 125
136 95
136 96
136 110
136 20
136 84
136 94
136 101
136 112
136 121
136 63
136 77
136 64
136 12
136 56
136 47
136 89
137 127
137 99
137 4
137 51
137 6
137 103
137 86
137 107
137 110
137 11
137 68
137 19
137 49
137 75
137 40
137 24
137 106
137 5
137 45
137 111
137 1
137 25
137 65
137 87
137 31
137 44
137 57
137 104
137 35
137 32
137 38
137 50
137 92
137 34
137 22
137 67
137 53
137 78
137 39
137 139
137 133
138 39
138 77
138 24
138 91
138 136
138 38
138 19
138 127
138 98
138 104
138 4
138 13
138 33
138 97
138 75
138 117
138 49
138 34
138 102
138 79
138 7
138 58
138 116
138 109
138 54
138 129
138 60
138 89
138 126
138 114
138 93
138 1
138 123
138 48
138 46
138 69
138 121
138 82
138 17
138 8
138 51
138 15
138 100
138 112
138 6
138 31
138 40
138 84
139 57
139 50
139 108
139 87
139 124
139 138
139 101
139 51
139 3
139 133
139 96
139 45
139 29
139 20
139 44
139 95
139 122
139 18
139 56
139 30
139 136
139 120
139 7
139 43
139 62
139 33
139 66
139 99
139 112
139 53
139 67
139 40
139 60
139 73
139 34
139 35
139 115
139 41
139 134
139 82
139 121
140 18
140 21
140 16
140 107
140 22
140 34
140 82
140 38
140 84
140 90
140 25
140 49
140 139
140 94
140 118
140 48
140 135
140 102
140 81
140 136
140 47
140 37
140 121
140 32
140 56
140 51
140 80
140 83
140 134
140 86
140 120
140 93
140 138
140 26
140 59
140 113
140 119
140 67
