100 2971
1 22
1 64
1 28
1 63
1 81
1 37
1 97
1 9
1 67
1 99
1 31
1 50
1 100
1 29
1 79
1 49
1 23
1 76
1 77
1 54
1 34
1 70
1 91
1 17
1 4
1 73
1 55
1 41
1 56
1 15
1 48
1 86
1 11
1 10
1 5
2 97
2 37
2 28
2 53
2 18
2 22
2 74
2 73
2 34
2 59
2 86
2 91
2 30
2 13
2 39
2 84
2 33
2 29
2 83
2 43
2 92
2 98
2 65
2 40
2 3
2 8
2 7
3 36
3 53
3 20
3 63
3 24
3 61
3 92
3 83
3 80
3 46
3 95
3 54
3 94
3 9
3 57
3 77
3 93
3 19
3 40
3 55
3 81
3 37
3 65
3 28
3 6
3 71
3 72
3 88
3 58
3 12
3 5
3 25
3 50
4 2
4 69
4 50
4 33
4 95
4 84
4 74
4 83
4 36
4 100
4 6
4 14
4 80
4 68
4 32
4 22
4 70
4 97
4 85
4 24
4 92
4 61
4 82
4 34
4 46
4 57
4 78
4 89
4 60
4 47
5 35
5 96
5 76
5 36
5 22
5 11
5 31
5 57
5 72
5 34
5 100
5 4
5 48
5 23
5 10
5 16
5 64
5 20
5 97
5 30
5 46
5 93
5 60
5 63
5 7
5 25
5 2
5 68
5 24
6 42
6 2
6 83
6 65
6 81
6 86
6 58
6 97
6 7
6 64
6 77
6 96
6 1
6 93
6 51
6 75
6 90
6 30
6 80
6 92
6 9
6 23
6 99
6 50
6 18
6 91
6 61
6 13
6 57
6 39
6 68
7 28
7 60
7 14
7 59
7 44
7 88
7 31
7 16
7 30
7 51
7 87
7 79
7 38
7 3
7 83
7 24
7 37
7 22
7 82
7 9
7 56
7 17
7 50
7 71
7 74
7 13
7 66
7 76
8 81
8 3
8 76
8 24
8 84
8 6
8 67
8 63
8 98
8 58
8 86
8 79
8 95
8 33
8 5
8 82
8 96
8 68
8 18
8 50
8 59
8 10
8 56
8 16
8 93
8 89
8 54
8 75
8 15
8 57
8 60
8 22
9 89
9 26
9 99
9 50
9 94
9 44
9 52
9 61
9 20
9 21
9 83
9 86
9 4
9 73
9 82
9 18
9 88
9 57
9 41
9 24
9 53
9 34
9 8
9 45
9 5
9 98
9 81
9 47
9 80
9 76
10 20
10 25
10 84
10 72
10 79
10 60
10 19
10 96
10 39
10 28
10 66
10 12
10 34
10 45
10 58
10 52
10 89
10 41
10 92
10 26
10 44
10 23
10 11
10 100
10 88
10 82
10 38
10 49
11 62
11 57
11 53
11 76
11 50
11 90
11 97
11 88
11 40
11 17
11 49
11 45
11 42
11 72
11 23
11 64
11 20
11 2
11 13
11 41
11 96
11 91
11 22
11 93
11 9
11 48
11 15
11 71
11 66
11 47
11 18
11 77
12 99
12 95
12 19
12 11
12 58
12 26
12 85
12 56
12 77
12 7
12 38
12 65
12 62
12 28
12 91
12 66
12 8
12 59
12 64
12 40
12 47
12 13
12 1
12 18
12 96
12 87
12 74
12 100
13 51
13 32
13 44
13 45
13 20
13 14
13 29
13 70
13 37
13 43
13 8
13 3
13 89
13 50
13 10
13 91
13 72
13 81
13 77
13 39
13 34
13 76
13 46
13 73
13 60
13 80
13 15
13 68
13 38
14 85
14 67
14 24
14 77
14 44
14 11
14 84
14 92
14 26
14 90
14 5
14 42
14 76
14 74
14 61
14 20
14 2
14 66
14 68
14 95
14 43
14 73
14 88
14 35
14 72
14 89
14 98
14 30
14 39
14 1
14 41
14 52
14 91
15 64
15 25
15 19
15 94
15 71
15 35
15 44
15 85
15 61
15 45
15 95
15 41
15 67
15 18
15 42
15 88
15 70
15 93
15 83
15 3
15 14
15 10
15 74
15 7
15 51
15 46
16 43
16 9
16 12
16 91
16 94
16 98
16 44
16 99
16 75
16 97
16 46
16 100
16 48
16 82
16 23
16 2
16 78
16 77
16 31
16 15
16 63
16 34
16 53
16 37
16 52
16 4
16 18
16 55
16 56
17 76
17 13
17 16
17 68
17 51
17 5
17 10
17 56
17 47
17 43
17 63
17 9
17 93
17 55
17 81
17 27
17 92
17 14
17 15
17 82
17 38
17 48
17 95
17 52
17 25
17 37
17 50
18 5
18 72
18 14
18 57
18 36
18 1
18 17
18 10
18 87
18 79
18 41
18 100
18 52
18 90
18 25
18 68
18 38
18 48
18 55
18 37
18 96
18 76
18 78
18 29
18 81
18 60
18 27
19 74
19 27
19 26
19 69
19 16
19 57
19 17
19 71
19 37
19 29
19 2
19 32
19 59
19 60
19 51
19 98
19 58
19 99
19 45
19 100
19 6
19 22
19 66
19 5
19 97
19 25
19 48
19 77
19 92
19 35
19 4
19 49
19 91
20 29
20 8
20 30
20 37
20 66
20 98
20 17
20 19
20 65
20 69
20 84
20 4
20 57
20 48
20 15
20 16
20 32
20 55
20 79
20 89
20 50
20 60
20 22
20 88
20 39
20 45
20 44
20 68
20 52
20 99
21 6
21 66
21 89
21 56
21 53
21 7
21 33
21 90
21 18
21 30
21 46
21 17
21 35
21 1
21 60
21 19
21 72
21 45
21 50
21 3
21 11
21 23
21 10
21 15
21 16
21 69
22 69
22 35
22 80
22 63
22 48
22 16
22 58
22 91
22 24
22 6
22 23
22 36
22 54
22 56
22 47
22 77
22 37
22 97
22 21
22 12
22 42
22 15
22 67
22 14
22 33
22 85
22 53
22 26
22 95
22 45
22 74
22 59
22 44
23 7
23 4
23 31
23 19
23 44
23 14
23 39
23 73
23 63
23 64
23 29
23 70
23 52
23 24
23 100
23 12
23 20
23 59
23 36
23 77
23 72
23 97
23 28
23 55
23 40
23 68
23 34
23 26
23 37
23 87
23 58
24 12
24 62
24 18
24 80
24 76
24 70
24 1
24 56
24 46
24 29
24 78
24 48
24 94
24 66
24 26
24 27
24 25
24 83
24 97
24 54
24 6
24 72
24 59
24 13
24 57
24 85
24 36
24 84
24 38
25 56
25 41
25 2
25 62
25 97
25 48
25 20
25 7
25 23
25 46
25 42
25 21
25 85
25 84
25 77
25 47
25 82
25 76
25 95
25 88
25 9
25 75
25 26
25 40
25 87
25 80
25 44
25 38
26 3
26 11
26 37
26 18
26 15
26 31
26 20
26 60
26 92
26 16
26 63
26 41
26 7
26 42
26 93
26 49
26 61
26 91
26 76
26 70
26 39
26 82
26 8
26 58
26 89
26 21
26 1
26 86
26 46
26 79
26 54
26 100
26 48
27 39
27 11
27 38
27 34
27 16
27 41
27 57
27 26
27 6
27 23
27 95
27 78
27 53
27 49
27 66
27 86
27 15
27 8
27 28
27 32
27 45
27 22
27 1
27 9
27 84
27 64
27 48
27 56
28 33
28 93
28 6
28 45
28 46
28 18
28 69
28 78
28 4
28 42
28 65
28 72
28 19
28 15
28 60
28 26
28 53
28 29
28 32
28 35
28 81
28 41
28 100
28 91
28 87
28 14
28 24
28 66
28 43
28 98
28 9
28 20
28 13
29 27
29 78
29 100
29 25
29 10
29 30
29 21
29 22
29 49
29 64
29 5
29 58
29 43
29 14
29 6
29 68
29 77
29 3
29 26
29 11
29 97
29 60
29 42
29 88
29 83
29 76
29 40
29 79
29 12
29 65
30 94
30 96
30 37
30 10
30 93
30 66
30 48
30 13
30 4
30 32
30 24
30 57
30 39
30 64
30 73
30 50
30 1
30 89
30 72
30 58
30 51
30 60
30 56
30 3
30 23
30 98
30 62
30 9
30 83
30 28
30 25
30 61
30 8
30 18
30 82
30 38
30 19
30 22
31 24
31 8
31 100
31 56
31 44
31 6
31 55
31 92
31 64
31 12
31 43
31 2
31 15
31 74
31 75
31 29
31 58
31 70
31 67
31 45
31 60
31 9
31 61
31 63
31 65
31 87
31 97
31 62
31 20
31 93
31 48
31 17
32 41
32 33
32 95
32 96
32 81
32 88
32 14
32 42
32 85
32 64
32 1
32 34
32 78
32 9
32 91
32 25
32 68
32 23
32 97
32 98
32 50
32 60
32 40
32 53
32 31
32 17
32 65
32 16
32 24
32 37
32 10
32 36
32 12
33 45
33 13
33 81
33 93
33 50
33 57
33 65
33 43
33 29
33 92
33 99
33 60
33 85
33 91
33 52
33 68
33 61
33 55
33 18
33 49
33 36
33 31
34 48
34 50
34 75
34 87
34 95
34 19
34 17
34 46
34 51
34 63
34 57
34 6
34 43
34 3
34 52
34 78
34 31
34 28
34 41
34 56
34 11
34 86
34 96
34 74
34 62
34 24
34 30
34 45
34 44
34 40
34 42
34 68
35 58
35 2
35 74
35 53
35 38
35 55
35 76
35 88
35 41
35 12
35 83
35 39
35 90
35 1
35 56
35 67
35 25
35 54
35 42
35 23
35 47
35 20
35 34
35 78
35 7
35 30
35 29
35 68
36 19
36 26
36 37
36 59
36 20
36 41
36 82
36 76
36 42
36 35
36 85
36 55
36 30
36 95
36 1
36 56
36 10
36 16
36 49
36 34
36 89
36 40
36 67
36 86
37 10
37 94
37 71
37 70
37 9
37 95
37 5
37 83
37 55
37 85
37 74
37 87
37 88
37 58
37 84
37 4
37 50
37 77
37 78
37 31
37 35
37 97
37 33
37 86
37 79
37 34
37 21
37 46
37 47
37 66
38 70
38 4
38 88
38 19
38 48
38 26
38 33
38 63
38 98
38 57
38 75
38 84
38 61
38 64
38 58
38 51
38 37
38 87
38 36
38 9
38 44
38 1
38 72
38 67
38 34
38 93
38 28
38 100
38 5
39 96
39 84
39 22
39 68
39 82
39 98
39 18
39 43
39 7
39 1
39 19
39 77
39 74
39 29
39 70
39 48
39 12
39 31
39 28
39 3
39 66
39 8
39 81
39 58
39 67
39 57
39 72
39 46
39 41
40 26
40 81
40 77
40 5
40 20
40 37
40 53
40 84
40 38
40 44
40 80
40 30
40 18
40 47
40 10
40 52
40 82
40 8
40 6
40 58
40 57
40 93
40 33
40 94
40 17
40 45
40 87
40 4
40 19
41 68
41 72
41 44
41 60
41 63
41 91
41 71
41 87
41 86
41 54
41 19
41 31
41 73
41 58
41 13
41 6
41 100
41 24
41 52
41 65
41 3
41 16
41 29
41 90
41 99
41 7
41 17
41 93
41 78
42 38
42 70
42 98
42 3
42 96
42 67
42 47
42 69
42 57
42 4
42 19
42 27
42 91
42 10
42 65
42 56
42 64
42 94
42 77
42 30
42 16
42 8
42 66
42 20
42 43
42 95
42 50
42 72
42 60
42 71
43 52
43 15
43 85
43 40
43 91
43 21
43 98
43 35
43 66
43 49
43 24
43 65
43 69
43 20
43 41
43 59
43 1
43 92
43 23
43 6
43 64
43 61
43 62
43 11
43 8
43 3
43 71
43 90
43 60
43 22
43 27
43 75
44 90
44 59
44 26
44 96
44 81
44 93
44 43
44 17
44 55
44 77
44 95
44 21
44 72
44 83
44 67
44 74
44 1
44 33
44 86
44 89
44 85
44 73
44 98
44 58
44 28
44 3
44 35
44 8
44 39
45 80
45 96
45 65
45 68
45 75
45 66
45 74
45 97
45 82
45 57
45 30
45 59
45 3
45 54
45 98
45 61
45 71
45 7
45 46
45 42
45 88
45 64
45 39
45 1
45 43
46 77
46 100
46 75
46 95
46 49
46 63
46 7
46 43
46 85
46 73
46 90
46 97
46 51
46 8
46 41
46 88
46 31
46 70
46 87
46 22
46 20
46 12
46 6
46 42
46 11
46 17
46 52
46 72
46 44
46 65
47 78
47 71
47 30
47 82
47 91
47 48
47 14
47 20
47 81
47 67
47 77
47 65
47 38
47 24
47 64
47 54
47 59
47 15
47 83
47 19
47 3
47 74
47 8
47 1
47 32
47 23
47 21
47 56
48 93
48 72
48 29
48 35
48 98
48 85
48 70
48 80
48 52
48 87
48 74
48 6
48 57
48 53
48 9
48 65
48 42
48 23
48 59
48 3
48 95
48 8
48 69
48 92
48 32
48 63
48 21
48 33
48 12
48 13
48 56
48 43
49 91
49 37
49 45
49 76
49 34
49 51
49 80
49 99
49 13
49 48
49 84
49 21
49 54
49 64
49 59
49 38
49 18
49 61
49 4
49 96
49 65
49 30
49 40
49 32
50 49
50 14
50 55
50 23
50 16
50 59
50 47
50 19
50 92
50 75
50 38
50 87
50 81
50 78
50 98
50 45
50 2
50 64
50 85
50 24
50 12
50 54
50 71
50 26
50 74
50 72
50 79
50 99
50 5
50 41
50 83
50 43
50 44
50 90
51 18
51 84
51 35
51 33
51 11
51 5
51 56
51 89
51 29
51 67
51 50
51 80
51 8
51 39
51 9
51 99
51 55
51 3
51 75
51 65
51 43
51 40
51 73
51 27
51 85
51 88
51 28
51 92
51 87
51 21
52 92
52 39
52 95
52 98
52 44
52 82
52 42
52 1
52 68
52 76
52 22
52 53
52 64
52 67
52 70
52 36
52 83
52 3
52 8
52 13
52 11
52 28
52 45
52 32
52 75
52 31
52 97
52 12
52 4
52 89
52 86
53 67
53 64
53 25
53 42
53 26
53 47
53 73
53 51
53 34
53 29
53 37
53 43
53 63
53 5
53 65
53 23
53 92
53 85
53 13
53 81
53 75
53 30
53 8
53 49
53 77
53 7
53 14
53 6
54 53
54 2
54 33
54 52
54 43
54 82
54 9
54 13
54 27
54 96
54 62
54 32
54 65
54 31
54 7
54 94
54 90
54 60
54 100
54 30
54 74
54 23
54 6
54 38
54 66
54 61
54 72
55 32
55 7
55 34
55 9
55 69
55 15
55 41
55 19
55 4
55 5
55 100
55 78
55 22
55 26
55 80
55 38
55 59
55 11
55 92
55 97
55 74
55 94
55 85
55 75
55 30
55 14
55 49
55 54
55 56
55 27
55 88
55 21
56 79
56 57
56 29
56 23
56 85
56 82
56 61
56 86
56 18
56 53
56 62
56 73
56 89
56 37
56 72
56 6
56 70
56 43
56 33
56 95
56 69
56 75
56 39
56 67
56 26
56 96
56 4
56 93
57 60
57 90
57 99
57 21
57 77
57 28
57 50
57 100
57 35
57 51
57 69
57 14
57 59
57 83
57 97
57 49
57 79
57 43
57 15
57 26
57 75
57 10
57 7
57 58
57 71
57 87
57 12
57 32
57 82
57 47
57 86
57 16
57 22
58 54
58 93
58 84
58 5
58 36
58 69
58 45
58 48
58 70
58 96
58 87
58 28
58 42
58 61
58 90
58 62
58 67
58 46
58 14
58 1
58 51
58 81
58 32
58 2
58 15
58 11
58 9
58 56
58 60
58 50
58 47
59 17
59 13
59 5
59 11
59 61
59 25
59 76
59 100
59 84
59 70
59 14
59 92
59 29
59 10
59 4
59 99
59 51
59 75
59 94
59 39
59 62
59 35
59 27
59 31
59 93
59 69
59 77
59 26
59 28
59 82
59 30
60 44
60 87
60 40
60 55
60 22
60 36
60 76
60 16
60 14
60 88
60 62
60 17
60 96
60 95
60 73
60 75
60 97
60 77
60 74
60 72
60 35
60 27
60 89
60 85
60 65
60 46
60 6
60 59
60 50
60 2
60 92
60 11
60 71
60 37
61 37
61 36
61 50
61 42
61 32
61 51
61 79
61 84
61 96
61 57
61 16
61 27
61 47
61 10
61 94
61 2
61 34
61 87
61 53
61 22
61 52
61 69
61 46
61 64
61 99
61 63
61 19
62 13
62 92
62 10
62 65
62 15
62 8
62 84
62 35
62 98
62 46
62 38
62 86
62 66
62 47
62 19
62 49
62 1
62 48
62 16
62 42
62 81
62 32
62 18
62 37
62 55
62 76
62 52
62 87
63 21
63 39
63 66
63 74
63 40
63 27
63 78
63 14
63 12
63 80
63 76
63 25
63 60
63 32
63 51
63 70
63 81
63 88
63 64
63 37
63 62
63 50
63 19
63 9
63 86
63 4
63 91
64 9
64 3
64 83
64 8
64 44
64 91
64 96
64 94
64 79
64 33
64 21
64 98
64 87
64 67
64 48
64 55
64 69
64 40
64 22
64 37
64 100
64 92
64 14
64 73
64 90
64 39
64 20
64 78
64 19
64 68
64 82
64 34
64 25
64 46
64 18
65 4
65 99
65 70
65 39
65 40
65 36
65 90
65 95
65 8
65 17
65 11
65 56
65 10
65 16
65 89
65 22
65 38
65 1
65 55
65 86
65 30
65 9
65 59
65 73
65 91
65 87
65 79
65 19
65 71
65 24
65 35
65 15
65 67
66 84
66 70
66 34
66 3
66 99
66 74
66 26
66 100
66 50
66 77
66 5
66 59
66 96
66 44
66 78
66 51
66 94
66 22
66 6
66 29
66 40
66 13
66 83
66 97
66 46
66 4
66 23
66 69
66 60
67 34
67 50
67 87
67 98
67 32
67 62
67 91
67 7
67 74
67 78
67 93
67 18
67 75
67 28
67 57
67 46
67 11
67 37
67 63
67 83
67 54
67 24
67 13
67 90
67 68
67 88
68 66
68 49
68 87
68 24
68 48
68 19
68 74
68 90
68 76
68 93
68 59
68 27
68 31
68 15
68 54
68 63
68 40
68 11
68 69
68 10
68 61
68 79
68 56
68 71
68 84
68 1
68 81
68 44
68 53
69 40
69 38
69 32
69 84
69 23
69 79
69 35
69 45
69 50
69 27
69 25
69 52
69 86
69 98
69 46
69 16
69 87
69 11
69 81
69 26
69 17
69 39
69 78
69 33
69 30
69 99
69 67
69 24
69 7
69 41
69 47
70 14
70 21
70 53
70 30
70 45
70 68
70 47
70 97
70 35
70 22
70 19
70 29
70 60
70 18
70 9
70 28
70 79
70 87
70 95
70 16
70 20
70 62
70 27
70 25
70 5
70 34
70 54
70 98
70 43
71 86
71 99
71 85
71 96
71 20
71 22
71 95
71 40
71 31
71 17
71 9
71 32
71 27
71 21
71 29
71 70
71 28
71 36
71 58
71 94
71 2
71 12
71 13
71 34
71 84
71 4
72 1
72 25
72 2
72 22
72 57
72 74
72 80
72 51
72 79
72 66
72 12
72 40
72 8
72 36
72 35
72 55
72 53
72 31
72 32
72 88
72 58
72 4
72 63
72 90
72 43
72 85
72 45
72 64
72 6
72 20
72 84
73 50
73 12
73 52
73 99
73 54
73 25
73 40
73 3
73 89
73 42
73 36
73 21
73 28
73 70
73 81
73 61
73 62
73 79
73 8
73 63
73 55
73 100
73 87
73 26
73 72
73 88
73 48
74 83
74 84
74 90
74 10
74 1
74 98
74 69
74 94
74 42
74 40
74 30
74 32
74 78
74 91
74 64
74 80
74 82
74 25
74 59
74 3
74 29
74 81
74 53
74 6
74 26
74 23
74 76
74 9
74 8
74 41
74 79
74 57
75 65
75 28
75 66
75 29
75 13
75 69
75 26
75 88
75 21
75 12
75 91
75 44
75 71
75 85
75 33
75 30
75 84
75 41
75 17
75 32
75 74
75 48
75 7
75 83
75 14
75 39
75 87
76 100
76 31
76 58
76 27
76 91
76 3
76 69
76 10
76 88
76 57
76 65
76 82
76 23
76 16
76 43
76 94
76 83
76 33
76 55
76 44
76 6
76 70
76 73
76 41
76 92
76 30
76 54
76 90
76 28
76 2
77 75
77 72
77 7
77 63
77 9
77 92
77 49
77 43
77 17
77 94
77 82
77 35
77 74
77 48
77 2
77 34
77 28
77 5
77 65
77 38
77 21
77 52
77 86
77 61
77 81
77 97
77 32
77 64
77 78
77 95
78 8
78 56
78 94
78 72
78 38
78 30
78 48
78 82
78 51
78 52
78 61
78 25
78 20
78 36
78 62
78 3
78 1
78 2
78 99
78 14
78 59
78 31
78 93
78 89
78 6
78 19
78 11
78 39
79 31
79 83
79 52
79 28
79 97
79 14
79 32
79 30
79 60
79 82
79 6
79 11
79 39
79 46
79 63
79 38
79 5
79 51
79 78
79 93
79 16
79 25
79 49
79 98
79 84
79 96
79 12
80 46
80 60
80 8
80 78
80 5
80 96
80 53
80 11
80 73
80 36
80 84
80 98
80 90
80 31
80 81
80 71
80 19
80 29
80 76
80 77
80 14
80 58
80 67
80 64
80 62
81 15
81 60
81 31
81 23
81 4
81 24
81 61
81 96
81 66
81 22
81 55
81 42
81 41
81 85
81 88
81 48
81 11
81 71
81 99
81 93
81 52
81 92
81 26
81 91
81 30
81 34
81 78
81 27
81 79
81 64
81 45
81 16
81 20
82 98
82 53
82 65
82 86
82 24
82 58
82 14
82 48
82 11
82 18
82 55
82 88
82 61
82 35
82 22
82 44
82 3
82 69
82 32
82 51
82 42
82 94
82 89
82 60
82 6
82 49
82 81
82 66
82 1
83 11
83 1
83 46
83 38
83 92
83 20
83 16
83 31
83 70
83 42
83 5
83 73
83 68
83 54
83 40
83 93
83 55
83 34
83 78
83 41
83 95
83 17
83 14
83 71
83 51
83 28
83 25
83 69
83 89
84 63
84 52
84 30
84 96
84 35
84 64
84 55
84 13
84 9
84 12
84 28
84 73
84 87
84 47
84 32
84 15
84 3
84 26
84 60
84 56
84 7
84 18
84 16
84 98
84 41
84 42
84 31
84 99
84 81
84 65
84 92
84 34
84 54
85 88
85 47
85 21
85 30
85 93
85 64
85 1
85 35
85 62
85 84
85 80
85 3
85 78
85 13
85 59
85 28
85 63
85 2
85 86
85 20
85 100
85 57
85 49
85 27
85 10
85 5
85 38
85 69
86 30
86 42
86 15
86 99
86 12
86 58
86 4
86 14
86 18
86 3
86 51
86 72
86 73
86 54
86 55
86 17
86 80
86 38
86 11
86 46
86 100
86 81
86 74
86 67
86 45
86 39
86 20
86 32
87 16
87 94
87 39
87 27
87 42
87 53
87 88
87 59
87 26
87 24
87 21
87 100
87 52
87 96
87 8
87 17
87 89
87 4
87 79
87 77
87 78
87 30
87 86
87 85
87 76
87 83
87 32
87 5
87 71
87 2
87 66
87 80
87 43
88 61
88 83
88 92
88 57
88 49
88 50
88 99
88 30
88 26
88 13
88 6
88 79
88 100
88 69
88 93
88 68
88 47
88 31
88 80
88 21
88 90
88 58
88 64
88 19
88 39
88 44
88 28
88 62
88 95
88 40
88 4
88 65
89 55
89 57
89 34
89 80
89 28
89 22
89 2
89 69
89 85
89 32
89 40
89 70
89 100
89 92
89 17
89 64
89 59
89 54
89 7
89 94
89 81
89 71
89 50
89 62
89 88
89 77
90 95
90 56
90 2
90 12
90 63
90 98
90 75
90 52
90 26
90 36
90 51
90 94
90 40
90 31
90 13
90 19
90 29
90 89
90 55
90 73
90 1
90 70
90 62
90 39
90 3
91 59
91 50
91 5
91 27
91 71
91 35
91 85
91 95
91 25
91 100
91 94
91 57
91 24
91 87
91 31
91 23
91 98
91 89
91 90
91 44
91 58
91 4
91 68
91 77
91 51
91 60
91 54
91 92
91 61
91 53
92 73
92 24
92 79
92 61
92 23
92 11
92 38
92 96
92 95
92 12
92 54
92 98
92 27
92 34
92 72
92 5
92 66
92 94
92 69
92 44
92 99
92 97
92 75
92 93
92 1
92 13
92 65
92 58
92 71
92 63
93 23
93 1
93 47
93 76
93 52
93 97
93 43
93 4
93 90
93 14
93 35
93 91
93 34
93 87
93 7
93 29
93 46
93 53
93 12
93 22
93 86
93 19
93 51
93 64
93 50
93 9
93 66
93 94
93 10
93 69
93 27
94 25
94 2
94 60
94 97
94 86
94 28
94 22
94 68
94 57
94 84
94 23
94 43
94 52
94 67
94 6
94 46
94 36
94 81
94 51
94 73
94 48
94 65
94 19
94 10
94 50
94 17
94 31
94 8
94 29
94 7
95 72
95 73
95 79
95 49
95 69
95 53
95 55
95 24
95 64
95 31
95 41
95 33
95 43
95 20
95 29
95 68
95 94
95 19
95 86
95 100
95 39
95 62
95 47
95 84
95 30
95 1
95 96
95 7
95 10
95 89
96 82
96 28
96 20
96 51
96 99
96 59
96 14
96 15
96 3
96 74
96 48
96 55
96 31
96 17
96 47
96 69
96 9
96 24
96 37
96 27
96 70
96 91
96 1
96 73
96 43
96 33
96 36
96 62
96 22
96 52
96 68
96 16
97 87
97 98
97 15
97 14
97 10
97 33
97 13
97 18
97 76
97 58
97 38
97 88
97 62
97 83
97 43
97 64
97 30
97 80
97 8
97 75
97 50
97 91
97 81
97 47
97 59
97 67
97 84
97 26
97 54
97 99
98 57
98 94
98 73
98 86
98 66
98 36
98 68
98 83
98 23
98 65
98 40
98 76
98 47
98 96
98 4
98 59
98 6
98 12
98 1
98 13
98 41
98 93
98 75
98 89
98 5
98 72
98 21
98 22
98 58
98 25
98 71
98 29
98 88
98 34
99 47
99 37
99 11
99 62
99 30
99 55
99 32
99 53
99 82
99 60
99 75
99 77
99 35
99 76
99 23
99 80
99 46
99 74
99 79
99 2
99 3
99 42
99 56
99 14
99 27
99 52
99 54
99 72
100 71
100 83
100 81
100 75
100 45
100 94
100 2
100 80
100 96
100 93
100 74
100 69
100 82
100 7
100 30
100 11
100 67
100 8
100 62
100 49
100 84
100 98
100 51
100 65
100 27
100 70
100 37
100 97
100 21
100 25
100 32
