120 4284
1 99
1 23
1 77
1 90
1 14
1 103
1 17
1 100
1 76
1 5
1 41
1 73
1 117
1 42
1 67
1 20
1 39
1 110
1 21
1 89
1 30
1 97
1 118
1 25
1 35
1 62
1 19
1 54
1 112
1 15
1 105
1 86
2 74
2 119
2 24
2 11
2 104
2 47
2 82
2 81
2 120
2 6
2 45
2 118
2 83
2 5
2 35
2 38
2 50
2 99
2 54
2 79
2 87
2 20
2 33
2 111
2 103
2 3
2 8
2 25
2 18
2 97
2 41
2 14
2 86
3 78
3 103
3 111
3 115
3 110
3 41
3 85
3 113
3 99
3 43
3 60
3 89
3 74
3 10
3 34
3 68
3 48
3 97
3 26
3 32
3 21
3 79
3 18
3 73
3 77
3 11
3 23
3 70
3 114
3 83
3 57
3 27
3 28
3 67
3 86
4 72
4 86
4 85
4 80
4 107
4 11
4 43
4 114
4 79
4 59
4 74
4 91
4 47
4 109
4 10
4 5
4 83
4 27
4 57
4 115
4 73
4 48
4 17
4 19
4 39
4 13
4 89
4 7
4 30
4 52
5 48
5 60
5 28
5 110
5 89
5 29
5 82
5 102
5 26
5 3
5 53
5 114
5 104
5 21
5 119
5 7
5 100
5 75
5 105
5 18
5 71
5 76
5 42
5 84
5 9
5 37
5 41
5 66
5 33
5 15
5 77
5 23
5 50
5 13
5 19
5 46
5 52
5 17
5 55
6 66
6 1
6 18
6 90
6 50
6 101
6 85
6 30
6 33
6 73
6 117
6 118
6 14
6 80
6 4
6 24
6 100
6 38
6 16
6 94
6 57
6 115
6 12
6 105
6 36
6 112
6 120
6 75
6 42
6 62
6 92
6 59
6 88
6 21
6 29
6 81
7 90
7 111
7 33
7 47
7 87
7 80
7 9
7 91
7 31
7 29
7 71
7 77
7 32
7 26
7 45
7 104
7 120
7 49
7 58
7 27
7 24
7 52
7 64
7 53
7 79
7 36
7 37
7 88
7 106
7 89
7 72
7 99
7 48
7 66
7 25
7 16
7 100
7 39
7 43
8 11
8 114
8 109
8 102
8 23
8 73
8 118
8 112
8 54
8 5
8 30
8 44
8 31
8 49
8 107
8 62
8 21
8 3
8 75
8 80
8 13
8 98
8 74
8 77
8 51
8 116
8 9
8 1
8 63
8 53
8 103
8 111
8 40
8 32
8 57
8 42
8 120
8 83
9 120
9 44
9 86
9 51
9 106
9 12
9 11
9 14
9 101
9 115
9 81
9 74
9 3
9 119
9 114
9 26
9 103
9 113
9 80
9 67
9 33
9 82
9 69
9 2
9 59
9 49
9 112
9 29
9 15
9 22
9 64
9 23
9 43
9 41
9 76
9 53
9 55
10 103
10 81
10 89
10 57
10 6
10 15
10 67
10 22
10 28
10 109
10 30
10 58
10 113
10 88
10 41
10 79
10 36
10 5
10 29
10 93
10 99
10 120
10 44
10 59
10 72
10 40
10 37
10 2
10 108
10 75
10 115
10 12
10 27
10 47
10 107
11 77
11 42
11 5
11 91
11 103
11 58
11 108
11 64
11 38
11 48
11 118
11 17
11 30
11 6
11 94
11 87
11 111
11 10
11 23
11 39
11 37
11 13
11 7
11 78
11 70
11 73
11 105
11 45
11 97
11 33
11 74
11 99
12 113
12 69
12 27
12 62
12 101
12 65
12 53
12 25
12 80
12 75
12 83
12 119
12 8
12 36
12 50
12 99
12 112
12 26
12 44
12 14
12 98
12 110
12 51
12 5
12 92
12 96
12 93
12 109
12 22
12 71
12 68
12 84
12 87
12 16
12 1
12 37
13 6
13 83
13 14
13 40
13 96
13 38
13 74
13 95
13 94
13 36
13 42
13 111
13 105
13 48
13 117
13 9
13 69
13 116
13 104
13 92
13 86
13 46
13 3
13 41
13 28
13 110
13 72
13 71
13 12
13 64
13 16
13 108
13 102
13 34
13 17
14 55
14 61
14 120
14 45
14 47
14 107
14 56
14 67
14 62
14 71
14 34
14 114
14 51
14 40
14 70
14 115
14 73
14 42
14 35
14 72
14 110
14 20
14 41
14 94
14 81
14 5
14 8
14 100
14 111
14 98
14 116
14 38
14 53
14 119
14 7
14 52
14 78
15 42
15 102
15 63
15 81
15 25
15 93
15 120
15 110
15 38
15 53
15 75
15 85
15 79
15 37
15 11
15 55
15 98
15 36
15 16
15 20
15 59
15 100
15 54
15 33
15 115
15 3
15 30
15 8
15 45
15 77
15 58
15 31
16 52
16 95
16 3
16 43
16 114
16 55
16 82
16 71
16 112
16 81
16 117
16 83
16 21
16 5
16 77
16 41
16 19
16 10
16 67
16 109
16 48
16 26
16 86
16 20
16 111
16 65
16 24
16 37
16 61
16 8
16 39
16 14
16 33
16 9
16 17
17 116
17 84
17 115
17 60
17 82
17 32
17 90
17 92
17 33
17 110
17 102
17 44
17 71
17 65
17 105
17 15
17 72
17 12
17 88
17 29
17 101
17 22
17 96
17 42
17 77
17 103
17 87
17 78
17 2
17 30
17 52
17 98
17 19
17 86
17 23
17 59
17 99
18 95
18 60
18 48
18 13
18 14
18 115
18 36
18 78
18 25
18 84
18 16
18 9
18 42
18 112
18 109
18 59
18 38
18 43
18 73
18 50
18 117
18 55
18 116
18 68
18 58
18 104
18 72
18 31
18 113
18 17
18 35
18 52
18 11
18 53
18 111
18 82
19 13
19 63
19 71
19 75
19 100
19 31
19 27
19 61
19 106
19 69
19 12
19 94
19 89
19 21
19 6
19 26
19 18
19 85
19 10
19 51
19 116
19 96
19 24
19 83
19 80
19 105
19 8
19 108
19 14
19 70
19 55
19 91
19 54
19 101
19 7
20 81
20 38
20 93
20 17
20 72
20 94
20 37
20 89
20 36
20 74
20 21
20 12
20 9
20 32
20 60
20 119
20 3
20 8
20 99
20 30
20 26
20 68
20 39
20 58
20 10
20 19
20 18
20 13
20 75
20 96
20 63
20 57
20 108
20 70
20 112
20 87
20 84
20 117
21 86
21 30
21 41
21 89
21 59
21 100
21 114
21 45
21 61
21 18
21 56
21 40
21 90
21 87
21 80
21 54
21 52
21 75
21 119
21 65
21 24
21 11
21 115
21 88
21 96
21 120
21 97
21 2
21 112
21 78
21 49
21 34
21 117
21 98
21 68
21 71
21 28
21 32
22 8
22 46
22 97
22 73
22 112
22 106
22 113
22 115
22 54
22 81
22 36
22 55
22 29
22 50
22 26
22 105
22 78
22 30
22 66
22 120
22 92
22 63
22 111
22 58
22 61
22 53
22 47
22 89
22 68
22 41
22 86
22 71
22 48
23 18
23 75
23 33
23 105
23 22
23 41
23 73
23 91
23 108
23 12
23 72
23 90
23 21
23 15
23 30
23 2
23 83
23 94
23 92
23 109
23 63
23 82
23 4
23 52
23 111
23 98
23 16
23 34
23 42
23 100
23 26
23 24
23 51
23 13
24 69
24 100
24 47
24 9
24 63
24 80
24 25
24 22
24 26
24 15
24 41
24 18
24 55
24 45
24 32
24 77
24 75
24 33
24 88
24 8
24 36
24 101
24 97
24 14
24 20
24 13
24 76
24 109
24 106
24 49
24 5
24 12
24 95
25 31
25 77
25 99
25 41
25 48
25 32
25 29
25 65
25 14
25 88
25 27
25 13
25 19
25 26
25 56
25 21
25 51
25 97
25 113
25 9
25 84
25 107
25 67
25 40
25 46
25 28
25 69
25 111
25 75
25 5
25 73
25 3
25 37
25 92
25 74
25 8
25 100
26 111
26 17
26 4
26 77
26 112
26 74
26 89
26 67
26 41
26 33
26 45
26 69
26 43
26 115
26 38
26 27
26 18
26 100
26 58
26 56
26 57
26 30
26 1
26 63
26 50
26 105
26 102
26 40
26 75
26 113
26 70
26 68
26 36
26 47
26 92
26 91
26 88
26 59
26 39
26 117
26 104
26 76
26 21
27 115
27 5
27 9
27 77
27 51
27 18
27 113
27 82
27 29
27 118
27 94
27 31
27 40
27 72
27 99
27 84
27 58
27 85
27 53
27 15
27 44
27 75
27 88
27 97
27 74
27 107
27 62
27 8
27 20
27 106
27 69
27 46
27 66
27 70
28 2
28 27
28 106
28 91
28 26
28 81
28 103
28 65
28 22
28 51
28 96
28 88
28 29
28 77
28 92
28 117
28 66
28 7
28 20
28 36
28 54
28 85
28 1
28 109
28 83
28 116
28 11
28 6
28 101
28 19
28 45
28 4
28 100
29 88
29 96
29 8
29 119
29 24
29 79
29 51
29 89
29 83
29 111
29 109
29 3
29 34
29 39
29 1
29 97
29 48
29 49
29 104
29 117
29 102
29 33
29 26
29 50
29 16
29 61
29 58
29 2
29 99
29 110
29 71
29 116
29 94
29 41
29 81
29 44
29 103
29 40
29 12
30 107
30 92
30 43
30 9
30 7
30 67
30 27
30 108
30 120
30 2
30 28
30 49
30 61
30 75
30 118
30 76
30 55
30 97
30 14
30 29
30 91
30 96
30 69
30 71
30 79
30 109
30 77
30 84
30 37
30 80
30 32
30 56
30 95
30 94
30 34
30 18
30 42
30 100
30 13
30 65
31 101
31 113
31 45
31 51
31 49
31 81
31 70
31 26
31 28
31 114
31 116
31 4
31 89
31 120
31 12
31 56
31 9
31 85
31 97
31 10
31 35
31 68
31 50
31 58
31 90
31 102
31 20
31 59
31 6
31 34
31 93
31 84
31 30
31 110
31 39
31 60
31 71
32 15
32 71
32 53
32 89
32 48
32 22
32 110
32 102
32 45
32 31
32 79
32 5
32 11
32 73
32 35
32 64
32 36
32 55
32 108
32 100
32 39
32 6
32 66
32 90
32 44
32 61
32 117
32 111
32 62
32 74
32 16
32 26
32 70
32 82
33 51
33 71
33 34
33 119
33 45
33 89
33 20
33 10
33 66
33 117
33 90
33 58
33 107
33 96
33 13
33 64
33 92
33 69
33 102
33 25
33 105
33 101
33 78
33 54
33 18
33 116
33 44
33 52
33 111
33 49
33 50
33 103
33 14
33 75
33 35
33 93
33 70
33 12
33 88
33 98
34 82
34 42
34 71
34 103
34 96
34 81
34 99
34 64
34 104
34 59
34 25
34 116
34 26
34 86
34 108
34 32
34 84
34 7
34 62
34 93
34 20
34 85
34 94
34 80
34 109
34 88
34 120
34 39
34 76
34 45
34 102
34 2
34 17
34 117
34 61
34 4
34 8
34 22
35 93
35 94
35 67
35 34
35 30
35 62
35 40
35 10
35 17
35 6
35 56
35 39
35 71
35 25
35 23
35 24
35 79
35 90
35 87
35 12
35 100
35 98
35 52
35 86
35 47
35 7
35 11
35 27
35 81
35 78
35 60
36 102
36 19
36 16
36 11
36 87
36 77
36 103
36 89
36 44
36 33
36 69
36 23
36 53
36 82
36 94
36 109
36 46
36 40
36 42
36 54
36 31
36 104
36 48
36 117
36 105
36 8
36 88
36 70
36 107
36 112
36 68
36 35
36 110
36 86
36 118
36 96
36 4
36 115
37 85
37 108
37 119
37 2
37 107
37 4
37 91
37 40
37 36
37 26
37 21
37 116
37 87
37 95
37 52
37 17
37 28
37 13
37 101
37 65
37 51
37 45
37 33
37 31
37 59
37 70
37 44
37 50
37 111
38 47
38 90
38 115
38 24
38 9
38 85
38 120
38 65
38 19
38 69
38 25
38 52
38 64
38 94
38 66
38 40
38 30
38 5
38 118
38 93
38 12
38 33
38 116
38 46
38 107
38 8
38 3
38 73
38 22
38 83
38 63
38 92
38 62
38 43
38 68
39 110
39 38
39 60
39 6
39 53
39 80
39 65
39 84
39 57
39 119
39 120
39 58
39 98
39 85
39 21
39 104
39 13
39 68
39 97
39 91
39 28
39 77
39 43
39 23
39 42
39 107
39 36
39 94
39 102
39 48
39 56
39 71
40 9
40 44
40 17
40 107
40 56
40 117
40 113
40 46
40 101
40 15
40 96
40 93
40 98
40 43
40 2
40 18
40 85
40 5
40 81
40 119
40 118
40 41
40 12
40 105
40 83
40 77
40 7
40 112
40 3
40 84
40 1
40 28
40 52
40 71
40 92
40 75
41 96
41 75
41 62
41 87
41 58
41 42
41 56
41 18
41 28
41 80
41 50
41 8
41 43
41 47
41 15
41 11
41 102
41 39
41 98
41 120
41 4
41 30
41 108
41 19
41 69
41 33
41 31
41 81
41 111
41 12
41 55
41 46
41 95
41 72
41 36
41 92
41 70
41 45
41 64
41 117
42 38
42 46
42 43
42 35
42 110
42 89
42 21
42 107
42 117
42 19
42 88
42 24
42 54
42 114
42 92
42 94
42 72
42 96
42 40
42 82
42 57
42 31
42 32
42 112
42 65
42 10
42 106
42 61
42 7
42 26
42 29
42 50
42 102
42 93
42 74
42 25
43 32
43 34
43 78
43 57
43 35
43 31
43 36
43 109
43 23
43 10
43 5
43 44
43 54
43 6
43 55
43 22
43 24
43 101
43 12
43 88
43 108
43 90
43 21
43 119
43 94
43 64
43 56
43 28
43 65
43 115
43 46
43 11
43 87
43 14
43 66
43 81
43 19
44 117
44 73
44 45
44 57
44 15
44 85
44 88
44 91
44 84
44 35
44 20
44 60
44 107
44 23
44 31
44 26
44 6
44 106
44 70
44 110
44 41
44 120
44 16
44 76
44 72
44 65
44 53
44 34
44 50
44 78
44 3
44 118
44 18
45 70
45 86
45 62
45 97
45 78
45 1
45 80
45 109
45 76
45 40
45 63
45 30
45 79
45 118
45 50
45 6
45 54
45 94
45 106
45 108
45 64
45 73
45 29
45 53
45 13
45 8
45 57
45 107
45 65
45 67
45 5
45 38
45 77
45 117
45 42
45 84
45 36
45 9
45 114
45 55
45 69
46 24
46 11
46 52
46 56
46 47
46 99
46 33
46 30
46 106
46 20
46 34
46 6
46 12
46 105
46 97
46 116
46 118
46 104
46 8
46 103
46 68
46 18
46 91
46 1
46 90
46 14
46 49
46 29
46 79
46 115
46 32
46 114
46 92
47 25
47 57
47 115
47 39
47 30
47 70
47 13
47 54
47 19
47 114
47 48
47 34
47 36
47 51
47 1
47 83
47 111
47 112
47 61
47 98
47 81
47 3
47 44
47 15
47 16
47 73
47 102
47 77
47 109
47 72
47 68
47 40
47 63
47 33
47 85
47 8
47 56
48 27
48 114
48 81
48 15
48 56
48 6
48 106
48 55
48 2
48 101
48 72
48 41
48 60
48 28
48 115
48 90
48 24
48 109
48 9
48 79
48 99
48 26
48 33
48 64
48 51
48 17
48 110
48 35
48 20
48 91
48 54
48 96
48 31
48 34
48 70
49 65
49 22
49 14
49 111
49 105
49 113
49 43
49 72
49 10
49 83
49 96
49 93
49 106
49 20
49 59
49 27
49 19
49 118
49 117
49 32
49 62
49 102
49 82
49 67
49 84
49 17
49 34
49 78
49 56
49 45
49 40
49 39
50 46
50 86
50 39
50 78
50 65
50 79
50 84
50 114
50 32
50 104
50 36
50 28
50 74
50 89
50 30
50 17
50 38
50 62
50 55
50 119
50 8
50 115
50 4
50 3
50 20
50 61
50 96
50 80
50 9
50 14
50 23
50 71
50 47
50 25
50 109
50 35
50 94
51 59
51 17
51 32
51 24
51 81
51 73
51 44
51 35
51 21
51 5
51 74
51 110
51 22
51 58
51 60
51 99
51 103
51 30
51 119
51 10
51 41
51 97
51 68
51 66
51 49
51 102
51 93
51 2
51 4
51 7
51 46
51 26
51 115
51 16
51 78
51 20
51 57
51 108
51 52
52 112
52 101
52 86
52 12
52 25
52 44
52 87
52 50
52 22
52 9
52 71
52 67
52 116
52 6
52 92
52 107
52 49
52 10
52 109
52 2
52 90
52 3
52 8
52 36
52 110
52 26
52 48
52 88
52 102
52 47
52 53
52 103
52 58
52 111
52 98
53 108
53 56
53 119
53 19
53 111
53 17
53 58
53 82
53 68
53 43
53 115
53 66
53 49
53 97
53 50
53 88
53 117
53 77
53 23
53 114
53 26
53 76
53 96
53 101
53 6
53 38
53 79
53 57
53 29
53 64
53 30
53 103
53 42
53 2
53 51
53 86
53 16
54 106
54 53
54 69
54 74
54 55
54 46
54 10
54 3
54 103
54 59
54 77
54 58
54 37
54 7
54 38
54 120
54 24
54 73
54 23
54 76
54 29
54 67
54 119
54 44
54 27
54 86
54 107
54 111
54 25
54 52
54 105
54 50
54 40
54 71
54 68
54 90
54 61
54 32
55 7
55 115
55 34
55 57
55 64
55 86
55 2
55 88
55 108
55 51
55 76
55 49
55 94
55 110
55 23
55 29
55 13
55 52
55 42
55 26
55 33
55 40
55 90
55 31
55 113
55 4
55 99
55 75
55 56
55 107
55 119
55 66
55 17
55 106
55 53
55 28
55 98
55 74
56 76
56 54
56 114
56 22
56 18
56 3
56 13
56 87
56 61
56 19
56 4
56 69
56 84
56 20
56 81
56 17
56 101
56 96
56 7
56 38
56 33
56 77
56 83
56 72
56 23
56 98
56 66
56 15
56 27
56 120
56 118
56 111
56 91
56 95
56 24
56 71
56 36
56 10
56 99
57 80
57 59
57 76
57 40
57 63
57 24
57 54
57 118
57 56
57 1
57 67
57 48
57 109
57 85
57 102
57 33
57 7
57 114
57 19
57 46
57 66
57 36
57 81
57 112
57 25
57 117
57 38
57 119
57 104
57 22
57 27
57 14
57 21
57 23
57 73
57 34
58 5
58 50
58 23
58 93
58 119
58 77
58 96
58 21
58 105
58 35
58 95
58 42
58 37
58 104
58 4
58 117
58 45
58 32
58 34
58 65
58 49
58 118
58 72
58 85
58 3
58 78
58 16
58 55
58 73
58 13
58 6
58 47
58 103
58 80
58 108
58 69
58 1
58 67
58 14
59 20
59 70
59 56
59 84
59 52
59 113
59 74
59 95
59 108
59 45
59 8
59 22
59 110
59 36
59 117
59 58
59 61
59 7
59 3
59 5
59 19
59 47
59 69
59 60
59 41
59 88
59 55
59 107
59 76
59 66
59 53
59 116
59 93
59 35
59 83
59 16
60 75
60 70
60 6
60 89
60 40
60 10
60 78
60 107
60 100
60 105
60 57
60 19
60 95
60 99
60 28
60 91
60 46
60 29
60 8
60 109
60 47
60 56
60 25
60 120
60 36
60 13
60 7
60 85
60 26
60 55
60 41
60 50
60 58
60 61
61 37
61 109
61 97
61 38
61 7
61 51
61 73
61 23
61 116
61 90
61 11
61 63
61 18
61 65
61 76
61 57
61 106
61 45
61 94
61 114
61 12
61 111
61 33
61 88
61 6
61 64
61 9
61 55
61 69
61 91
61 67
61 70
61 95
61 31
62 71
62 95
62 106
62 82
62 25
62 9
62 23
62 51
62 29
62 101
62 37
62 60
62 66
62 90
62 40
62 31
62 64
62 47
62 18
62 24
62 70
62 108
62 2
62 36
62 100
62 76
62 83
62 44
62 67
62 28
62 102
62 115
62 84
62 92
63 12
63 69
63 36
63 43
63 2
63 46
63 21
63 16
63 33
63 42
63 17
63 82
63 64
63 49
63 3
63 65
63 53
63 76
63 68
63 56
63 67
63 30
63 79
63 91
63 27
63 71
63 77
63 104
63 80
63 92
64 73
64 52
64 92
64 112
64 2
64 16
64 78
64 49
64 57
64 60
64 56
64 108
64 115
64 109
64 4
64 58
64 113
64 21
64 100
64 35
64 20
64 89
64 40
64 39
64 120
64 29
64 103
64 65
64 50
64 69
64 8
64 93
64 77
64 22
65 19
65 59
65 72
65 52
65 15
65 117
65 102
65 114
65 95
65 77
65 31
65 99
65 89
65 47
65 7
65 109
65 116
65 66
65 62
65 54
65 110
65 23
65 13
65 101
65 104
65 98
65 103
65 56
65 55
65 74
65 4
65 48
66 17
66 42
66 37
66 73
66 12
66 103
66 89
66 114
66 50
66 118
66 54
66 47
66 115
66 98
66 95
66 110
66 63
66 36
66 40
66 39
66 109
66 30
66 3
66 10
66 113
66 85
66 72
66 26
66 64
66 84
66 93
66 9
66 102
67 40
67 120
67 42
67 98
67 6
67 18
67 43
67 84
67 39
67 33
67 66
67 73
67 82
67 108
67 93
67 31
67 75
67 118
67 28
67 109
67 24
67 74
67 104
67 72
67 116
67 50
67 51
67 20
67 91
67 27
67 11
67 100
67 34
67 99
67 44
67 38
67 60
67 111
68 4
68 29
68 111
68 23
68 106
68 15
68 102
68 97
68 16
68 89
68 17
68 59
68 30
68 64
68 118
68 78
68 80
68 76
68 109
68 28
68 120
68 60
68 45
68 62
68 50
68 84
68 90
68 67
68 48
68 74
68 33
69 10
69 79
69 23
69 15
69 55
69 52
69 117
69 14
69 113
69 57
69 42
69 1
69 81
69 31
69 77
69 37
69 68
69 29
69 75
69 20
69 100
69 72
69 78
69 22
69 88
69 46
69 109
69 2
69 66
69 96
69 114
69 35
69 86
69 120
70 58
70 57
70 5
70 82
70 17
70 38
70 16
70 7
70 79
70 53
70 49
70 9
70 101
70 42
70 90
70 107
70 104
70 18
70 74
70 98
70 54
70 6
70 99
70 40
70 115
70 67
70 24
70 2
70 51
70 28
70 34
70 25
70 91
70 109
70 10
70 93
70 65
71 28
71 51
71 78
71 23
71 83
71 53
71 69
71 70
71 74
71 72
71 119
71 117
71 97
71 86
71 84
71 79
71 60
71 111
71 41
71 10
71 58
71 85
71 9
71 59
71 47
71 44
71 112
71 96
71 105
71 24
71 8
71 65
71 102
71 45
71 93
71 25
71 110
71 15
71 49
72 36
72 78
72 96
72 79
72 39
72 33
72 8
72 3
72 118
72 2
72 102
72 95
72 57
72 6
72 64
72 31
72 107
72 63
72 29
72 112
72 70
72 119
72 76
72 9
72 108
72 54
72 30
72 19
72 73
72 24
72 100
72 61
72 45
72 117
72 62
72 81
72 82
72 35
73 105
73 9
73 41
73 7
73 49
73 68
73 31
73 39
73 33
73 113
73 2
73 104
73 97
73 82
73 29
73 71
73 96
73 91
73 40
73 19
73 36
73 112
73 108
73 10
73 76
73 120
73 50
73 55
73 106
73 26
73 70
73 116
73 107
73 56
73 35
73 83
73 20
73 99
73 86
74 63
74 86
74 114
74 34
74 15
74 21
74 118
74 61
74 24
74 111
74 17
74 102
74 82
74 29
74 81
74 85
74 45
74 64
74 76
74 112
74 89
74 73
74 84
74 52
74 38
74 119
74 97
74 56
74 6
74 43
74 120
74 53
74 95
74 12
74 7
74 10
74 5
75 100
75 72
75 1
75 73
75 42
75 64
75 56
75 47
75 86
75 108
75 22
75 43
75 2
75 97
75 110
75 48
75 28
75 106
75 87
75 53
75 17
75 90
75 66
75 50
75 102
75 59
75 58
75 99
75 84
75 85
75 37
75 49
75 101
76 49
76 110
76 16
76 67
76 91
76 82
76 103
76 69
76 83
76 78
76 111
76 42
76 8
76 118
76 105
76 10
76 58
76 80
76 102
76 27
76 22
76 88
76 18
76 51
76 114
76 93
76 79
76 87
76 71
76 70
76 31
76 39
76 14
76 99
76 77
76 28
77 109
77 90
77 6
77 62
77 118
77 60
77 101
77 85
77 22
77 33
77 4
77 87
77 105
77 116
77 57
77 68
77 41
77 31
77 20
77 21
77 84
77 67
77 72
77 79
77 110
77 75
77 10
77 93
77 66
77 52
77 59
77 71
77 91
77 49
77 115
77 94
77 113
77 98
77 102
77 9
78 57
78 99
78 75
78 34
78 86
78 24
78 77
78 87
78 118
78 55
78 27
78 85
78 108
78 28
78 38
78 12
78 41
78 8
78 19
78 39
78 98
78 31
78 2
78 105
78 32
78 4
78 109
78 46
78 95
78 80
78 82
78 59
78 106
78 83
79 22
79 54
79 87
79 62
79 5
79 49
79 39
79 94
79 106
79 26
79 24
79 57
79 28
79 20
79 74
79 31
79 73
79 80
79 104
79 98
79 68
79 16
79 40
79 83
79 21
79 8
79 60
79 85
79 59
79 100
79 43
79 120
79 51
79 17
80 97
80 17
80 53
80 87
80 47
80 11
80 38
80 31
80 16
80 61
80 37
80 48
80 72
80 20
80 25
80 73
80 10
80 67
80 65
80 42
80 106
80 13
80 64
80 54
80 36
80 1
80 18
80 46
80 75
80 99
80 56
80 120
80 116
80 84
80 44
80 71
80 117
80 69
81 114
81 119
81 107
81 55
81 44
81 60
81 27
81 19
81 101
81 52
81 32
81 23
81 99
81 38
81 30
81 26
81 25
81 79
81 64
81 4
81 36
81 61
81 17
81 91
81 62
81 13
81 7
81 50
81 42
81 73
81 83
81 111
81 110
82 104
82 35
82 96
82 26
82 29
82 47
82 69
82 87
82 79
82 37
82 15
82 30
82 120
82 90
82 20
82 103
82 52
82 80
82 59
82 61
82 14
82 48
82 12
82 8
82 109
82 21
82 56
82 40
82 41
82 24
82 58
82 110
82 91
82 44
82 54
83 87
83 89
83 92
83 68
83 22
83 63
83 58
83 55
83 43
83 100
83 107
83 70
83 64
83 104
83 41
83 6
83 113
83 11
83 60
83 74
83 1
83 77
83 54
83 66
83 50
83 27
83 65
83 95
83 15
83 53
83 21
83 99
83 25
83 91
83 120
83 86
83 52
83 90
83 14
84 89
84 51
84 65
84 73
84 109
84 43
84 26
84 16
84 114
84 29
84 22
84 87
84 35
84 28
84 53
84 92
84 4
84 60
84 72
84 69
84 70
84 104
84 32
84 33
84 82
84 58
84 7
84 113
84 14
84 21
84 38
84 48
84 11
84 37
84 120
84 10
85 92
85 105
85 110
85 52
85 48
85 26
85 12
85 13
85 56
85 72
85 68
85 64
85 108
85 50
85 11
85 29
85 41
85 46
85 70
85 73
85 42
85 7
85 97
85 49
85 59
85 76
85 5
85 43
85 120
85 25
85 83
85 113
85 109
85 118
86 43
86 58
86 44
86 106
86 119
86 64
86 90
86 14
86 26
86 48
86 115
86 65
86 15
86 76
86 96
86 7
86 33
86 11
86 47
86 60
86 110
86 28
86 101
86 18
86 41
86 25
86 79
86 57
86 112
86 107
86 93
86 12
86 59
86 80
87 1
87 112
87 72
87 94
87 45
87 59
87 10
87 14
87 97
87 9
87 18
87 16
87 6
87 13
87 68
87 34
87 69
87 5
87 120
87 32
87 46
87 31
87 30
87 8
87 62
87 49
87 44
87 118
87 65
87 73
87 107
87 26
87 29
88 45
88 116
88 78
88 82
88 18
88 89
88 13
88 3
88 50
88 104
88 38
88 40
88 5
88 68
88 64
88 67
88 81
88 84
88 93
88 1
88 86
88 73
88 4
88 11
88 15
88 54
88 111
88 77
88 32
88 51
88 106
88 74
88 95
88 85
88 108
88 41
89 44
89 13
89 39
89 75
89 104
89 25
89 87
89 103
89 17
89 27
89 99
89 34
89 53
89 47
89 116
89 111
89 9
89 100
89 117
89 72
89 69
89 2
89 80
89 52
89 40
89 67
89 45
89 30
89 108
89 61
89 51
89 56
89 12
89 71
89 28
89 48
90 29
90 25
90 39
90 9
90 45
90 93
90 111
90 20
90 81
90 76
90 26
90 58
90 100
90 87
90 34
90 85
90 3
90 105
90 65
90 64
90 108
90 96
90 27
90 74
90 41
90 84
90 91
90 115
90 51
90 14
90 22
90 107
90 19
90 8
90 106
91 34
91 15
91 2
91 112
91 43
91 51
91 45
91 55
91 1
91 10
91 93
91 62
91 29
91 13
91 64
91 41
91 50
91 14
91 25
91 79
91 66
91 88
91 114
91 20
91 80
91 92
91 117
91 52
91 75
91 89
91 38
91 96
91 84
91 16
91 105
91 85
91 104
91 33
92 79
92 21
92 3
92 71
92 43
92 34
92 59
92 70
92 82
92 57
92 86
92 76
92 27
92 55
92 75
92 54
92 107
92 69
92 44
92 90
92 61
92 108
92 19
92 31
92 60
92 45
92 32
92 111
92 29
92 96
92 117
92 5
92 110
93 26
93 48
93 6
93 104
93 74
93 53
93 60
93 7
93 61
93 99
93 14
93 29
93 100
93 1
93 95
93 4
93 36
93 39
93 107
93 62
93 23
93 101
93 106
93 108
93 98
93 50
93 119
93 55
93 30
93 37
93 47
93 80
93 22
93 32
94 33
94 3
94 82
94 41
94 28
94 67
94 69
94 97
94 70
94 62
94 25
94 26
94 102
94 15
94 66
94 86
94 88
94 74
94 83
94 1
94 10
94 58
94 57
94 44
94 89
94 100
94 17
94 90
94 46
94 24
94 114
94 63
94 16
94 37
95 84
95 45
95 85
95 76
95 34
95 71
95 17
95 87
95 89
95 3
95 97
95 2
95 10
95 9
95 27
95 38
95 57
95 67
95 5
95 19
95 42
95 63
95 29
95 51
95 73
95 79
95 119
95 90
95 114
95 32
95 54
96 94
96 113
96 68
96 35
96 62
96 6
96 18
96 22
96 5
96 83
96 67
96 117
96 97
96 27
96 84
96 110
96 32
96 80
96 51
96 81
96 1
96 78
96 55
96 7
96 10
96 14
96 114
96 54
96 77
96 61
96 109
96 63
96 8
96 45
96 104
96 89
97 41
97 90
97 23
97 56
97 7
97 20
97 67
97 54
97 117
97 52
97 108
97 86
97 70
97 72
97 76
97 35
97 13
97 38
97 69
97 47
97 107
97 58
97 36
97 43
97 98
97 32
97 88
97 119
97 83
97 100
97 113
97 34
97 18
98 83
98 81
98 94
98 3
98 32
98 105
98 109
98 62
98 110
98 22
98 60
98 38
98 91
98 18
98 51
98 26
98 50
98 58
98 84
98 103
98 76
98 1
98 63
98 116
98 31
98 45
98 43
98 57
98 19
98 34
98 64
98 85
98 9
98 68
98 5
98 75
99 64
99 43
99 47
99 52
99 33
99 23
99 63
99 88
99 98
99 16
99 102
99 62
99 14
99 103
99 72
99 30
99 21
99 95
99 77
99 71
99 82
99 9
99 13
99 36
99 45
99 119
99 41
99 109
99 37
99 42
99 91
99 114
99 28
99 61
99 117
99 26
99 113
99 39
99 5
100 68
100 78
100 47
100 51
100 115
100 57
100 66
100 61
100 107
100 2
100 8
100 11
100 59
100 34
100 80
100 13
100 49
100 103
100 119
100 81
100 18
100 43
100 74
100 102
100 63
100 96
100 9
100 84
100 31
100 4
100 71
100 76
101 61
101 46
101 96
101 27
101 87
101 85
101 2
101 11
101 36
101 16
101 94
101 21
101 83
101 35
101 58
101 14
101 108
101 4
101 120
101 76
101 7
101 91
101 54
101 1
101 45
101 57
101 51
101 99
101 44
101 113
101 92
101 5
101 78
101 98
102 21
102 91
102 119
102 96
102 25
102 1
102 106
102 104
102 110
102 87
102 79
102 98
102 19
102 10
102 83
102 55
102 56
102 53
102 54
102 48
102 101
102 16
102 46
102 116
102 78
102 93
102 12
102 80
102 61
102 58
102 6
102 67
102 18
102 44
102 45
102 89
102 27
102 30
102 103
102 7
103 56
103 94
103 74
103 80
103 5
103 91
103 101
103 86
103 67
103 97
103 4
103 92
103 79
103 18
103 25
103 93
103 95
103 108
103 75
103 15
103 38
103 37
103 12
103 115
103 104
103 61
103 22
103 73
103 14
103 87
103 6
103 55
103 77
103 31
103 83
104 54
104 3
104 85
104 20
104 77
104 21
104 114
104 55
104 59
104 8
104 74
104 16
104 66
104 53
104 107
104 117
104 12
104 60
104 35
104 1
104 119
104 99
104 62
104 24
104 69
104 76
104 98
104 106
104 33
104 45
104 97
104 37
104 47
104 92
104 19
104 87
104 120
105 62
105 95
105 69
105 79
105 93
105 56
105 65
105 51
105 15
105 59
105 97
105 88
105 74
105 43
105 112
105 113
105 103
105 44
105 55
105 66
105 111
105 29
105 117
105 116
105 107
105 92
105 87
105 99
105 28
105 21
105 82
105 115
105 104
106 119
106 74
106 77
106 30
106 94
106 32
106 15
106 96
106 53
106 72
106 60
106 40
106 50
106 8
106 83
106 59
106 63
106 58
106 34
106 29
106 103
106 6
106 92
106 109
106 38
106 118
106 12
106 95
106 52
106 82
106 111
106 65
106 101
106 113
107 23
107 98
107 115
107 66
107 49
107 116
107 20
107 77
107 63
107 9
107 26
107 106
107 99
107 58
107 47
107 46
107 89
107 117
107 82
107 57
107 13
107 62
107 108
107 102
107 88
107 31
107 3
107 109
107 68
107 61
107 11
107 95
107 43
107 76
107 1
107 53
107 74
108 98
108 115
108 36
108 99
108 109
108 91
108 119
108 104
108 118
108 57
108 76
108 68
108 21
108 81
108 7
108 80
108 17
108 18
108 61
108 56
108 105
108 3
108 40
108 74
108 1
108 110
108 49
108 38
108 96
108 26
108 112
108 4
108 82
108 48
108 94
108 25
108 14
108 5
108 79
108 33
109 53
109 14
109 92
109 110
109 33
109 113
109 35
109 56
109 72
109 91
109 5
109 39
109 63
109 40
109 71
109 32
109 101
109 90
109 95
109 102
109 115
109 112
109 89
109 7
109 116
109 59
109 51
109 46
109 104
109 21
109 80
109 13
109 105
109 11
109 94
109 3
109 22
109 100
109 93
109 88
109 114
110 60
110 57
110 120
110 16
110 104
110 11
110 8
110 113
110 10
110 47
110 99
110 34
110 24
110 106
110 49
110 41
110 67
110 91
110 83
110 30
110 114
110 90
110 38
110 88
110 27
110 105
110 118
110 112
110 37
110 26
110 54
110 43
110 117
110 78
110 46
110 103
110 6
110 22
110 63
111 30
111 104
111 39
111 73
111 1
111 83
111 31
111 9
111 21
111 84
111 95
111 91
111 97
111 85
111 66
111 5
111 51
111 60
111 6
111 15
111 78
111 59
111 93
111 34
111 102
111 44
111 65
111 38
111 80
111 108
111 27
111 96
111 57
111 46
111 20
111 101
111 118
111 43
111 4
111 12
111 113
112 118
112 80
112 11
112 75
112 114
112 5
112 101
112 106
112 103
112 27
112 62
112 46
112 17
112 94
112 83
112 78
112 23
112 3
112 45
112 43
112 32
112 7
112 25
112 14
112 116
112 93
112 54
112 111
112 107
112 2
113 14
113 72
113 43
113 92
113 108
113 17
113 24
113 19
113 94
113 45
113 5
113 61
113 53
113 102
113 70
113 1
113 47
113 62
113 91
113 33
113 21
113 48
113 116
113 46
113 56
113 104
113 75
113 28
113 15
113 98
113 11
113 90
113 67
114 67
114 93
114 59
114 54
114 29
114 34
114 22
114 80
114 75
114 111
114 86
114 18
114 6
114 41
114 1
114 20
114 103
114 62
114 32
114 63
114 92
114 119
114 116
114 101
114 98
114 90
114 72
114 2
114 12
114 105
114 108
114 58
114 27
114 71
114 24
114 70
115 35
115 92
115 69
115 80
115 99
115 20
115 40
115 37
115 41
115 52
115 7
115 60
115 89
115 34
115 71
115 81
115 83
115 120
115 30
115 13
115 118
115 16
115 106
115 67
115 114
115 88
115 2
115 23
115 42
115 73
115 116
115 98
115 68
115 5
115 110
115 56
115 1
116 91
116 44
116 60
116 47
116 20
116 93
116 71
116 27
116 54
116 21
116 42
116 39
116 87
116 11
116 72
116 70
116 25
116 110
116 53
116 49
116 48
116 82
116 55
116 74
116 9
116 23
116 78
116 45
116 64
116 51
116 50
116 103
116 6
116 40
116 108
117 50
117 82
117 35
117 12
117 119
117 46
117 84
117 87
117 116
117 56
117 95
117 19
117 7
117 100
117 113
117 85
117 101
117 102
117 55
117 70
117 98
117 9
117 60
117 86
117 4
117 67
117 54
117 66
117 78
117 83
117 48
117 23
117 37
117 30
117 73
117 25
117 118
117 63
117 88
118 39
118 104
118 50
118 10
118 13
118 48
118 35
118 4
118 34
118 25
118 41
118 59
118 95
118 94
118 99
118 61
118 98
118 21
118 16
118 29
118 79
118 52
118 31
118 102
118 12
118 101
118 7
118 55
118 105
118 120
118 37
118 18
118 47
118 20
119 3
119 48
119 78
119 80
119 91
119 7
119 82
119 8
119 11
119 66
119 42
119 30
119 79
119 115
119 107
119 109
119 19
119 17
119 15
119 111
119 89
119 77
119 67
119 110
119 83
119 31
119 24
119 112
119 35
119 70
119 101
119 116
119 60
119 88
119 64
119 76
120 16
120 76
120 42
120 86
120 106
120 70
120 88
120 72
120 46
120 29
120 90
120 62
120 108
120 66
120 77
120 102
120 17
120 33
120 111
120 51
120 113
120 58
120 63
120 32
120 48
120 53
120 49
120 43
120 71
120 19
120 36
120 95
120 20
120 65
120 81
120 105
120 47
120 45
