170 8621
1 129
1 148
1 131
1 85
1 39
1 46
1 84
1 126
1 115
1 124
1 89
1 164
1 159
1 152
1 29
1 127
1 94
1 139
1 141
1 10
1 57
1 137
1 58
1 146
1 13
1 120
1 51
1 25
1 125
1 43
1 151
1 24
1 123
1 138
1 55
1 158
1 69
1 35
1 101
1 161
1 147
1 156
1 47
1 79
1 107
1 20
1 17
1 3
1 118
1 165
1 90
1 14
1 8
1 170
1 117
2 33
2 59
2 101
2 46
2 34
2 4
2 10
2 1
2 75
2 116
2 110
2 61
2 22
2 71
2 159
2 29
2 90
2 14
2 130
2 74
2 123
2 31
2 118
2 15
2 3
2 11
2 69
2 36
2 67
2 144
2 170
2 12
2 105
2 40
2 160
2 85
2 66
2 114
2 140
2 132
2 58
2 52
2 124
2 81
2 42
3 47
3 110
3 81
3 122
3 4
3 20
3 74
3 49
3 7
3 115
3 158
3 156
3 37
3 52
3 93
3 27
3 97
3 60
3 125
3 6
3 106
3 55
3 76
3 119
3 79
3 88
3 154
3 5
3 67
3 63
3 114
3 146
3 13
3 162
3 48
3 116
3 108
3 10
3 94
3 75
3 144
3 126
3 72
3 129
3 133
3 91
3 68
3 165
3 50
3 149
3 54
3 120
3 102
3 25
4 154
4 56
4 99
4 21
4 108
4 40
4 125
4 156
4 147
4 131
4 92
4 97
4 51
4 57
4 9
4 89
4 151
4 145
4 69
4 33
4 13
4 74
4 54
4 63
4 100
4 35
4 142
4 137
4 143
4 58
4 79
4 88
4 150
4 104
4 118
4 159
4 18
4 50
4 82
4 130
4 101
4 77
4 160
4 105
4 84
4 38
4 59
4 53
4 165
4 161
4 1
4 114
4 47
4 102
5 9
5 124
5 164
5 57
5 129
5 30
5 154
5 131
5 65
5 29
5 74
5 72
5 112
5 151
5 7
5 60
5 54
5 26
5 84
5 138
5 23
5 166
5 125
5 45
5 109
5 148
5 32
5 132
5 108
5 2
5 116
5 47
5 6
5 20
5 42
5 63
5 157
5 71
5 101
5 85
5 161
5 102
5 43
5 18
5 165
5 51
5 130
5 110
5 135
5 150
5 40
5 38
6 158
6 108
6 57
6 25
6 106
6 53
6 160
6 139
6 35
6 168
6 50
6 76
6 12
6 141
6 150
6 40
6 88
6 84
6 61
6 164
6 97
6 78
6 28
6 162
6 149
6 100
6 24
6 103
6 133
6 152
6 8
6 64
6 52
6 90
6 32
6 55
6 39
6 43
6 156
6 27
6 66
6 72
6 33
6 126
6 155
6 161
6 17
6 67
6 114
6 123
6 1
6 157
7 51
7 68
7 129
7 15
7 141
7 150
7 156
7 167
7 157
7 165
7 104
7 105
7 75
7 22
7 11
7 23
7 52
7 31
7 163
7 97
7 108
7 17
7 114
7 149
7 151
7 55
7 87
7 143
7 158
7 29
7 120
7 78
7 25
7 98
7 61
7 45
7 103
7 19
7 69
7 80
7 20
7 60
7 164
7 95
7 139
7 124
7 58
7 99
7 36
7 56
8 125
8 124
8 82
8 72
8 34
8 114
8 151
8 128
8 153
8 58
8 147
8 167
8 126
8 49
8 64
8 50
8 85
8 29
8 120
8 45
8 80
8 88
8 150
8 109
8 141
8 86
8 10
8 149
8 61
8 102
8 42
8 73
8 81
8 71
8 121
8 115
8 96
8 92
8 134
8 23
8 76
8 146
8 74
8 56
8 5
8 65
8 75
8 152
8 163
8 169
8 166
8 47
8 4
9 170
9 164
9 48
9 133
9 13
9 16
9 96
9 76
9 125
9 61
9 124
9 85
9 12
9 26
9 130
9 42
9 8
9 52
9 37
9 109
9 74
9 153
9 17
9 47
9 81
9 46
9 6
9 89
9 126
9 18
9 122
9 64
9 100
9 14
9 146
9 123
9 157
9 20
9 104
9 23
9 60
9 73
9 24
9 63
9 1
9 83
9 107
9 120
9 159
9 40
10 135
10 128
10 131
10 80
10 88
10 144
10 86
10 71
10 91
10 136
10 81
10 73
10 137
10 58
10 46
10 89
10 16
10 65
10 29
10 103
10 109
10 72
10 37
10 56
10 117
10 123
10 12
10 146
10 140
10 149
10 104
10 163
10 145
10 79
10 120
10 69
10 155
10 50
10 17
10 23
10 132
10 118
10 106
10 43
10 62
10 11
10 19
10 18
10 113
10 116
10 67
11 149
11 61
11 158
11 159
11 148
11 12
11 146
11 121
11 163
11 106
11 125
11 59
11 145
11 47
11 32
11 170
11 98
11 82
11 164
11 162
11 85
11 140
11 28
11 150
11 26
11 91
11 117
11 8
11 103
11 79
11 167
11 68
11 71
11 107
11 128
11 94
11 37
11 72
11 156
11 89
11 126
11 154
11 127
11 130
11 111
11 141
11 169
11 102
11 77
12 161
12 18
12 169
12 21
12 115
12 17
12 97
12 154
12 139
12 111
12 59
12 168
12 76
12 19
12 4
12 79
12 95
12 120
12 125
12 160
12 39
12 167
12 135
12 104
12 119
12 13
12 8
12 15
12 134
12 61
12 151
12 155
12 141
12 30
12 165
12 50
12 27
12 93
12 108
12 31
12 69
12 130
12 105
12 77
12 136
12 113
12 62
12 107
12 91
13 80
13 168
13 119
13 159
13 71
13 167
13 112
13 64
13 62
13 123
13 29
13 21
13 39
13 169
13 104
13 52
13 162
13 5
13 42
13 135
13 59
13 131
13 69
13 106
13 147
13 110
13 65
13 36
13 15
13 30
13 51
13 107
13 149
13 33
13 14
13 125
13 44
13 10
13 89
13 79
13 90
13 126
13 142
13 61
13 6
13 68
13 103
13 86
13 170
13 60
13 111
14 11
14 40
14 127
14 155
14 22
14 54
14 87
14 122
14 99
14 4
14 43
14 150
14 131
14 90
14 158
14 20
14 83
14 81
14 50
14 67
14 163
14 61
14 114
14 80
14 128
14 170
14 74
14 27
14 25
14 151
14 95
14 66
14 148
14 33
14 17
14 65
14 68
14 149
14 55
14 49
14 91
14 23
14 143
14 45
14 86
14 52
14 76
14 101
15 93
15 17
15 161
15 84
15 51
15 38
15 27
15 3
15 143
15 16
15 78
15 156
15 144
15 123
15 104
15 169
15 70
15 125
15 46
15 35
15 166
15 49
15 132
15 150
15 136
15 141
15 80
15 19
15 154
15 114
15 148
15 57
15 31
15 108
15 47
15 64
15 122
15 72
15 92
15 59
15 121
15 146
15 98
15 152
15 29
16 13
16 49
16 138
16 42
16 61
16 25
16 66
16 145
16 161
16 120
16 98
16 115
16 45
16 90
16 124
16 8
16 106
16 158
16 157
16 78
16 46
16 35
16 164
16 102
16 140
16 131
16 26
16 50
16 41
16 95
16 58
16 93
16 69
16 31
16 151
16 110
16 22
16 141
16 108
16 6
16 146
16 38
16 54
16 103
16 154
16 20
16 7
16 47
16 136
16 133
17 121
17 26
17 73
17 117
17 30
17 82
17 158
17 87
17 16
17 4
17 150
17 11
17 88
17 141
17 2
17 100
17 79
17 57
17 124
17 137
17 5
17 50
17 75
17 126
17 110
17 152
17 22
17 59
17 41
17 39
17 139
17 111
17 92
17 167
17 44
17 66
17 21
17 13
17 84
17 56
17 157
17 96
17 160
17 61
17 165
17 148
17 107
17 144
17 33
17 170
17 113
17 131
17 53
17 162
18 128
18 66
18 109
18 17
18 99
18 75
18 113
18 118
18 85
18 41
18 97
18 6
18 25
18 11
18 80
18 105
18 21
18 63
18 50
18 91
18 135
18 82
18 104
18 58
18 115
18 53
18 51
18 102
18 137
18 46
18 100
18 148
18 24
18 163
18 167
18 48
18 61
18 127
18 132
18 144
18 8
18 112
18 147
18 123
18 16
18 152
18 3
18 19
18 81
18 84
18 119
18 31
18 67
19 24
19 139
19 158
19 138
19 108
19 167
19 76
19 99
19 50
19 68
19 157
19 146
19 54
19 94
19 80
19 14
19 71
19 72
19 42
19 17
19 69
19 142
19 11
19 103
19 82
19 6
19 88
19 84
19 46
19 134
19 4
19 162
19 154
19 145
19 87
19 143
19 48
19 148
19 153
19 77
19 74
19 117
19 52
19 169
19 75
19 111
19 1
19 86
19 149
19 131
19 41
19 165
19 96
20 168
20 148
20 89
20 124
20 170
20 94
20 49
20 142
20 74
20 82
20 151
20 40
20 167
20 145
20 107
20 38
20 83
20 73
20 117
20 105
20 119
20 77
20 158
20 143
20 152
20 8
20 101
20 129
20 26
20 97
20 33
20 41
20 54
20 92
20 166
20 111
20 122
20 123
20 48
20 42
20 25
20 34
20 4
20 134
20 91
20 133
20 72
20 137
20 125
20 115
20 144
20 80
20 141
21 62
21 102
21 99
21 44
21 42
21 63
21 112
21 126
21 56
21 33
21 36
21 9
21 95
21 2
21 140
21 123
21 122
21 26
21 53
21 161
21 3
21 50
21 164
21 129
21 158
21 162
21 38
21 168
21 1
21 37
21 66
21 47
21 19
21 120
21 130
21 132
21 16
21 134
21 51
21 25
21 23
21 109
21 15
21 118
21 144
21 117
21 108
21 148
21 20
22 19
22 93
22 159
22 125
22 116
22 1
22 120
22 41
22 56
22 10
22 72
22 36
22 61
22 86
22 135
22 132
22 13
22 49
22 18
22 145
22 3
22 38
22 109
22 129
22 84
22 156
22 115
22 6
22 146
22 73
22 48
22 79
22 108
22 68
22 161
22 46
22 37
22 53
22 100
22 123
22 92
22 44
22 81
22 39
22 168
22 150
22 83
22 20
22 110
22 54
22 166
22 4
23 54
23 45
23 129
23 22
23 125
23 123
23 97
23 122
23 39
23 20
23 147
23 96
23 25
23 15
23 17
23 63
23 95
23 18
23 73
23 24
23 28
23 71
23 31
23 27
23 148
23 155
23 140
23 159
23 37
23 120
23 74
23 26
23 60
23 52
23 41
23 161
23 59
23 118
23 68
23 47
23 134
23 44
23 65
23 85
23 164
23 157
23 109
23 108
23 153
23 83
23 106
23 58
23 146
23 167
24 70
24 155
24 120
24 15
24 157
24 39
24 3
24 107
24 92
24 144
24 141
24 2
24 46
24 42
24 140
24 169
24 111
24 153
24 164
24 72
24 122
24 136
24 65
24 7
24 105
24 124
24 148
24 95
24 76
24 160
24 170
24 168
24 78
24 27
24 67
24 84
24 138
24 89
24 103
24 100
24 139
24 119
24 87
24 40
24 110
24 68
24 167
24 12
24 90
25 108
25 162
25 53
25 9
25 48
25 115
25 120
25 127
25 75
25 159
25 28
25 101
25 10
25 45
25 42
25 98
25 129
25 27
25 163
25 41
25 111
25 71
25 79
25 55
25 34
25 96
25 39
25 78
25 139
25 128
25 85
25 119
25 72
25 19
25 67
25 82
25 137
25 76
25 103
25 63
25 91
25 40
25 58
25 110
25 89
25 83
25 99
25 146
25 145
25 152
25 165
25 24
25 70
25 5
26 94
26 15
26 143
26 107
26 129
26 31
26 28
26 93
26 69
26 98
26 128
26 6
26 134
26 44
26 88
26 118
26 144
26 164
26 101
26 79
26 70
26 52
26 135
26 90
26 85
26 136
26 49
26 156
26 145
26 162
26 75
26 153
26 117
26 113
26 87
26 46
26 1
26 8
26 127
26 105
26 68
26 58
26 14
26 120
26 25
26 81
26 42
26 163
26 34
26 37
27 104
27 159
27 109
27 117
27 133
27 13
27 112
27 139
27 65
27 44
27 18
27 129
27 17
27 77
27 21
27 32
27 93
27 113
27 70
27 97
27 128
27 59
27 145
27 47
27 90
27 31
27 35
27 81
27 146
27 88
27 71
27 120
27 147
27 48
27 40
27 51
27 144
27 2
27 26
27 108
27 103
27 56
27 78
27 7
27 137
27 115
27 96
27 39
27 36
27 166
27 73
27 79
27 91
27 143
27 122
28 84
28 136
28 5
28 141
28 18
28 64
28 59
28 14
28 8
28 12
28 152
28 30
28 129
28 36
28 79
28 24
28 44
28 87
28 63
28 159
28 19
28 97
28 42
28 71
28 54
28 91
28 38
28 104
28 81
28 125
28 43
28 110
28 92
28 86
28 149
28 82
28 69
28 15
28 73
28 67
28 21
28 150
28 16
28 144
28 157
28 96
28 94
29 26
29 37
29 86
29 59
29 43
29 113
29 58
29 77
29 117
29 33
29 103
29 25
29 19
29 49
29 169
29 3
29 151
29 64
29 166
29 159
29 153
29 147
29 67
29 78
29 102
29 134
29 95
29 92
29 54
29 118
29 79
29 62
29 149
29 39
29 36
29 84
29 140
29 46
29 9
29 168
29 4
29 156
29 88
29 109
29 40
29 132
30 25
30 127
30 155
30 149
30 80
30 126
30 86
30 137
30 50
30 84
30 19
30 147
30 56
30 49
30 69
30 159
30 91
30 23
30 89
30 43
30 142
30 135
30 100
30 3
30 107
30 35
30 51
30 152
30 14
30 62
30 65
30 133
30 1
30 92
30 88
30 4
30 90
30 22
30 57
30 38
30 8
30 134
30 29
30 87
30 111
30 117
30 6
30 132
30 48
30 31
30 124
30 10
31 45
31 129
31 91
31 112
31 154
31 97
31 11
31 140
31 58
31 103
31 29
31 107
31 163
31 108
31 39
31 14
31 159
31 51
31 110
31 94
31 168
31 76
31 157
31 131
31 5
31 65
31 1
31 67
31 98
31 156
31 153
31 141
31 20
31 88
31 74
31 84
31 64
31 161
31 44
31 160
31 38
31 56
31 8
31 151
31 19
31 81
31 158
31 48
31 35
31 123
31 126
31 4
32 119
32 91
32 157
32 102
32 48
32 14
32 21
32 139
32 138
32 13
32 151
32 10
32 118
32 28
32 44
32 98
32 18
32 60
32 75
32 134
32 124
32 30
32 57
32 70
32 16
32 130
32 83
32 15
32 163
32 53
32 65
32 106
32 22
32 24
32 121
32 155
32 167
32 117
32 116
32 9
32 135
32 128
32 158
32 61
32 142
32 29
32 108
33 86
33 145
33 3
33 73
33 91
33 71
33 152
33 39
33 148
33 112
33 79
33 88
33 7
33 35
33 41
33 68
33 38
33 93
33 43
33 31
33 113
33 162
33 1
33 80
33 161
33 34
33 16
33 53
33 15
33 124
33 40
33 44
33 12
33 133
33 154
33 5
33 66
33 62
33 32
33 121
33 10
33 149
33 56
33 22
33 169
33 122
33 116
33 97
33 48
33 8
33 59
33 100
33 95
34 66
34 120
34 70
34 60
34 35
34 129
34 31
34 97
34 138
34 6
34 142
34 104
34 19
34 121
34 13
34 3
34 39
34 4
34 167
34 110
34 85
34 125
34 21
34 133
34 29
34 9
34 143
34 169
34 55
34 86
34 17
34 112
34 73
34 122
34 123
34 46
34 15
34 95
34 12
34 71
34 92
34 116
34 111
34 22
34 114
34 30
34 99
34 11
34 50
34 160
34 28
34 83
34 90
34 1
35 133
35 76
35 3
35 154
35 78
35 147
35 99
35 21
35 85
35 155
35 39
35 151
35 79
35 26
35 166
35 135
35 63
35 9
35 28
35 40
35 13
35 169
35 124
35 115
35 25
35 103
35 80
35 75
35 20
35 117
35 89
35 56
35 43
35 5
35 51
35 121
35 7
35 10
35 93
35 22
35 12
35 55
35 108
35 96
35 86
35 81
35 53
35 23
35 36
35 128
35 11
35 139
35 66
35 100
35 109
35 18
35 17
35 149
36 120
36 71
36 61
36 98
36 142
36 1
36 112
36 106
36 20
36 10
36 64
36 31
36 167
36 32
36 119
36 59
36 105
36 86
36 113
36 126
36 168
36 94
36 34
36 11
36 140
36 104
36 154
36 130
36 62
36 3
36 30
36 57
36 124
36 65
36 109
36 116
36 6
36 162
36 42
36 23
36 125
36 5
36 78
36 155
36 17
36 97
36 72
36 100
36 51
36 16
37 110
37 13
37 119
37 87
37 72
37 7
37 2
37 158
37 5
37 146
37 61
37 155
37 54
37 85
37 127
37 124
37 65
37 162
37 20
37 39
37 136
37 6
37 74
37 133
37 154
37 95
37 161
37 62
37 12
37 59
37 48
37 108
37 94
37 25
37 64
37 88
37 70
37 80
37 30
37 50
37 167
37 151
37 8
37 76
37 105
37 49
37 106
37 14
37 89
37 78
37 43
38 146
38 168
38 163
38 24
38 29
38 37
38 130
38 165
38 84
38 102
38 139
38 154
38 161
38 131
38 46
38 110
38 81
38 58
38 122
38 26
38 135
38 67
38 95
38 111
38 82
38 152
38 153
38 89
38 159
38 132
38 114
38 133
38 164
38 90
38 156
38 112
38 55
38 125
38 17
38 98
38 73
38 56
38 11
38 14
38 123
38 79
38 80
38 99
38 115
38 134
38 43
38 9
38 127
38 158
38 32
38 25
38 45
38 23
39 103
39 168
39 117
39 142
39 153
39 151
39 81
39 110
39 59
39 136
39 114
39 101
39 139
39 73
39 105
39 94
39 4
39 164
39 165
39 74
39 63
39 163
39 5
39 116
39 36
39 21
39 149
39 58
39 38
39 51
39 8
39 120
39 88
39 127
39 14
39 61
39 62
39 162
39 159
39 71
39 15
39 132
39 86
39 122
39 60
39 141
39 68
39 125
39 118
39 113
39 11
40 43
40 45
40 118
40 3
40 102
40 164
40 147
40 1
40 21
40 23
40 156
40 89
40 64
40 84
40 42
40 105
40 111
40 145
40 168
40 7
40 37
40 113
40 120
40 72
40 138
40 51
40 48
40 60
40 153
40 63
40 124
40 46
40 49
40 11
40 154
40 104
40 129
40 31
40 136
40 103
40 13
40 131
40 160
40 26
40 53
40 112
40 41
40 61
40 87
40 98
40 15
40 8
40 150
40 93
40 132
40 52
40 22
41 78
41 93
41 157
41 77
41 50
41 92
41 55
41 150
41 107
41 102
41 110
41 44
41 91
41 120
41 117
41 27
41 61
41 141
41 2
41 69
41 114
41 94
41 68
41 112
41 56
41 59
41 169
41 83
41 57
41 21
41 34
41 147
41 138
41 53
41 100
41 153
41 7
41 137
41 31
41 95
41 98
41 32
41 81
41 128
41 124
41 151
41 10
41 121
42 39
42 99
42 12
42 17
42 93
42 143
42 72
42 162
42 52
42 153
42 106
42 159
42 27
42 62
42 23
42 10
42 30
42 105
42 117
42 71
42 116
42 34
42 125
42 86
42 127
42 142
42 146
42 157
42 109
42 44
42 94
42 101
42 137
42 64
42 66
42 91
42 96
42 155
42 121
42 6
42 29
42 59
42 118
42 166
42 135
42 3
42 7
42 14
42 132
42 112
42 69
42 61
42 134
42 87
43 34
43 117
43 19
43 167
43 122
43 3
43 134
43 137
43 44
43 88
43 81
43 17
43 159
43 141
43 99
43 64
43 163
43 94
43 113
43 75
43 56
43 136
43 91
43 51
43 158
43 41
43 68
43 47
43 7
43 165
43 27
43 142
43 100
43 16
43 168
43 25
43 66
43 152
43 131
43 105
43 13
43 70
43 42
43 63
43 23
43 109
43 107
43 112
43 74
43 101
43 48
43 160
43 95
43 93
43 90
44 117
44 4
44 16
44 126
44 84
44 66
44 36
44 164
44 170
44 9
44 119
44 143
44 162
44 156
44 58
44 159
44 168
44 80
44 74
44 79
44 55
44 130
44 8
44 85
44 111
44 29
44 47
44 158
44 14
44 97
44 34
44 2
44 104
44 135
44 75
44 113
44 102
44 76
44 129
44 19
44 118
44 81
44 112
44 37
44 163
44 71
44 1
45 17
45 69
45 26
45 104
45 61
45 19
45 87
45 161
45 112
45 158
45 24
45 128
45 52
45 135
45 146
45 149
45 95
45 18
45 1
45 12
45 29
45 9
45 39
45 136
45 70
45 58
45 164
45 33
45 125
45 123
45 151
45 79
45 35
45 156
45 64
45 102
45 41
45 73
45 37
45 103
45 169
45 6
45 42
45 4
45 145
45 30
45 32
45 148
45 153
46 157
46 43
46 37
46 39
46 64
46 25
46 61
46 35
46 69
46 134
46 33
46 135
46 58
46 129
46 45
46 90
46 121
46 156
46 32
46 54
46 52
46 128
46 82
46 143
46 123
46 96
46 56
46 104
46 47
46 159
46 100
46 108
46 118
46 150
46 138
46 137
46 117
46 30
46 113
46 94
46 23
46 98
46 170
46 20
46 91
47 95
47 164
47 66
47 36
47 45
47 33
47 168
47 20
47 137
47 151
47 14
47 138
47 55
47 92
47 104
47 154
47 106
47 147
47 49
47 118
47 129
47 63
47 85
47 134
47 166
47 97
47 127
47 110
47 169
47 157
47 13
47 2
47 150
47 51
47 162
47 12
47 126
47 69
47 119
47 59
47 25
47 19
47 115
47 40
47 96
47 80
47 72
47 153
48 138
48 139
48 144
48 39
48 6
48 170
48 160
48 12
48 167
48 105
48 155
48 72
48 121
48 159
48 38
48 5
48 84
48 29
48 119
48 110
48 130
48 101
48 46
48 8
48 73
48 75
48 58
48 85
48 152
48 80
48 136
48 169
48 60
48 88
48 55
48 145
48 164
48 64
48 113
48 36
48 149
48 41
48 53
48 26
48 140
48 102
48 45
48 7
48 129
48 118
49 114
49 107
49 109
49 38
49 105
49 138
49 120
49 133
49 119
49 96
49 159
49 141
49 73
49 160
49 78
49 111
49 83
49 143
49 70
49 7
49 10
49 27
49 150
49 132
49 128
49 126
49 137
49 12
49 165
49 6
49 1
49 80
49 43
49 92
49 23
49 33
49 162
49 18
49 106
49 99
49 53
49 156
49 9
49 85
49 157
49 60
49 42
49 101
49 28
50 67
50 152
50 116
50 133
50 81
50 9
50 139
50 159
50 154
50 132
50 76
50 49
50 47
50 48
50 136
50 157
50 125
50 54
50 60
50 11
50 43
50 27
50 53
50 59
50 73
50 165
50 119
50 33
50 36
50 101
50 170
50 38
50 77
50 93
50 122
50 111
50 83
50 45
50 92
50 22
50 25
50 147
50 145
50 74
50 150
50 124
50 140
50 103
50 123
50 166
50 55
51 96
51 20
51 9
51 33
51 160
51 110
51 62
51 37
51 83
51 81
51 70
51 17
51 84
51 25
51 22
51 107
51 29
51 77
51 99
51 140
51 102
51 92
51 98
51 123
51 142
51 156
51 167
51 133
51 129
51 139
51 152
51 95
51 89
51 52
51 48
51 86
51 168
51 112
51 143
51 106
51 19
51 24
51 149
51 73
51 71
51 134
51 141
51 161
52 72
52 27
52 126
52 17
52 123
52 147
52 73
52 150
52 31
52 88
52 38
52 106
52 5
52 66
52 87
52 95
52 98
52 169
52 35
52 127
52 64
52 67
52 136
52 105
52 33
52 168
52 112
52 74
52 155
52 62
52 125
52 47
52 71
52 146
52 32
52 89
52 8
52 10
52 50
52 25
52 164
52 107
52 138
52 104
52 63
52 85
52 149
52 39
52 119
52 1
52 49
53 44
53 151
53 153
53 110
53 81
53 16
53 9
53 15
53 26
53 117
53 138
53 113
53 34
53 150
53 88
53 167
53 27
53 148
53 154
53 163
53 46
53 130
53 52
53 114
53 133
53 69
53 99
53 8
53 10
53 123
53 116
53 20
53 127
53 166
53 78
53 95
53 112
53 1
53 58
53 152
53 156
53 155
53 43
53 104
53 71
53 85
53 96
53 39
53 86
54 32
54 127
54 152
54 157
54 137
54 59
54 43
54 122
54 140
54 42
54 79
54 114
54 88
54 7
54 128
54 68
54 53
54 34
54 144
54 134
54 110
54 160
54 162
54 44
54 159
54 98
54 82
54 136
54 61
54 31
54 97
54 132
54 126
54 24
54 17
54 10
54 56
54 18
54 107
54 139
54 142
54 146
54 27
54 60
54 135
54 147
54 51
54 166
54 11
55 92
55 2
55 11
55 144
55 152
55 134
55 46
55 81
55 164
55 156
55 39
55 30
55 57
55 49
55 153
55 125
55 36
55 61
55 4
55 120
55 113
55 103
55 75
55 116
55 45
55 68
55 42
55 102
55 52
55 138
55 162
55 111
55 51
55 18
55 143
55 37
55 26
55 17
55 137
55 12
55 159
55 28
55 31
55 24
55 78
55 96
55 115
55 167
55 64
55 158
56 48
56 124
56 13
56 12
56 60
56 138
56 91
56 9
56 146
56 123
56 2
56 3
56 26
56 158
56 29
56 164
56 148
56 66
56 134
56 49
56 155
56 142
56 82
56 32
56 105
56 165
56 154
56 70
56 62
56 84
56 132
56 72
56 34
56 133
56 53
56 141
56 5
56 120
56 136
56 99
56 37
56 74
56 6
56 36
56 55
56 25
56 42
56 20
56 92
56 102
57 148
57 165
57 161
57 54
57 28
57 56
57 48
57 16
57 150
57 14
57 157
57 61
57 27
57 72
57 33
57 93
57 74
57 19
57 20
57 139
57 29
57 94
57 134
57 65
57 166
57 90
57 3
57 62
57 2
57 78
57 38
57 81
57 124
57 42
57 153
57 40
57 51
57 149
57 21
57 25
57 44
57 60
57 106
57 96
57 13
57 164
58 68
58 32
58 158
58 70
58 54
58 5
58 52
58 73
58 36
58 122
58 24
58 112
58 34
58 35
58 118
58 20
58 40
58 72
58 139
58 83
58 100
58 106
58 162
58 116
58 11
58 71
58 129
58 111
58 21
58 78
58 49
58 63
58 3
58 163
58 124
58 134
58 37
58 65
58 150
58 168
58 157
58 140
58 88
58 47
58 74
58 66
58 86
58 135
58 169
58 110
58 141
58 170
58 55
59 113
59 99
59 55
59 26
59 141
59 1
59 123
59 58
59 170
59 48
59 120
59 168
59 25
59 67
59 14
59 76
59 62
59 53
59 152
59 94
59 35
59 43
59 110
59 119
59 71
59 92
59 121
59 144
59 86
59 162
59 19
59 82
59 9
59 155
59 104
59 111
59 31
59 60
59 109
59 73
59 52
59 140
59 32
59 151
59 75
59 5
59 117
59 80
60 61
60 96
60 120
60 8
60 126
60 114
60 2
60 21
60 36
60 18
60 1
60 166
60 111
60 92
60 27
60 117
60 28
60 47
60 66
60 80
60 109
60 106
60 170
60 155
60 150
60 10
60 6
60 55
60 139
60 52
60 163
60 26
60 165
60 137
60 25
60 84
60 35
60 138
60 90
60 86
60 89
60 37
60 22
60 11
60 73
60 14
61 156
61 124
61 35
61 23
61 47
61 4
61 67
61 134
61 51
61 131
61 1
61 82
61 50
61 10
61 24
61 53
61 112
61 130
61 153
61 72
61 154
61 121
61 91
61 107
61 115
61 44
61 138
61 31
61 116
61 25
61 110
61 100
61 79
61 103
61 152
61 123
61 21
61 15
61 96
61 28
61 161
61 48
61 166
61 49
61 3
61 77
61 163
61 167
61 85
61 20
61 142
61 81
61 157
61 135
61 140
61 122
61 88
61 86
61 73
62 152
62 7
62 158
62 61
62 94
62 63
62 16
62 40
62 2
62 88
62 47
62 83
62 24
62 112
62 19
62 97
62 44
62 90
62 122
62 149
62 95
62 153
62 121
62 79
62 46
62 82
62 128
62 101
62 80
62 132
62 137
62 104
62 17
62 38
62 110
62 133
62 74
62 127
62 99
62 28
62 64
62 66
62 162
62 91
62 50
62 23
62 65
63 159
63 170
63 155
63 53
63 67
63 30
63 83
63 20
63 19
63 13
63 105
63 10
63 103
63 88
63 36
63 55
63 104
63 22
63 99
63 158
63 7
63 11
63 110
63 85
63 152
63 108
63 119
63 149
63 148
63 26
63 90
63 82
63 101
63 42
63 122
63 16
63 165
63 143
63 133
63 144
63 54
63 69
63 120
63 24
63 38
63 128
63 74
63 94
63 49
63 100
63 2
63 12
63 162
63 41
64 143
64 90
64 111
64 140
64 27
64 77
64 32
64 154
64 60
64 24
64 139
64 30
64 106
64 162
64 81
64 56
64 74
64 58
64 26
64 156
64 12
64 39
64 152
64 35
64 148
64 68
64 150
64 63
64 161
64 101
64 23
64 97
64 54
64 18
64 41
64 20
64 94
64 135
64 70
64 151
64 98
64 10
64 47
64 44
64 141
64 86
65 87
65 72
65 128
65 45
65 73
65 49
65 110
65 86
65 69
65 135
65 70
65 164
65 22
65 147
65 3
65 114
65 134
65 64
65 48
65 71
65 80
65 52
65 102
65 28
65 38
65 124
65 79
65 56
65 92
65 15
65 66
65 75
65 41
65 74
65 55
65 18
65 50
65 104
65 26
65 170
65 21
65 126
65 151
65 160
65 39
65 44
65 122
65 139
65 162
65 130
66 77
66 136
66 102
66 137
66 169
66 109
66 57
66 121
66 74
66 27
66 51
66 3
66 106
66 5
66 8
66 86
66 126
66 7
66 131
66 158
66 30
66 41
66 61
66 49
66 115
66 20
66 160
66 28
66 13
66 130
66 156
66 70
66 38
66 12
66 148
66 117
66 133
66 45
66 166
66 29
66 122
66 67
66 114
66 116
66 132
66 124
66 23
66 167
66 159
66 99
67 64
67 34
67 17
67 21
67 62
67 42
67 148
67 85
67 145
67 89
67 36
67 149
67 12
67 159
67 161
67 41
67 7
67 119
67 101
67 96
67 77
67 147
67 74
67 4
67 104
67 51
67 72
67 95
67 165
67 47
67 111
67 48
67 91
67 58
67 54
67 125
67 60
67 23
67 75
67 160
67 78
67 46
67 94
67 117
67 112
67 138
67 13
67 135
67 71
67 102
67 86
67 92
68 132
68 62
68 78
68 20
68 126
68 53
68 152
68 30
68 6
68 94
68 99
68 61
68 8
68 170
68 52
68 27
68 18
68 157
68 161
68 44
68 108
68 121
68 143
68 48
68 154
68 130
68 87
68 141
68 51
68 151
68 146
68 60
68 34
68 131
68 89
68 90
68 105
68 138
68 140
68 1
68 104
68 35
68 65
68 28
68 100
68 21
68 116
68 57
68 83
68 25
69 8
69 40
69 150
69 83
69 38
69 5
69 136
69 70
69 147
69 138
69 61
69 103
69 62
69 111
69 125
69 116
69 67
69 54
69 35
69 134
69 98
69 22
69 119
69 142
69 34
69 148
69 77
69 114
69 104
69 140
69 112
69 21
69 131
69 115
69 101
69 106
69 3
69 165
69 72
69 145
69 71
69 93
69 44
69 56
69 51
69 152
69 31
69 123
70 71
70 67
70 100
70 21
70 125
70 22
70 30
70 166
70 114
70 115
70 164
70 101
70 23
70 47
70 158
70 163
70 128
70 38
70 68
70 48
70 95
70 60
70 53
70 160
70 139
70 28
70 154
70 168
70 86
70 132
70 113
70 142
70 146
70 90
70 165
70 87
70 84
70 7
70 73
70 29
70 9
70 110
70 8
70 63
70 151
70 144
71 118
71 141
71 78
71 73
71 144
71 87
71 31
71 66
71 120
71 12
71 29
71 41
71 9
71 151
71 37
71 148
71 119
71 62
71 35
71 98
71 117
71 17
71 43
71 85
71 126
71 45
71 122
71 48
71 114
71 14
71 57
71 155
71 55
71 124
71 83
71 6
71 56
71 106
71 93
71 110
71 159
71 15
71 49
71 40
71 111
71 158
71 75
71 130
71 132
71 61
71 129
71 100
71 154
72 76
72 93
72 155
72 125
72 105
72 119
72 12
72 74
72 154
72 63
72 75
72 129
72 117
72 16
72 51
72 136
72 34
72 152
72 1
72 89
72 64
72 108
72 32
72 70
72 82
72 97
72 78
72 4
72 31
72 53
72 149
72 79
72 167
72 62
72 88
72 101
72 148
72 146
72 145
72 106
72 29
72 132
72 7
72 71
72 123
72 139
72 130
72 35
72 55
72 164
72 28
72 46
72 9
72 126
72 153
72 163
72 13
73 37
73 80
73 151
73 167
73 131
73 84
73 169
73 145
73 149
73 108
73 30
73 12
73 141
73 127
73 18
73 83
73 103
73 139
73 1
73 116
73 165
73 4
73 158
73 118
73 99
73 166
73 122
73 129
73 89
73 146
73 95
73 88
73 82
73 142
73 132
73 163
73 14
73 29
73 168
73 64
73 130
73 47
73 157
73 63
73 62
73 66
73 69
73 57
73 42
73 126
73 13
74 12
74 147
74 114
74 27
74 121
74 102
74 145
74 111
74 93
74 47
74 71
74 128
74 46
74 77
74 26
74 75
74 83
74 10
74 13
74 78
74 61
74 149
74 28
74 157
74 144
74 136
74 170
74 135
74 112
74 118
74 68
74 166
74 42
74 33
74 143
74 73
74 91
74 40
74 133
74 7
74 137
74 69
74 119
74 54
74 160
74 25
74 49
74 36
74 96
74 113
75 53
75 30
75 110
75 79
75 127
75 167
75 104
75 66
75 62
75 134
75 76
75 46
75 102
75 113
75 126
75 39
75 54
75 164
75 132
75 150
75 89
75 15
75 20
75 31
75 82
75 115
75 28
75 108
75 129
75 99
75 87
75 159
75 135
75 1
75 140
75 166
75 146
75 22
75 61
75 143
75 142
75 52
75 4
75 162
75 51
75 128
75 13
76 165
76 150
76 128
76 119
76 61
76 122
76 63
76 4
76 1
76 80
76 109
76 71
76 135
76 84
76 21
76 166
76 83
76 113
76 100
76 149
76 168
76 62
76 103
76 47
76 140
76 79
76 16
76 158
76 68
76 23
76 30
76 95
76 58
76 130
76 20
76 54
76 70
76 52
76 18
76 157
76 156
76 159
76 148
76 57
76 89
76 65
76 134
76 138
76 93
76 96
76 45
77 126
77 101
77 31
77 115
77 164
77 134
77 153
77 116
77 160
77 96
77 26
77 122
77 42
77 162
77 15
77 35
77 155
77 54
77 48
77 118
77 111
77 136
77 34
77 57
77 88
77 152
77 158
77 127
77 10
77 62
77 147
77 94
77 43
77 45
77 22
77 109
77 70
77 87
77 112
77 120
77 128
77 18
77 65
77 75
77 55
77 140
77 24
77 106
77 97
77 16
78 10
78 59
78 142
78 114
78 13
78 34
78 131
78 75
78 26
78 61
78 156
78 165
78 91
78 136
78 11
78 102
78 44
78 70
78 116
78 168
78 4
78 170
78 80
78 86
78 120
78 47
78 146
78 23
78 22
78 163
78 1
78 118
78 160
78 93
78 107
78 50
78 12
78 18
78 66
78 158
78 90
78 56
78 87
78 9
78 140
78 169
79 60
79 47
79 20
79 87
79 18
79 101
79 116
79 43
79 145
79 167
79 142
79 5
79 40
79 135
79 91
79 68
79 137
79 52
79 105
79 130
79 107
79 32
79 149
79 154
79 49
79 86
79 36
79 126
79 111
79 56
79 53
79 100
79 104
79 7
79 152
79 69
79 34
79 77
79 132
79 30
79 118
79 131
79 80
79 93
79 124
79 150
79 9
79 98
79 41
79 71
79 31
79 169
80 164
80 17
80 157
80 166
80 133
80 9
80 69
80 106
80 43
80 135
80 12
80 11
80 81
80 160
80 134
80 115
80 66
80 165
80 41
80 4
80 143
80 137
80 131
80 64
80 93
80 6
80 55
80 100
80 58
80 32
80 110
80 129
80 54
80 22
80 109
80 122
80 90
80 42
80 5
80 84
80 70
80 158
80 113
80 163
80 63
80 126
80 31
80 1
80 52
80 116
80 16
80 104
81 21
81 60
81 117
81 45
81 132
81 146
81 67
81 33
81 30
81 87
81 63
81 56
81 4
81 77
81 54
81 97
81 52
81 107
81 15
81 92
81 121
81 152
81 40
81 7
81 131
81 119
81 5
81 23
81 11
81 12
81 13
81 105
81 139
81 144
81 162
81 111
81 100
81 124
81 153
81 160
81 76
81 103
81 167
81 125
81 102
81 166
81 122
81 69
81 150
82 131
82 113
82 67
82 111
82 5
82 138
82 33
82 10
82 78
82 36
82 146
82 16
82 162
82 116
82 158
82 76
82 23
82 98
82 48
82 31
82 57
82 161
82 49
82 9
82 81
82 139
82 118
82 58
82 80
82 142
82 125
82 42
82 126
82 123
82 50
82 115
82 30
82 68
82 83
82 69
82 66
83 6
83 92
83 35
83 72
83 37
83 170
83 4
83 43
83 36
83 54
83 60
83 39
83 30
83 115
83 42
83 29
83 59
83 8
83 103
83 125
83 86
83 64
83 157
83 151
83 132
83 168
83 93
83 138
83 133
83 10
83 87
83 91
83 3
83 11
83 102
83 75
83 27
83 165
83 1
83 88
83 33
83 13
83 107
83 99
83 70
83 53
83 46
83 61
83 56
83 26
83 101
83 52
83 110
84 82
84 157
84 137
84 148
84 71
84 49
84 23
84 97
84 36
84 109
84 41
84 47
84 131
84 66
84 156
84 37
84 75
84 43
84 27
84 120
84 58
84 3
84 8
84 83
84 68
84 69
84 100
84 95
84 87
84 112
84 42
84 12
84 168
84 118
84 54
84 63
84 104
84 134
84 108
84 67
84 39
84 119
84 127
84 21
84 45
84 2
84 146
84 52
84 147
84 25
84 10
84 142
84 150
85 140
85 147
85 41
85 22
85 81
85 126
85 46
85 121
85 105
85 114
85 60
85 77
85 86
85 27
85 94
85 164
85 51
85 142
85 170
85 87
85 38
85 19
85 4
85 163
85 33
85 43
85 161
85 136
85 58
85 155
85 62
85 40
85 72
85 119
85 7
85 169
85 20
85 109
85 115
85 137
85 124
85 36
85 143
85 74
85 83
85 13
85 112
85 30
85 90
85 80
86 97
86 38
86 57
86 5
86 49
86 82
86 151
86 111
86 25
86 125
86 11
86 159
86 115
86 130
86 120
86 170
86 96
86 93
86 63
86 56
86 165
86 128
86 152
86 104
86 88
86 4
86 135
86 94
86 69
86 122
86 142
86 50
86 41
86 21
86 140
86 150
86 92
86 134
86 40
86 90
86 76
86 87
86 44
86 167
86 37
86 99
86 148
86 117
86 160
86 46
86 75
86 17
86 154
86 55
87 163
87 109
87 38
87 105
87 97
87 121
87 10
87 118
87 148
87 147
87 53
87 58
87 102
87 146
87 94
87 80
87 108
87 124
87 169
87 141
87 23
87 136
87 47
87 48
87 41
87 132
87 56
87 144
87 153
87 6
87 21
87 123
87 31
87 27
87 50
87 43
87 114
87 133
87 82
87 60
87 61
87 55
87 51
87 9
87 129
87 13
87 2
88 18
88 13
88 156
88 146
88 107
88 47
88 93
88 80
88 42
88 65
88 21
88 74
88 149
88 115
88 35
88 56
88 163
88 165
88 22
88 82
88 36
88 105
88 126
88 103
88 70
88 55
88 46
88 130
88 20
88 50
88 67
88 111
88 12
88 102
88 24
88 144
88 92
88 15
88 38
88 76
88 66
88 112
88 138
88 139
88 135
88 114
88 71
88 155
89 169
89 49
89 110
89 92
89 121
89 168
89 81
89 83
89 101
89 105
89 39
89 113
89 6
89 2
89 53
89 170
89 167
89 98
89 160
89 21
89 140
89 94
89 87
89 158
89 142
89 147
89 32
89 135
89 165
89 27
89 47
89 106
89 17
89 22
89 148
89 111
89 48
89 74
89 114
89 43
89 102
89 82
89 166
89 86
89 57
89 132
89 143
89 65
89 26
89 42
89 33
90 3
90 165
90 125
90 115
90 153
90 170
90 55
90 48
90 29
90 72
90 166
90 19
90 75
90 145
90 89
90 76
90 138
90 4
90 8
90 103
90 104
90 139
90 71
90 147
90 156
90 155
90 11
90 129
90 66
90 144
90 121
90 148
90 73
90 150
90 102
90 40
90 123
90 28
90 59
90 128
90 65
90 92
90 124
90 31
90 5
90 77
90 158
90 91
90 44
90 146
90 37
91 65
91 58
91 82
91 77
91 108
91 23
91 2
91 81
91 112
91 49
91 22
91 97
91 139
91 13
91 102
91 44
91 72
91 26
91 137
91 68
91 161
91 54
91 50
91 138
91 60
91 89
91 147
91 55
91 129
91 63
91 69
91 115
91 4
91 130
91 105
91 132
91 98
91 93
91 59
91 73
91 127
91 64
91 40
91 140
91 156
91 1
91 19
91 126
91 35
91 163
91 66
91 34
91 158
91 86
91 24
91 164
92 142
92 69
92 111
92 33
92 139
92 93
92 1
92 64
92 78
92 6
92 101
92 11
92 117
92 80
92 3
92 23
92 134
92 31
92 159
92 129
92 13
92 57
92 37
92 72
92 170
92 102
92 138
92 151
92 118
92 48
92 42
92 128
92 79
92 94
92 52
92 120
92 45
92 16
92 39
92 165
92 169
92 140
92 21
92 130
92 161
92 144
92 25
92 18
92 150
93 75
93 65
93 85
93 23
93 1
93 67
93 10
93 138
93 89
93 122
93 62
93 53
93 21
93 39
93 96
93 70
93 56
93 31
93 84
93 4
93 149
93 157
93 128
93 55
93 117
93 60
93 95
93 59
93 153
93 155
93 156
93 63
93 7
93 113
93 66
93 161
93 77
93 168
93 38
93 94
93 28
93 30
93 133
93 108
93 114
93 5
93 98
93 130
94 137
94 157
94 51
94 79
94 127
94 129
94 33
94 53
94 147
94 142
94 167
94 98
94 96
94 52
94 84
94 141
94 107
94 148
94 27
94 22
94 169
94 25
94 138
94 82
94 108
94 71
94 44
94 170
94 152
94 132
94 21
94 38
94 83
94 124
94 159
94 50
94 109
94 58
94 144
94 15
94 75
94 164
94 106
94 156
94 158
94 40
94 99
94 49
95 81
95 126
95 19
95 74
95 42
95 114
95 78
95 131
95 77
95 99
95 44
95 28
95 10
95 13
95 69
95 72
95 32
95 147
95 102
95 92
95 86
95 145
95 40
95 100
95 48
95 169
95 107
95 90
95 56
95 168
95 130
95 151
95 153
95 1
95 31
95 137
95 27
95 9
95 11
95 155
95 113
95 121
95 5
95 106
95 103
95 115
95 39
95 25
95 129
95 30
95 140
95 150
95 89
96 63
96 81
96 21
96 65
96 72
96 166
96 56
96 117
96 30
96 85
96 33
96 39
96 124
96 121
96 78
96 162
96 69
96 36
96 113
96 7
96 29
96 125
96 107
96 68
96 41
96 3
96 88
96 40
96 43
96 167
96 18
96 6
96 5
96 108
96 158
96 126
96 105
96 83
96 15
96 155
96 95
96 75
96 22
96 112
96 79
96 127
96 141
96 4
96 73
96 34
96 87
96 64
96 140
96 114
96 14
97 16
97 17
97 155
97 131
97 83
97 71
97 41
97 134
97 168
97 152
97 73
97 89
97 111
97 141
97 85
97 100
97 65
97 37
97 67
97 8
97 170
97 25
97 95
97 80
97 93
97 24
97 66
97 148
97 35
97 107
97 119
97 42
97 5
97 129
97 75
97 61
97 26
97 76
97 46
97 104
97 45
97 13
97 63
97 51
97 146
97 154
97 55
97 50
97 122
97 74
97 92
97 106
97 153
97 94
97 11
98 49
98 104
98 50
98 132
98 123
98 116
98 44
98 102
98 161
98 77
98 1
98 73
98 86
98 97
98 140
98 70
98 118
98 68
98 121
98 130
98 88
98 35
98 135
98 5
98 169
98 164
98 170
98 165
98 153
98 156
98 42
98 125
98 162
98 58
98 75
98 27
98 28
98 74
98 18
98 87
98 34
98 48
98 109
98 124
98 96
98 155
98 151
98 57
98 81
98 24
98 84
98 6
98 131
99 55
99 78
99 76
99 153
99 167
99 52
99 61
99 141
99 124
99 168
99 72
99 119
99 64
99 47
99 102
99 169
99 45
99 133
99 147
99 158
99 60
99 155
99 109
99 137
99 71
99 54
99 48
99 145
99 50
99 46
99 143
99 98
99 130
99 132
99 28
99 17
99 24
99 39
99 161
99 151
99 82
99 16
99 164
99 44
99 166
99 58
99 148
99 33
99 97
99 107
100 23
100 142
100 111
100 132
100 37
100 32
100 11
100 94
100 51
100 38
100 150
100 106
100 55
100 92
100 98
100 42
100 59
100 166
100 31
100 130
100 96
100 39
100 90
100 62
100 56
100 19
100 12
100 169
100 15
100 5
100 141
100 145
100 34
100 118
100 86
100 65
100 161
100 50
100 82
100 40
100 1
100 21
100 85
100 112
100 77
100 73
100 3
100 91
100 93
100 67
100 102
100 128
100 28
100 159
100 99
100 44
101 22
101 98
101 40
101 146
101 151
101 41
101 132
101 33
101 23
101 24
101 51
101 100
101 130
101 93
101 114
101 148
101 53
101 32
101 163
101 76
101 38
101 19
101 65
101 123
101 85
101 142
101 74
101 168
101 66
101 6
101 78
101 170
101 12
101 75
101 16
101 135
101 10
101 166
101 68
101 35
101 18
101 73
101 52
101 60
102 112
102 96
102 47
102 156
102 144
102 104
102 14
102 15
102 33
102 167
102 68
102 155
102 111
102 61
102 119
102 71
102 97
102 43
102 101
102 76
102 105
102 34
102 39
102 19
102 23
102 9
102 49
102 141
102 145
102 37
102 117
102 50
102 86
102 80
102 79
102 157
102 143
102 133
102 130
102 108
102 2
102 158
102 127
102 54
102 154
102 126
102 1
102 10
102 138
102 7
102 31
103 141
103 126
103 30
103 32
103 166
103 80
103 36
103 57
103 1
103 146
103 98
103 42
103 134
103 86
103 132
103 82
103 104
103 101
103 156
103 97
103 26
103 77
103 34
103 167
103 2
103 66
103 60
103 15
103 44
103 99
103 91
103 109
103 53
103 110
103 114
103 160
103 92
103 137
103 100
103 96
103 124
103 9
103 20
103 138
103 163
103 18
103 41
103 54
103 68
103 3
103 117
103 84
103 5
103 159
104 38
104 101
104 39
104 155
104 74
104 51
104 55
104 35
104 72
104 160
104 41
104 100
104 105
104 5
104 137
104 77
104 70
104 158
104 135
104 156
104 162
104 116
104 88
104 3
104 49
104 8
104 99
104 115
104 95
104 48
104 60
104 152
104 113
104 11
104 157
104 91
104 146
104 142
104 14
104 2
104 148
104 32
104 123
104 107
104 31
104 143
104 73
104 81
104 131
104 161
104 166
104 93
104 133
104 61
104 20
105 111
105 69
105 45
105 8
105 94
105 86
105 95
105 140
105 131
105 38
105 13
105 34
105 67
105 125
105 22
105 19
105 113
105 159
105 62
105 77
105 148
105 3
105 153
105 46
105 35
105 136
105 149
105 65
105 21
105 130
105 32
105 152
105 57
105 1
105 31
105 60
105 158
105 28
105 156
105 133
105 132
105 11
105 84
105 98
105 61
105 33
105 120
105 29
105 17
105 75
105 6
106 40
106 161
106 116
106 9
106 38
106 7
106 21
106 35
106 31
106 168
106 68
106 104
106 24
106 124
106 45
106 114
106 127
106 82
106 8
106 50
106 167
106 27
106 29
106 76
106 4
106 20
106 139
106 18
106 99
106 56
106 160
106 84
106 73
106 63
106 125
106 115
106 34
106 41
106 1
106 14
106 107
106 109
106 93
106 132
106 5
106 128
106 44
106 98
106 33
106 90
106 17
107 102
107 89
107 60
107 100
107 59
107 33
107 167
107 162
107 148
107 55
107 14
107 21
107 85
107 77
107 22
107 110
107 44
107 19
107 32
107 76
107 126
107 136
107 84
107 71
107 112
107 47
107 165
107 147
107 53
107 39
107 40
107 68
107 123
107 4
107 10
107 5
107 103
107 35
107 128
107 80
107 105
107 16
107 75
107 158
107 72
107 50
107 8
107 63
107 66
108 79
108 127
108 43
108 168
108 128
108 98
108 158
108 52
108 76
108 11
108 24
108 141
108 85
108 133
108 100
108 95
108 8
108 14
108 40
108 41
108 47
108 17
108 42
108 89
108 81
108 97
108 170
108 48
108 86
108 66
108 160
108 164
108 99
108 121
108 50
108 161
108 119
108 148
108 61
108 34
108 39
108 159
108 80
108 143
108 44
108 13
108 134
108 111
108 28
108 59
108 104
108 51
108 139
108 45
109 167
109 78
109 164
109 12
109 135
109 52
109 16
109 39
109 38
109 153
109 30
109 108
109 83
109 95
109 137
109 127
109 141
109 90
109 3
109 50
109 17
109 104
109 97
109 19
109 119
109 124
109 107
109 146
109 138
109 130
109 163
109 92
109 89
109 58
109 100
109 131
109 53
109 151
109 158
109 79
109 64
109 161
109 45
109 129
109 144
109 169
109 101
110 134
110 33
110 20
110 104
110 78
110 68
110 1
110 145
110 19
110 97
110 21
110 122
110 143
110 105
110 82
110 94
110 151
110 154
110 88
110 144
110 116
110 170
110 147
110 130
110 42
110 108
110 15
110 136
110 91
110 8
110 87
110 44
110 139
110 52
110 27
110 112
110 18
110 137
110 117
110 169
110 164
110 124
110 113
110 155
110 109
110 90
110 7
110 152
110 158
111 109
111 140
111 70
111 151
111 121
111 41
111 68
111 95
111 37
111 65
111 73
111 14
111 91
111 78
111 29
111 5
111 118
111 162
111 132
111 96
111 35
111 164
111 129
111 39
111 10
111 48
111 143
111 33
111 61
111 123
111 2
111 131
111 114
111 6
111 130
111 52
111 85
111 66
111 161
111 76
111 170
111 98
111 154
111 22
111 51
111 93
111 23
111 136
111 134
111 84
111 4
111 145
111 54
111 72
112 4
112 70
112 158
112 47
112 115
112 32
112 142
112 92
112 161
112 151
112 26
112 30
112 15
112 79
112 118
112 68
112 75
112 8
112 104
112 9
112 17
112 169
112 159
112 105
112 46
112 95
112 109
112 131
112 138
112 59
112 89
112 14
112 157
112 166
112 56
112 64
112 106
112 167
112 16
112 50
112 152
112 22
112 19
112 132
112 97
112 28
112 54
112 81
112 66
112 160
112 156
112 94
112 117
112 49
112 99
112 146
112 72
113 15
113 8
113 28
113 4
113 145
113 77
113 13
113 56
113 144
113 170
113 135
113 148
113 14
113 169
113 92
113 119
113 85
113 116
113 32
113 72
113 47
113 151
113 106
113 100
113 128
113 86
113 83
113 121
113 7
113 22
113 62
113 20
113 152
113 98
113 165
113 124
113 50
113 73
113 109
113 61
113 84
113 103
113 67
113 79
113 3
113 97
113 57
113 112
113 25
113 149
113 58
113 38
113 1
113 52
113 153
114 162
114 123
114 168
114 43
114 11
114 68
114 105
114 156
114 24
114 9
114 122
114 42
114 1
114 138
114 77
114 26
114 91
114 80
114 45
114 163
114 98
114 108
114 35
114 81
114 55
114 134
114 32
114 154
114 142
114 146
114 99
114 129
114 124
114 72
114 61
114 10
114 17
114 112
114 75
114 140
114 13
114 27
114 126
114 20
114 141
114 73
114 151
114 76
114 127
114 19
114 22
115 29
115 103
115 73
115 84
115 56
115 142
115 136
115 46
115 11
115 43
115 113
115 2
115 62
115 139
115 65
115 109
115 98
115 119
115 6
115 64
115 87
115 145
115 32
115 114
115 169
115 134
115 138
115 99
115 26
115 164
115 78
115 51
115 96
115 53
115 108
115 93
115 130
115 67
115 72
115 24
115 5
115 63
115 111
115 89
115 7
115 28
115 129
115 4
115 34
115 71
115 132
115 131
115 58
116 136
116 129
116 38
116 84
116 41
116 112
116 70
116 108
116 19
116 17
116 81
116 1
116 153
116 94
116 11
116 76
116 100
116 96
116 145
116 95
116 31
116 23
116 63
116 18
116 74
116 16
116 119
116 45
116 155
116 35
116 27
116 57
116 65
116 169
116 52
116 152
116 111
116 44
116 48
116 62
116 139
116 150
116 86
116 103
116 90
116 102
116 122
116 59
116 30
117 50
117 18
117 3
117 114
117 156
117 154
117 109
117 101
117 165
117 38
117 90
117 94
117 5
117 37
117 149
117 113
117 163
117 40
117 87
117 70
117 106
117 135
117 83
117 111
117 4
117 23
117 58
117 97
117 122
117 47
117 22
117 45
117 6
117 116
117 128
117 88
117 140
117 123
117 146
117 14
117 84
117 34
117 85
117 13
117 33
117 168
117 119
117 138
117 167
118 122
118 101
118 127
118 125
118 41
118 50
118 28
118 154
118 35
118 5
118 126
118 159
118 133
118 56
118 25
118 103
118 51
118 60
118 117
118 63
118 128
118 161
118 120
118 52
118 75
118 114
118 140
118 138
118 108
118 97
118 9
118 30
118 148
118 88
118 20
118 61
118 113
118 54
118 80
118 43
118 102
118 107
118 45
118 57
118 38
118 69
118 153
118 53
118 31
118 24
119 144
119 88
119 29
119 155
119 11
119 96
119 17
119 65
119 160
119 53
119 170
119 30
119 91
119 105
119 75
119 86
119 137
119 34
119 46
119 92
119 128
119 64
119 169
119 73
119 112
119 6
119 58
119 154
119 28
119 132
119 82
119 111
119 168
119 27
119 147
119 10
119 57
119 26
119 145
119 103
119 22
119 94
119 106
119 21
119 23
119 43
119 70
119 104
119 7
119 135
119 101
119 40
119 159
120 151
120 107
120 136
120 133
120 62
120 20
120 90
120 6
120 53
120 67
120 139
120 11
120 104
120 164
120 76
120 45
120 83
120 5
120 28
120 97
120 159
120 72
120 33
120 80
120 144
120 73
120 31
120 160
120 98
120 165
120 61
120 52
120 166
120 115
120 131
120 147
120 93
120 122
120 43
120 121
120 85
120 65
120 48
120 128
120 154
120 38
120 150
120 170
120 109
121 107
121 72
121 64
121 79
121 127
121 133
121 75
121 37
121 1
121 160
121 165
121 148
121 147
121 6
121 112
121 139
121 135
121 27
121 65
121 114
121 16
121 43
121 29
121 40
121 170
121 30
121 93
121 20
121 103
121 126
121 80
121 144
121 149
121 14
121 9
121 92
121 53
121 136
121 67
121 132
121 76
121 23
121 28
121 169
121 63
122 46
122 5
122 160
122 35
122 42
122 112
122 52
122 29
122 154
122 132
122 8
122 30
122 131
122 19
122 70
122 7
122 87
122 13
122 74
122 84
122 166
122 59
122 48
122 161
122 107
122 153
122 141
122 108
122 148
122 126
122 137
122 22
122 91
122 37
122 4
122 92
122 140
122 96
122 99
122 113
122 136
122 139
122 36
122 90
122 17
122 164
122 111
122 104
122 98
122 40
122 135
123 57
123 60
123 74
123 58
123 144
123 29
123 91
123 122
123 154
123 30
123 155
123 115
123 40
123 112
123 8
123 33
123 5
123 37
123 143
123 83
123 39
123 71
123 19
123 48
123 88
123 89
123 146
123 97
123 68
123 66
123 168
123 133
123 132
123 169
123 4
123 84
123 64
123 86
123 135
123 118
123 147
123 110
123 63
123 102
123 78
123 73
123 129
123 120
123 62
123 137
123 105
123 79
124 14
124 4
124 122
124 60
124 11
124 118
124 68
124 19
124 21
124 92
124 10
124 52
124 3
124 121
124 23
124 112
124 130
124 117
124 115
124 93
124 59
124 89
124 133
124 70
124 45
124 119
124 6
124 38
124 76
124 77
124 144
124 161
124 80
124 15
124 28
124 29
124 54
124 84
124 120
124 107
124 104
124 27
124 105
124 22
124 125
124 62
124 34
124 116
124 48
124 146
124 164
124 95
125 127
125 74
125 10
125 164
125 37
125 78
125 113
125 84
125 58
125 14
125 87
125 48
125 53
125 108
125 85
125 155
125 7
125 76
125 6
125 29
125 158
125 66
125 133
125 17
125 100
125 32
125 77
125 44
125 146
125 116
125 143
125 24
125 31
125 60
125 21
125 162
125 119
125 43
125 30
125 19
125 73
125 121
125 99
125 123
125 152
125 80
125 136
125 61
125 41
125 95
125 46
125 35
126 160
126 115
126 139
126 123
126 99
126 145
126 32
126 111
126 168
126 76
126 43
126 84
126 165
126 113
126 70
126 28
126 56
126 152
126 63
126 119
126 25
126 140
126 7
126 97
126 104
126 19
126 94
126 26
126 45
126 98
126 129
126 147
126 46
126 34
126 149
126 124
126 100
126 15
126 61
126 120
126 16
126 167
126 128
126 83
126 142
126 27
126 116
126 20
126 101
126 138
127 27
127 6
127 76
127 111
127 124
127 57
127 17
127 32
127 81
127 148
127 137
127 154
127 61
127 151
127 86
127 58
127 117
127 157
127 66
127 41
127 79
127 56
127 44
127 33
127 9
127 170
127 64
127 163
127 70
127 136
127 112
127 78
127 122
127 115
127 166
127 69
127 29
127 103
127 90
127 169
127 92
127 98
127 116
127 83
127 143
127 105
127 74
127 10
127 113
127 100
127 88
128 98
128 99
128 125
128 96
128 91
128 16
128 122
128 5
128 34
128 21
128 78
128 43
128 94
128 110
128 69
128 67
128 124
128 153
128 42
128 97
128 85
128 15
128 82
128 156
128 30
128 2
128 72
128 68
128 7
128 56
128 147
128 162
128 160
128 127
128 38
128 170
128 79
128 136
128 102
128 53
128 60
128 80
128 140
128 114
128 83
128 105
128 59
128 40
128 23
128 36
128 3
128 151
128 157
129 89
129 106
129 144
129 37
129 16
129 10
129 82
129 164
129 78
129 8
129 99
129 104
129 100
129 74
129 85
129 142
129 112
129 60
129 135
129 77
129 149
129 127
129 156
129 32
129 4
129 108
129 118
129 121
129 67
129 55
129 62
129 19
129 161
129 113
129 50
129 103
129 6
129 147
129 130
129 42
129 18
129 141
129 133
129 157
129 33
129 96
129 79
129 43
130 1
130 69
130 90
130 77
130 57
130 89
130 112
130 103
130 151
130 113
130 152
130 131
130 28
130 149
130 139
130 127
130 59
130 18
130 54
130 142
130 94
130 158
130 37
130 39
130 64
130 16
130 24
130 167
130 120
130 145
130 125
130 128
130 148
130 144
130 50
130 40
130 157
130 85
130 10
130 47
130 107
130 123
130 6
130 104
130 147
130 146
130 60
130 67
130 43
130 62
131 83
131 25
131 129
131 33
131 125
131 151
131 59
131 37
131 36
131 127
131 7
131 12
131 76
131 85
131 166
131 45
131 21
131 136
131 110
131 100
131 126
131 134
131 113
131 74
131 2
131 49
131 44
131 60
131 41
131 116
131 9
131 72
131 67
131 149
131 23
131 77
131 169
131 160
131 147
131 132
131 106
131 154
131 86
131 119
131 18
131 57
131 20
131 35
131 128
131 93
131 117
132 41
132 63
132 107
132 36
132 157
132 117
132 14
132 6
132 8
132 90
132 118
132 24
132 148
132 17
132 58
132 55
132 92
132 48
132 20
132 33
132 43
132 7
132 86
132 95
132 151
132 57
132 141
132 166
132 9
132 64
132 153
132 163
132 162
132 130
132 25
132 110
132 13
132 27
132 12
132 120
132 88
132 143
132 97
132 152
132 16
132 11
132 84
132 26
132 35
132 47
132 85
132 139
132 32
132 167
133 155
133 24
133 10
133 106
133 15
133 67
133 145
133 19
133 12
133 11
133 17
133 23
133 131
133 43
133 111
133 2
133 166
133 71
133 42
133 130
133 65
133 165
133 84
133 72
133 54
133 36
133 157
133 115
133 22
133 94
133 152
133 128
133 29
133 55
133 1
133 5
133 96
133 89
133 98
133 78
133 90
133 97
133 113
133 44
133 48
133 61
133 100
133 32
133 52
133 164
133 77
134 99
134 16
134 59
134 87
134 153
134 64
134 90
134 34
134 10
134 133
134 112
134 166
134 83
134 18
134 101
134 140
134 127
134 119
134 4
134 167
134 144
134 165
134 121
134 135
134 9
134 37
134 102
134 145
134 160
134 105
134 139
134 98
134 129
134 17
134 40
134 79
134 124
134 123
134 67
134 163
134 22
134 11
134 169
134 71
134 118
134 15
134 36
134 89
134 70
135 69
135 87
135 73
135 14
135 31
135 131
135 27
135 103
135 55
135 20
135 33
135 90
135 120
135 151
135 77
135 160
135 96
135 147
135 63
135 34
135 146
135 141
135 85
135 148
135 21
135 11
135 118
135 71
135 115
135 164
135 138
135 43
135 95
135 91
135 3
135 108
135 125
135 23
135 36
135 1
135 157
135 4
135 41
135 83
135 29
135 100
135 24
135 102
135 59
135 2
135 116
135 51
135 16
136 30
136 18
136 34
136 113
136 82
136 112
136 32
136 7
136 35
136 80
136 140
136 20
136 92
136 61
136 97
136 14
136 154
136 114
136 67
136 65
136 23
136 130
136 88
136 9
136 13
136 96
136 141
136 165
136 89
136 8
136 2
136 137
136 71
136 19
136 76
136 63
136 57
136 38
136 90
136 159
136 152
136 169
136 158
136 142
136 135
136 108
136 91
137 5
137 15
137 144
137 32
137 165
137 63
137 75
137 37
137 88
137 83
137 131
137 61
137 112
137 19
137 170
137 114
137 126
137 163
137 73
137 14
137 72
137 26
137 45
137 89
137 115
137 143
137 98
137 77
137 24
137 130
137 96
137 117
137 100
137 133
137 40
137 161
137 6
137 23
137 9
137 8
137 71
137 2
137 113
137 168
137 97
137 50
137 16
137 69
137 11
138 2
138 45
138 129
138 152
138 136
138 3
138 57
138 33
138 147
138 74
138 62
138 119
138 128
138 26
138 43
138 65
138 110
138 123
138 121
138 6
138 27
138 150
138 127
138 113
138 165
138 125
138 104
138 20
138 86
138 38
138 96
138 29
138 158
138 8
138 78
138 18
138 133
138 14
138 36
138 145
138 166
138 99
138 17
138 58
138 7
138 149
138 81
138 28
138 84
138 170
138 131
138 31
138 11
139 31
139 141
139 95
139 9
139 100
139 144
139 4
139 152
139 118
139 22
139 162
139 123
139 93
139 160
139 18
139 157
139 114
139 20
139 138
139 11
139 44
139 142
139 133
139 127
139 145
139 62
139 98
139 63
139 77
139 80
139 13
139 67
139 40
139 37
139 89
139 8
139 131
139 28
139 3
139 83
139 107
139 66
139 119
139 33
139 103
139 55
139 153
139 71
139 136
140 139
140 127
140 46
140 63
140 34
140 131
140 93
140 83
140 99
140 115
140 94
140 108
140 146
140 65
140 153
140 6
140 66
140 106
140 30
140 143
140 33
140 112
140 160
140 147
140 49
140 168
140 79
140 103
140 35
140 130
140 26
140 20
140 72
140 138
140 19
140 109
140 67
140 28
140 4
140 90
140 3
140 15
140 17
140 102
140 133
140 107
140 32
140 167
140 55
140 142
141 52
141 19
141 36
141 42
141 134
141 131
141 164
141 26
141 133
141 10
141 14
141 106
141 151
141 45
141 127
141 37
141 140
141 145
141 18
141 142
141 154
141 34
141 112
141 84
141 85
141 60
141 13
141 74
141 157
141 35
141 70
141 79
141 107
141 23
141 146
141 27
141 105
141 101
141 81
141 92
141 22
141 115
141 2
141 153
141 147
141 54
141 137
141 144
141 21
142 153
142 109
142 151
142 145
142 90
142 131
142 63
142 122
142 16
142 116
142 58
142 12
142 119
142 80
142 113
142 25
142 107
142 168
142 106
142 41
142 110
142 66
142 67
142 120
142 128
142 105
142 35
142 3
142 132
142 137
142 60
142 53
142 72
142 144
142 77
142 164
142 97
142 37
142 45
142 108
142 8
142 111
142 11
142 154
142 87
142 38
142 98
142 95
143 90
143 109
143 45
143 145
143 147
143 122
143 24
143 148
143 50
143 107
143 12
143 167
143 53
143 65
143 105
143 36
143 76
143 31
143 2
143 73
143 161
143 58
143 163
143 138
143 114
143 136
143 35
143 165
143 151
143 103
143 106
143 23
143 1
143 59
143 128
143 131
143 91
143 150
143 100
143 96
143 16
143 117
143 6
143 18
143 25
143 54
144 91
144 106
144 41
144 23
144 66
144 170
144 32
144 98
144 131
144 33
144 93
144 104
144 73
144 38
144 47
144 53
144 166
144 101
144 5
144 160
144 50
144 159
144 57
144 39
144 68
144 86
144 147
144 111
144 108
144 95
144 40
144 118
144 89
144 136
144 99
144 80
144 85
144 35
144 11
144 69
144 77
144 165
144 36
144 103
144 72
144 97
144 29
144 25
144 84
144 56
144 64
145 36
145 51
145 101
145 30
145 39
145 156
145 3
145 127
145 144
145 49
145 18
145 15
145 65
145 120
145 112
145 78
145 125
145 37
145 132
145 108
145 61
145 42
145 149
145 94
145 121
145 128
145 169
145 38
145 57
145 164
145 63
145 89
145 146
145 77
145 129
145 168
145 137
145 55
145 85
145 66
145 24
145 165
145 1
145 47
145 97
145 109
145 122
145 92
145 58
146 28
146 2
146 66
146 127
146 83
146 17
146 115
146 113
146 116
146 59
146 164
146 147
146 106
146 163
146 69
146 13
146 162
146 89
146 156
146 138
146 161
146 96
146 49
146 58
146 119
146 143
146 99
146 128
146 35
146 93
146 53
146 85
146 102
146 6
146 153
146 76
146 77
146 121
146 74
146 30
146 133
146 94
146 67
146 132
146 5
146 134
146 170
146 111
146 154
146 95
146 100
146 62
146 91
146 165
146 24
147 150
147 125
147 165
147 73
147 159
147 104
147 32
147 2
147 14
147 152
147 168
147 62
147 46
147 19
147 133
147 82
147 68
147 88
147 81
147 157
147 22
147 63
147 112
147 106
147 76
147 12
147 170
147 34
147 45
147 124
147 145
147 118
147 9
147 116
147 16
147 83
147 59
147 142
147 38
147 25
147 109
147 134
147 56
147 42
147 163
147 72
147 79
147 100
147 151
147 92
147 3
147 103
147 58
147 71
148 166
148 51
148 117
148 116
148 55
148 93
148 145
148 133
148 134
148 138
148 49
148 110
148 31
148 158
148 77
148 96
148 164
148 22
148 36
148 40
148 43
148 12
148 70
148 65
148 128
148 98
148 119
148 74
148 3
148 167
148 102
148 2
148 114
148 125
148 9
148 34
148 78
148 27
148 161
148 59
148 144
148 4
148 91
148 111
148 28
148 168
148 37
148 140
148 68
148 7
148 61
148 38
149 85
149 75
149 65
149 41
149 46
149 16
149 97
149 54
149 4
149 101
149 86
149 87
149 64
149 47
149 71
149 98
149 2
149 102
149 99
149 43
149 114
149 44
149 167
149 136
149 49
149 40
149 118
149 119
149 81
149 127
149 68
149 152
149 96
149 168
149 38
149 90
149 151
149 20
149 103
149 115
149 91
149 12
149 128
149 108
149 83
149 125
150 101
150 127
150 105
150 119
150 68
150 118
150 106
150 45
150 154
150 155
150 61
150 111
150 39
150 121
150 108
150 63
150 169
150 131
150 94
150 65
150 142
150 19
150 112
150 89
150 59
150 26
150 102
150 67
150 31
150 149
150 51
150 96
150 109
150 137
150 55
150 66
150 3
150 122
150 103
150 2
150 163
150 144
150 56
151 116
151 115
151 100
151 63
151 145
151 82
151 144
151 48
151 157
151 103
151 94
151 27
151 164
151 84
151 118
151 136
151 52
151 97
151 146
151 30
151 124
151 51
151 36
151 93
151 138
151 102
151 153
151 24
151 137
151 77
151 33
151 38
151 169
151 76
151 19
151 13
151 26
151 17
151 156
151 55
151 57
151 91
151 168
151 23
151 62
151 18
151 108
151 158
151 15
151 79
151 90
151 6
151 75
151 54
151 134
152 124
152 167
152 98
152 47
152 164
152 41
152 150
152 52
152 12
152 7
152 169
152 162
152 60
152 14
152 91
152 120
152 75
152 101
152 13
152 32
152 127
152 118
152 65
152 78
152 9
152 76
152 42
152 151
152 88
152 95
152 159
152 87
152 40
152 39
152 134
152 70
152 27
152 137
152 156
152 22
152 121
152 114
152 117
152 128
152 36
152 106
152 122
152 143
152 107
152 31
152 170
152 82
152 3
152 24
153 56
153 63
153 18
153 66
153 25
153 46
153 120
153 43
153 130
153 79
153 152
153 12
153 54
153 123
153 69
153 2
153 154
153 83
153 11
153 145
153 143
153 22
153 114
153 37
153 34
153 127
153 126
153 167
153 35
153 135
153 119
153 27
153 104
153 166
153 16
153 30
153 100
153 91
153 125
153 49
153 7
153 163
153 158
153 65
153 96
153 58
153 1
153 10
153 160
153 112
153 103
153 76
153 4
154 115
154 83
154 27
154 160
154 42
154 106
154 13
154 108
154 121
154 133
154 93
154 135
154 32
154 99
154 57
154 41
154 6
154 113
154 52
154 24
154 128
154 43
154 87
154 143
154 161
154 9
154 149
154 148
154 96
154 25
154 124
154 100
154 55
154 14
154 109
154 103
154 49
154 157
154 134
154 84
154 132
154 59
154 159
154 17
154 167
154 34
154 54
154 28
154 112
154 48
154 147
154 67
155 105
155 38
155 165
155 76
155 153
155 45
155 103
155 135
155 84
155 111
155 40
155 106
155 166
155 100
155 87
155 145
155 68
155 107
155 50
155 156
155 43
155 149
155 159
155 141
155 44
155 78
155 89
155 81
155 146
155 120
155 136
155 3
155 127
155 57
155 34
155 5
155 91
155 17
155 49
155 143
155 122
155 46
155 70
155 160
156 20
156 148
156 32
156 143
156 10
156 17
156 8
156 33
156 95
156 167
156 163
156 122
156 47
156 50
156 79
156 62
156 119
156 65
156 12
156 56
156 165
156 42
156 92
156 142
156 126
156 113
156 18
156 120
156 43
156 87
156 115
156 77
156 30
156 57
156 154
156 14
156 16
156 68
156 137
156 111
156 19
156 135
156 109
156 153
156 63
156 25
156 134
156 70
156 96
157 59
157 144
157 115
157 30
157 137
157 81
157 105
157 86
157 14
157 45
157 25
157 110
157 152
157 103
157 1
157 91
157 161
157 20
157 160
157 18
157 79
157 114
157 97
157 67
157 108
157 27
157 52
157 33
157 122
157 21
157 4
157 156
157 165
157 155
157 140
157 88
157 53
157 89
157 138
157 64
157 170
157 121
157 166
157 123
157 71
157 40
157 100
157 109
157 131
157 98
158 147
158 120
158 119
158 95
158 52
158 123
158 116
158 65
158 100
158 154
158 24
158 113
158 28
158 149
158 98
158 13
158 126
158 69
158 143
158 72
158 86
158 51
158 39
158 155
158 142
158 161
158 36
158 75
158 9
158 8
158 139
158 103
158 140
158 128
158 41
158 35
158 2
158 68
158 159
158 67
158 59
158 101
158 12
158 23
158 46
158 165
158 152
158 81
158 133
158 169
158 115
158 26
158 85
158 30
158 146
158 83
158 50
159 106
159 56
159 74
159 114
159 143
159 165
159 168
159 157
159 96
159 40
159 33
159 24
159 156
159 58
159 36
159 18
159 26
159 133
159 129
159 8
159 14
159 127
159 7
159 122
159 132
159 134
159 142
159 70
159 116
159 138
159 99
159 104
159 126
159 141
159 162
159 91
159 107
159 83
159 135
159 121
159 128
159 69
159 80
159 131
159 72
159 78
159 146
159 117
159 82
159 153
160 73
160 76
160 15
160 19
160 5
160 125
160 129
160 148
160 99
160 95
160 92
160 64
160 124
160 142
160 79
160 143
160 16
160 110
160 45
160 146
160 52
160 130
160 166
160 10
160 57
160 27
160 123
160 3
160 145
160 138
160 161
160 69
160 7
160 44
160 55
160 84
160 59
160 50
160 8
160 91
160 20
160 26
160 113
160 38
160 115
160 169
160 97
160 88
161 58
161 144
161 86
161 163
161 81
161 142
161 36
161 117
161 32
161 107
161 147
161 166
161 43
161 54
161 127
161 3
161 24
161 123
161 56
161 76
161 26
161 10
161 46
161 149
161 20
161 9
161 35
161 113
161 14
161 77
161 128
161 17
161 153
161 7
161 27
161 116
161 71
161 162
161 95
161 150
161 83
161 49
161 53
161 90
161 30
161 110
161 133
161 170
161 135
162 100
162 5
162 131
162 80
162 137
162 95
162 27
162 24
162 153
162 84
162 148
162 168
162 110
162 115
162 135
162 123
162 22
162 61
162 140
162 7
162 103
162 34
162 45
162 9
162 16
162 133
162 15
162 2
162 113
162 29
162 94
162 1
162 150
162 130
162 117
162 40
162 38
162 23
162 73
162 35
162 141
162 12
162 105
162 138
162 70
162 89
162 106
163 74
163 116
163 15
163 100
163 3
163 151
163 138
163 166
163 93
163 49
163 12
163 152
163 79
163 110
163 126
163 24
163 157
163 2
163 89
163 96
163 40
163 128
163 42
163 5
163 34
163 35
163 16
163 57
163 48
163 55
163 113
163 99
163 50
163 90
163 125
163 17
163 81
163 108
163 144
163 121
163 107
163 158
163 62
163 64
163 95
163 47
164 35
164 51
164 143
164 162
164 79
164 90
164 31
164 54
164 155
164 49
164 29
164 8
164 116
164 71
164 87
164 100
164 37
164 126
164 78
164 150
164 97
164 159
164 101
164 18
164 139
164 43
164 88
164 163
164 140
164 25
164 121
164 147
164 69
164 74
164 134
164 127
164 62
164 118
164 82
164 89
164 67
164 14
164 157
164 168
164 153
164 59
164 36
164 104
164 34
164 27
164 161
164 131
164 2
164 136
165 130
165 169
165 64
165 85
165 72
165 109
165 22
165 162
165 96
165 15
165 122
165 118
165 61
165 37
165 97
165 8
165 95
165 103
165 119
165 114
165 34
165 26
165 35
165 91
165 71
165 79
165 54
165 125
165 123
165 139
165 10
165 141
165 129
165 40
165 108
165 2
165 77
165 9
165 23
165 48
165 74
165 127
165 168
165 36
165 21
165 154
165 18
165 151
165 111
165 31
165 84
165 6
165 124
166 145
166 162
166 49
166 137
166 63
166 123
166 51
166 113
166 83
166 135
166 26
166 58
166 117
166 6
166 116
166 45
166 108
166 38
166 13
166 67
166 110
166 106
166 87
166 65
166 39
166 119
166 107
166 34
166 7
166 41
166 21
166 56
166 9
166 118
166 140
166 147
166 114
166 19
166 24
166 2
166 167
166 158
166 164
166 25
166 18
166 33
166 168
166 151
166 40
167 123
167 147
167 21
167 138
167 46
167 160
167 9
167 25
167 136
167 41
167 15
167 90
167 98
167 83
167 135
167 35
167 85
167 16
167 101
167 3
167 67
167 158
167 141
167 124
167 54
167 63
167 64
167 68
167 87
167 121
167 92
167 115
167 137
167 95
167 69
167 33
167 161
167 76
167 58
167 80
167 105
167 157
167 120
167 44
167 116
167 78
167 91
167 40
167 118
167 170
167 1
167 38
168 42
168 37
168 104
168 170
168 60
168 4
168 144
168 49
168 35
168 85
168 30
168 80
168 23
168 146
168 153
168 10
168 132
168 111
168 96
168 3
168 16
168 141
168 68
168 163
168 32
168 143
168 160
168 105
168 56
168 69
168 152
168 135
168 63
168 72
168 158
168 87
168 1
168 33
168 154
168 94
168 91
168 90
168 57
168 92
168 25
168 27
168 65
168 110
168 34
168 66
168 50
168 86
168 79
169 88
169 57
169 72
169 146
169 135
169 97
169 140
169 126
169 91
169 83
169 81
169 170
169 62
169 154
169 59
169 149
169 16
169 71
169 75
169 40
169 18
169 51
169 96
169 93
169 25
169 43
169 46
169 68
169 53
169 67
169 139
169 26
169 144
169 22
169 156
169 118
169 28
169 141
169 125
169 105
169 76
169 163
169 38
169 70
169 153
169 120
169 86
169 37
169 39
169 168
170 7
170 38
170 132
170 102
170 3
170 25
170 51
170 130
170 39
170 53
170 36
170 95
170 80
170 155
170 8
170 112
170 22
170 109
170 62
170 67
170 129
170 75
170 31
170 29
170 148
170 91
170 35
170 154
170 57
170 139
170 37
170 30
170 27
170 88
170 12
170 5
170 117
170 115
170 77
170 164
170 6
170 54
170 72
170 15
170 123
170 162
170 4
170 145
170 87
170 34
170 55
