180 9666
1 115
1 39
1 4
1 129
1 32
1 74
1 31
1 55
1 17
1 61
1 149
1 24
1 8
1 160
1 133
1 45
1 104
1 33
1 59
1 36
1 145
1 142
1 44
1 167
1 170
1 7
1 116
1 165
1 88
1 20
1 11
1 148
1 85
1 15
1 26
1 40
1 136
1 164
1 93
1 72
1 2
1 42
1 34
1 111
1 112
1 135
1 83
1 27
1 163
1 22
1 113
1 46
1 152
1 12
1 73
1 21
1 51
2 79
2 107
2 129
2 3
2 157
2 149
2 58
2 114
2 130
2 125
2 146
2 13
2 42
2 154
2 102
2 52
2 16
2 97
2 76
2 89
2 109
2 172
2 160
2 46
2 47
2 164
2 18
2 96
2 10
2 167
2 83
2 50
2 84
2 179
2 144
2 74
2 56
2 133
2 162
2 27
2 4
2 122
2 11
2 158
2 9
2 49
2 159
2 65
2 24
2 161
2 38
3 70
3 25
3 136
3 143
3 71
3 31
3 45
3 110
3 7
3 49
3 149
3 111
3 169
3 6
3 118
3 156
3 172
3 171
3 162
3 22
3 128
3 36
3 72
3 68
3 161
3 78
3 160
3 74
3 157
3 13
3 61
3 96
3 40
3 142
3 117
3 139
3 79
3 119
3 147
3 130
3 107
3 126
3 8
3 80
3 94
3 91
3 109
3 120
4 170
4 27
4 180
4 90
4 21
4 126
4 31
4 6
4 73
4 20
4 36
4 116
4 69
4 13
4 26
4 62
4 17
4 99
4 7
4 84
4 40
4 106
4 149
4 166
4 56
4 87
4 120
4 178
4 58
4 89
4 77
4 88
4 47
4 83
4 37
4 177
4 71
4 66
4 157
4 25
4 147
4 173
4 86
4 114
4 112
4 103
4 59
4 104
4 38
4 49
4 141
4 137
5 39
5 36
5 110
5 151
5 24
5 152
5 81
5 131
5 140
5 87
5 13
5 30
5 58
5 49
5 82
5 32
5 132
5 29
5 78
5 115
5 52
5 158
5 92
5 127
5 38
5 157
5 72
5 150
5 103
5 176
5 54
5 145
5 100
5 66
5 45
5 68
5 119
5 173
5 1
5 69
5 165
5 130
5 55
5 63
5 16
5 149
5 109
5 61
5 120
5 64
5 7
5 128
5 154
5 77
5 122
6 149
6 10
6 32
6 99
6 25
6 152
6 88
6 49
6 89
6 156
6 167
6 45
6 160
6 145
6 165
6 179
6 143
6 74
6 168
6 81
6 51
6 130
6 94
6 176
6 64
6 52
6 87
6 131
6 140
6 120
6 128
6 111
6 170
6 43
6 174
6 23
6 166
6 158
6 24
6 27
6 86
6 155
6 18
6 16
6 7
6 70
6 171
6 141
6 78
6 153
7 30
7 31
7 86
7 89
7 114
7 153
7 88
7 101
7 60
7 57
7 2
7 24
7 103
7 71
7 79
7 143
7 157
7 83
7 36
7 29
7 102
7 110
7 85
7 17
7 14
7 165
7 140
7 78
7 92
7 172
7 180
7 48
7 132
7 124
7 98
7 9
7 21
7 69
7 154
7 127
7 144
7 150
7 145
7 151
7 138
7 77
7 94
7 173
7 128
7 76
7 100
7 108
7 47
7 169
7 123
7 59
7 12
7 43
7 158
7 45
8 157
8 140
8 59
8 113
8 36
8 23
8 158
8 165
8 66
8 68
8 83
8 72
8 52
8 132
8 13
8 143
8 77
8 107
8 21
8 70
8 162
8 12
8 109
8 98
8 71
8 45
8 74
8 133
8 2
8 119
8 81
8 34
8 63
8 15
8 25
8 134
8 153
8 118
8 148
8 121
8 125
8 7
8 30
8 155
8 11
8 20
8 35
8 129
8 80
8 102
9 57
9 166
9 143
9 138
9 172
9 59
9 149
9 147
9 18
9 73
9 151
9 92
9 77
9 96
9 23
9 27
9 158
9 63
9 75
9 56
9 14
9 127
9 61
9 101
9 133
9 54
9 152
9 37
9 176
9 126
9 58
9 32
9 171
9 49
9 141
9 36
9 4
9 62
9 20
9 87
9 68
9 131
9 135
9 44
9 11
9 41
9 150
9 164
9 51
9 118
9 86
9 161
9 19
9 66
9 177
9 40
10 68
10 15
10 84
10 38
10 136
10 66
10 24
10 92
10 152
10 52
10 117
10 119
10 97
10 51
10 83
10 82
10 75
10 65
10 114
10 48
10 108
10 125
10 158
10 14
10 60
10 129
10 94
10 98
10 159
10 37
10 40
10 39
10 155
10 144
10 145
10 29
10 49
10 16
10 180
10 118
10 153
10 62
10 35
10 27
10 77
10 126
10 4
10 57
11 84
11 18
11 42
11 73
11 7
11 173
11 171
11 176
11 138
11 47
11 44
11 17
11 3
11 137
11 30
11 121
11 150
11 6
11 132
11 115
11 13
11 177
11 29
11 144
11 174
11 178
11 99
11 141
11 22
11 140
11 93
11 19
11 133
11 116
11 77
11 23
11 76
11 12
11 117
11 69
11 139
11 39
11 94
11 56
11 169
11 136
11 78
11 71
11 113
11 20
11 79
11 129
11 155
11 156
11 26
11 45
12 45
12 65
12 80
12 5
12 29
12 123
12 151
12 9
12 27
12 55
12 52
12 50
12 134
12 135
12 43
12 164
12 47
12 28
12 4
12 14
12 166
12 16
12 169
12 79
12 108
12 99
12 129
12 141
12 98
12 136
12 111
12 121
12 171
12 140
12 155
12 86
12 68
12 109
12 44
12 139
12 118
12 132
12 81
12 70
12 175
12 67
12 158
12 178
12 32
12 54
12 33
12 124
12 163
12 114
12 144
13 177
13 155
13 86
13 166
13 147
13 171
13 99
13 12
13 35
13 154
13 64
13 7
13 97
13 46
13 172
13 53
13 16
13 163
13 29
13 14
13 79
13 132
13 17
13 95
13 143
13 108
13 19
13 145
13 168
13 38
13 54
13 114
13 63
13 50
13 21
13 140
13 73
13 109
13 122
13 61
13 142
13 173
13 78
13 113
13 24
13 52
13 58
13 25
13 15
13 111
13 102
13 123
13 126
14 67
14 55
14 100
14 35
14 114
14 172
14 142
14 59
14 129
14 87
14 65
14 30
14 180
14 116
14 6
14 164
14 8
14 27
14 169
14 91
14 138
14 57
14 123
14 4
14 160
14 173
14 143
14 167
14 43
14 71
14 146
14 155
14 166
14 21
14 70
14 34
14 20
14 3
14 45
14 11
14 41
14 94
14 36
14 108
14 158
14 112
14 120
14 63
14 17
14 106
14 147
15 128
15 176
15 101
15 5
15 76
15 119
15 90
15 157
15 113
15 7
15 75
15 123
15 41
15 110
15 106
15 124
15 19
15 105
15 156
15 62
15 173
15 35
15 70
15 46
15 139
15 23
15 49
15 59
15 132
15 95
15 63
15 48
15 28
15 82
15 164
15 92
15 9
15 67
15 21
15 130
15 26
15 131
15 159
15 147
15 14
15 161
15 12
15 58
15 107
15 177
16 43
16 159
16 135
16 67
16 123
16 82
16 146
16 108
16 125
16 169
16 50
16 86
16 4
16 17
16 94
16 77
16 93
16 46
16 75
16 41
16 109
16 23
16 144
16 91
16 97
16 118
16 44
16 3
16 8
16 110
16 122
16 166
16 51
16 90
16 172
16 11
16 58
16 117
16 66
16 7
16 20
16 137
16 165
16 57
16 56
16 167
16 116
16 95
16 81
16 107
16 175
16 132
16 127
17 28
17 24
17 71
17 54
17 118
17 135
17 113
17 151
17 58
17 45
17 33
17 31
17 2
17 40
17 112
17 163
17 148
17 52
17 128
17 26
17 134
17 22
17 20
17 179
17 141
17 147
17 50
17 19
17 143
17 90
17 109
17 44
17 67
17 47
17 177
17 85
17 36
17 64
17 167
17 180
17 133
17 39
17 142
17 168
17 114
17 34
17 3
17 132
17 83
17 79
17 15
17 102
17 171
17 170
17 172
17 101
17 84
17 104
18 134
18 179
18 49
18 170
18 145
18 108
18 32
18 128
18 103
18 78
18 96
18 105
18 143
18 22
18 77
18 45
18 154
18 113
18 56
18 51
18 162
18 86
18 180
18 73
18 121
18 54
18 163
18 53
18 124
18 35
18 67
18 117
18 99
18 5
18 116
18 24
18 173
18 177
18 141
18 66
18 8
18 15
18 71
18 40
18 122
18 52
18 93
18 17
18 10
18 110
18 157
18 89
18 62
19 92
19 113
19 59
19 121
19 29
19 88
19 34
19 144
19 46
19 16
19 112
19 99
19 49
19 12
19 60
19 2
19 163
19 54
19 53
19 115
19 136
19 42
19 78
19 96
19 66
19 21
19 80
19 102
19 155
19 110
19 28
19 84
19 56
19 75
19 97
19 82
19 37
19 94
19 4
19 156
19 27
19 7
19 132
19 24
19 67
19 10
19 153
19 69
19 167
19 14
19 117
19 141
19 127
19 179
19 62
20 120
20 171
20 136
20 159
20 12
20 44
20 140
20 74
20 172
20 57
20 165
20 64
20 111
20 163
20 22
20 42
20 161
20 72
20 180
20 98
20 7
20 75
20 53
20 133
20 71
20 62
20 142
20 116
20 169
20 49
20 31
20 129
20 25
20 58
20 73
20 160
20 137
20 60
20 24
20 156
20 15
20 13
20 104
20 112
20 178
20 46
20 70
20 144
20 162
20 2
20 79
20 40
21 172
21 49
21 5
21 177
21 92
21 160
21 107
21 164
21 152
21 180
21 146
21 40
21 31
21 81
21 56
21 148
21 38
21 45
21 157
21 155
21 22
21 126
21 69
21 57
21 43
21 127
21 103
21 20
21 71
21 129
21 32
21 23
21 141
21 134
21 46
21 116
21 120
21 16
21 97
21 171
21 64
21 125
21 27
21 88
21 115
21 36
21 121
21 30
21 28
21 70
21 166
21 12
21 90
21 63
22 109
22 118
22 137
22 119
22 96
22 14
22 73
22 122
22 101
22 102
22 57
22 19
22 84
22 98
22 111
22 95
22 48
22 9
22 135
22 37
22 129
22 75
22 13
22 44
22 171
22 81
22 10
22 106
22 174
22 117
22 140
22 161
22 150
22 168
22 64
22 87
22 166
22 93
22 103
22 66
22 30
22 146
22 100
22 46
22 155
22 85
22 152
22 154
22 50
22 40
22 97
22 175
23 2
23 42
23 150
23 90
23 111
23 91
23 119
23 36
23 110
23 98
23 118
23 142
23 123
23 24
23 44
23 73
23 34
23 27
23 136
23 71
23 12
23 1
23 109
23 147
23 167
23 4
23 132
23 14
23 174
23 7
23 113
23 83
23 46
23 62
23 171
23 92
23 179
23 157
23 143
23 40
23 128
23 35
23 30
23 135
23 66
23 56
23 115
23 3
23 22
23 77
24 85
24 157
24 165
24 50
24 21
24 126
24 73
24 169
24 9
24 100
24 118
24 120
24 64
24 163
24 99
24 113
24 129
24 98
24 62
24 59
24 164
24 112
24 180
24 105
24 166
24 66
24 80
24 49
24 121
24 82
24 22
24 175
24 26
24 11
24 90
24 95
24 138
24 48
24 42
24 12
24 174
24 102
24 104
24 68
24 109
24 38
24 146
24 119
24 135
24 36
24 131
24 123
24 171
24 69
24 167
24 16
25 65
25 60
25 34
25 21
25 81
25 47
25 106
25 82
25 84
25 159
25 138
25 85
25 99
25 149
25 72
25 128
25 107
25 176
25 15
25 124
25 44
25 51
25 56
25 48
25 130
25 114
25 162
25 91
25 77
25 168
25 32
25 103
25 95
25 135
25 38
25 93
25 131
25 27
25 49
25 7
25 78
25 105
25 70
25 39
25 143
25 133
25 18
25 68
25 1
25 122
25 67
25 157
25 19
25 35
25 123
26 76
26 124
26 74
26 139
26 36
26 110
26 69
26 44
26 53
26 151
26 79
26 31
26 32
26 98
26 134
26 106
26 73
26 9
26 34
26 130
26 39
26 41
26 164
26 7
26 67
26 6
26 143
26 155
26 156
26 120
26 25
26 65
26 35
26 131
26 43
26 55
26 152
26 111
26 33
26 89
26 13
26 20
26 64
26 63
26 105
26 2
26 170
26 51
26 146
26 45
26 97
26 142
27 60
27 168
27 43
27 84
27 55
27 95
27 82
27 154
27 155
27 170
27 122
27 159
27 106
27 126
27 105
27 107
27 76
27 127
27 144
27 142
27 161
27 31
27 46
27 78
27 85
27 162
27 160
27 13
27 148
27 61
27 96
27 67
27 20
27 140
27 64
27 130
27 18
27 73
27 115
27 75
27 90
27 47
27 57
27 51
27 63
27 87
27 131
27 36
27 89
27 93
27 42
27 88
27 83
27 22
27 52
27 80
28 63
28 50
28 55
28 70
28 18
28 59
28 139
28 47
28 106
28 87
28 100
28 136
28 3
28 163
28 24
28 157
28 73
28 1
28 56
28 171
28 146
28 44
28 61
28 9
28 121
28 111
28 91
28 45
28 113
28 25
28 11
28 16
28 135
28 152
28 4
28 77
28 8
28 67
28 30
28 90
28 178
28 29
28 118
28 101
28 78
28 142
28 79
28 170
28 80
28 104
29 111
29 2
29 174
29 60
29 6
29 79
29 94
29 160
29 101
29 9
29 154
29 61
29 39
29 104
29 37
29 15
29 134
29 100
29 173
29 4
29 93
29 155
29 115
29 120
29 114
29 122
29 43
29 65
29 170
29 18
29 116
29 159
29 166
29 30
29 167
29 76
29 90
29 35
29 17
29 137
29 70
29 50
29 108
29 27
29 24
29 51
29 147
29 78
29 87
29 163
29 1
29 25
29 152
30 103
30 120
30 83
30 56
30 9
30 167
30 44
30 180
30 69
30 139
30 4
30 49
30 159
30 38
30 17
30 157
30 76
30 179
30 158
30 24
30 68
30 171
30 115
30 74
30 45
30 36
30 66
30 102
30 73
30 136
30 151
30 10
30 113
30 95
30 145
30 134
30 86
30 130
30 170
30 116
30 124
30 131
30 153
30 129
30 20
30 127
30 33
30 65
30 60
30 85
31 100
31 23
31 155
31 96
31 146
31 64
31 137
31 58
31 51
31 41
31 170
31 52
31 11
31 85
31 65
31 103
31 14
31 124
31 95
31 12
31 16
31 29
31 120
31 113
31 179
31 136
31 66
31 153
31 92
31 101
31 33
31 128
31 166
31 157
31 48
31 82
31 50
31 67
31 86
31 117
31 125
31 81
31 47
31 75
31 151
31 77
31 60
31 141
31 30
31 167
31 91
31 90
31 83
31 36
31 123
31 28
31 69
31 171
32 153
32 81
32 93
32 79
32 8
32 58
32 111
32 177
32 176
32 28
32 162
32 92
32 65
32 102
32 107
32 72
32 156
32 36
32 29
32 47
32 131
32 142
32 66
32 172
32 41
32 124
32 10
32 178
32 109
32 61
32 14
32 2
32 11
32 60
32 13
32 17
32 175
32 31
32 143
32 75
32 48
32 126
32 119
32 94
32 95
32 180
32 132
32 7
32 45
32 15
32 97
32 174
32 53
32 104
32 70
33 95
33 86
33 103
33 46
33 101
33 44
33 6
33 134
33 63
33 139
33 78
33 163
33 53
33 43
33 59
33 176
33 4
33 9
33 164
33 18
33 27
33 107
33 55
33 150
33 50
33 87
33 16
33 83
33 74
33 106
33 148
33 57
33 75
33 178
33 157
33 171
33 126
33 127
33 131
33 8
33 116
33 151
33 155
33 117
33 7
33 11
33 162
33 77
34 180
34 20
34 91
34 28
34 6
34 158
34 100
34 121
34 172
34 147
34 78
34 71
34 4
34 16
34 13
34 174
34 176
34 175
34 7
34 30
34 94
34 88
34 40
34 51
34 123
34 152
34 177
34 27
34 22
34 126
34 160
34 68
34 48
34 156
34 5
34 170
34 95
34 98
34 122
34 164
34 35
34 144
34 166
34 90
34 29
34 130
34 131
34 105
34 70
34 58
34 56
34 138
34 3
34 135
34 96
34 115
34 111
34 169
34 93
34 61
35 11
35 143
35 121
35 170
35 161
35 149
35 46
35 112
35 164
35 116
35 88
35 89
35 33
35 125
35 72
35 146
35 63
35 173
35 38
35 98
35 36
35 110
35 150
35 30
35 147
35 159
35 132
35 124
35 77
35 153
35 58
35 151
35 45
35 101
35 53
35 61
35 107
35 163
35 24
35 87
35 59
35 152
35 169
35 65
35 43
35 50
35 20
35 2
35 69
35 140
35 135
35 179
35 106
35 128
35 172
36 20
36 51
36 16
36 164
36 144
36 178
36 137
36 117
36 89
36 39
36 148
36 169
36 168
36 34
36 70
36 166
36 146
36 111
36 108
36 46
36 121
36 138
36 128
36 135
36 112
36 103
36 15
36 125
36 58
36 52
36 170
36 97
36 96
36 143
36 41
36 66
36 90
36 163
36 43
36 172
36 130
36 92
36 98
36 113
36 84
36 99
36 61
36 74
36 106
36 127
36 38
36 86
36 13
36 18
36 109
36 116
36 87
36 67
37 159
37 21
37 120
37 131
37 65
37 146
37 113
37 58
37 101
37 162
37 134
37 53
37 123
37 20
37 42
37 8
37 51
37 100
37 50
37 81
37 32
37 12
37 48
37 71
37 116
37 31
37 108
37 60
37 72
37 15
37 55
37 137
37 103
37 13
37 78
37 23
37 122
37 170
37 28
37 6
37 156
37 67
37 36
37 155
37 97
37 82
37 24
37 175
37 30
37 144
37 62
37 63
37 149
37 168
38 73
38 9
38 101
38 175
38 140
38 144
38 135
38 70
38 86
38 44
38 77
38 18
38 40
38 8
38 63
38 7
38 89
38 110
38 147
38 34
38 42
38 58
38 174
38 179
38 172
38 84
38 164
38 130
38 83
38 27
38 149
38 125
38 169
38 47
38 96
38 20
38 113
38 80
38 108
38 64
38 178
38 173
38 62
38 90
38 37
38 124
38 31
38 22
38 97
38 56
38 57
38 102
38 150
39 145
39 95
39 102
39 154
39 20
39 7
39 98
39 4
39 160
39 88
39 163
39 59
39 99
39 76
39 16
39 142
39 81
39 143
39 66
39 148
39 44
39 150
39 18
39 28
39 174
39 37
39 2
39 144
39 58
39 64
39 63
39 74
39 43
39 122
39 55
39 176
39 133
39 34
39 57
39 31
39 134
39 89
39 116
39 75
39 165
39 33
39 32
39 54
39 172
40 161
40 68
40 175
40 130
40 99
40 170
40 173
40 7
40 66
40 95
40 28
40 172
40 33
40 112
40 59
40 158
40 164
40 124
40 52
40 45
40 174
40 54
40 179
40 14
40 88
40 49
40 39
40 6
40 15
40 86
40 119
40 126
40 146
40 120
40 67
40 107
40 98
40 123
40 11
40 19
40 138
40 82
40 97
40 31
40 166
40 101
40 76
40 42
40 35
40 129
40 106
40 143
40 46
40 8
40 13
40 62
40 153
40 142
40 149
41 94
41 46
41 166
41 90
41 133
41 4
41 19
41 50
41 1
41 170
41 74
41 95
41 145
41 128
41 131
41 140
41 24
41 147
41 10
41 80
41 12
41 75
41 68
41 78
41 144
41 37
41 82
41 153
41 58
41 84
41 143
41 30
41 17
41 66
41 107
41 39
41 5
41 87
41 159
41 121
41 176
41 125
41 102
41 72
41 135
41 174
41 122
41 51
41 34
41 71
41 100
41 28
41 55
41 23
41 173
41 161
41 43
41 54
41 124
41 116
42 129
42 82
42 53
42 118
42 81
42 100
42 135
42 147
42 130
42 3
42 167
42 29
42 36
42 119
42 17
42 35
42 58
42 77
42 168
42 121
42 155
42 174
42 62
42 176
42 59
42 112
42 160
42 64
42 63
42 114
42 152
42 141
42 113
42 16
42 60
42 5
42 6
42 18
42 175
42 68
42 138
42 137
42 72
42 177
42 157
42 92
42 67
42 126
43 116
43 140
43 62
43 121
43 37
43 4
43 138
43 68
43 38
43 108
43 95
43 80
43 24
43 25
43 70
43 127
43 132
43 73
43 109
43 31
43 88
43 72
43 107
43 113
43 19
43 99
43 97
43 144
43 92
43 57
43 44
43 167
43 32
43 96
43 136
43 119
43 53
43 165
43 51
43 77
43 156
43 17
43 98
43 55
43 34
43 74
43 163
43 60
43 85
43 94
43 123
43 155
43 58
43 48
43 176
43 5
44 168
44 85
44 150
44 139
44 101
44 92
44 47
44 81
44 14
44 70
44 87
44 154
44 58
44 102
44 149
44 151
44 69
44 53
44 68
44 64
44 174
44 145
44 21
44 55
44 4
44 108
44 27
44 84
44 121
44 120
44 40
44 5
44 173
44 137
44 104
44 138
44 105
44 134
44 60
44 18
44 76
44 170
44 117
44 142
44 180
44 36
44 89
44 91
44 164
44 148
44 109
44 35
44 49
44 79
44 118
44 71
44 7
45 121
45 155
45 114
45 165
45 36
45 2
45 111
45 156
45 4
45 134
45 171
45 68
45 55
45 168
45 29
45 46
45 124
45 23
45 67
45 87
45 34
45 159
45 100
45 71
45 89
45 57
45 152
45 51
45 16
45 153
45 37
45 123
45 85
45 73
45 160
45 177
45 41
45 104
45 38
45 53
45 20
45 115
45 77
45 107
45 33
45 140
45 59
45 48
45 164
45 86
45 102
45 10
45 76
45 180
45 39
45 116
45 54
45 44
46 133
46 85
46 171
46 137
46 176
46 66
46 108
46 82
46 84
46 34
46 101
46 83
46 152
46 30
46 168
46 32
46 130
46 67
46 17
46 51
46 163
46 10
46 154
46 44
46 172
46 98
46 129
46 140
46 55
46 72
46 160
46 37
46 59
46 161
46 138
46 80
46 105
46 115
46 86
46 139
46 47
46 136
46 93
46 122
46 179
46 14
46 52
46 156
46 57
46 178
46 25
46 89
46 169
47 78
47 146
47 35
47 156
47 41
47 136
47 104
47 122
47 167
47 69
47 178
47 162
47 33
47 57
47 54
47 96
47 1
47 85
47 113
47 121
47 37
47 108
47 131
47 160
47 91
47 129
47 14
47 9
47 97
47 94
47 34
47 161
47 81
47 36
47 176
47 52
47 29
47 114
47 75
47 64
47 19
47 148
47 71
47 20
47 39
47 72
47 24
47 87
47 16
47 60
47 26
47 70
47 5
48 42
48 67
48 51
48 50
48 176
48 154
48 119
48 54
48 75
48 126
48 169
48 2
48 49
48 135
48 137
48 35
48 110
48 83
48 46
48 71
48 11
48 64
48 68
48 147
48 30
48 157
48 178
48 65
48 106
48 73
48 168
48 1
48 159
48 18
48 14
48 89
48 76
48 112
48 156
48 13
48 150
48 20
48 6
48 117
48 57
48 38
48 88
48 179
48 28
48 143
48 16
48 41
48 153
48 17
49 118
49 37
49 68
49 99
49 46
49 151
49 11
49 133
49 150
49 16
49 169
49 168
49 147
49 161
49 114
49 35
49 140
49 8
49 94
49 117
49 53
49 153
49 137
49 73
49 167
49 128
49 112
49 144
49 157
49 141
49 89
49 93
49 7
49 113
49 57
49 170
49 84
49 130
49 132
49 104
49 155
49 96
49 120
49 41
49 54
49 160
49 12
49 65
49 26
49 86
49 121
49 100
49 152
49 32
49 34
49 101
49 105
49 59
50 80
50 47
50 60
50 5
50 123
50 111
50 72
50 79
50 6
50 15
50 25
50 136
50 19
50 18
50 8
50 164
50 34
50 106
50 130
50 69
50 43
50 153
50 100
50 93
50 133
50 76
50 77
50 151
50 74
50 82
50 159
50 96
50 10
50 125
50 71
50 150
50 88
50 115
50 139
50 84
50 180
50 65
50 68
50 119
50 1
50 38
50 56
50 52
50 155
50 86
50 140
50 66
50 109
50 114
50 11
50 124
50 113
50 23
50 46
50 128
51 58
51 42
51 5
51 123
51 63
51 79
51 49
51 152
51 62
51 4
51 133
51 64
51 69
51 97
51 132
51 127
51 112
51 125
51 28
51 134
51 68
51 11
51 47
51 140
51 50
51 2
51 44
51 147
51 21
51 126
51 73
51 115
51 172
51 114
51 65
51 78
51 104
51 56
51 39
51 120
51 98
51 15
51 99
51 135
51 60
51 136
51 121
51 80
51 160
51 173
51 119
51 176
51 87
52 154
52 59
52 93
52 142
52 114
52 38
52 78
52 69
52 57
52 145
52 45
52 71
52 167
52 1
52 66
52 138
52 60
52 43
52 180
52 11
52 24
52 119
52 98
52 75
52 73
52 42
52 19
52 37
52 35
52 102
52 63
52 112
52 173
52 26
52 117
52 82
52 148
52 9
52 34
52 83
52 152
52 127
52 105
52 140
52 130
52 144
52 91
52 68
52 80
52 132
52 4
52 25
52 150
53 110
53 164
53 111
53 23
53 77
53 10
53 142
53 97
53 61
53 48
53 62
53 131
53 1
53 67
53 172
53 104
53 89
53 29
53 90
53 149
53 25
53 3
53 30
53 114
53 167
53 128
53 55
53 59
53 139
53 5
53 24
53 102
53 2
53 22
53 166
53 76
53 6
53 148
53 34
53 107
53 16
53 79
53 28
53 41
53 50
53 106
53 133
53 64
53 156
53 95
53 81
53 116
53 15
53 134
53 86
54 59
54 163
54 111
54 21
54 94
54 26
54 126
54 80
54 71
54 28
54 35
54 52
54 179
54 81
54 148
54 123
54 43
54 151
54 65
54 173
54 60
54 79
54 37
54 137
54 110
54 74
54 109
54 128
54 117
54 2
54 4
54 6
54 154
54 91
54 162
54 131
54 157
54 142
54 72
54 98
54 53
54 58
54 121
54 146
54 70
54 68
54 11
54 34
55 48
55 15
55 164
55 60
55 34
55 70
55 169
55 144
55 122
55 52
55 118
55 102
55 112
55 63
55 170
55 29
55 178
55 107
55 120
55 57
55 156
55 136
55 93
55 100
55 31
55 153
55 92
55 105
55 106
55 90
55 62
55 172
55 158
55 3
55 50
55 11
55 127
55 108
55 177
55 64
55 117
55 141
55 59
55 30
55 97
55 152
56 150
56 12
56 37
56 178
56 176
56 145
56 67
56 154
56 164
56 157
56 177
56 84
56 112
56 114
56 144
56 173
56 128
56 33
56 72
56 179
56 1
56 55
56 153
56 109
56 22
56 93
56 146
56 58
56 76
56 100
56 139
56 141
56 163
56 31
56 137
56 29
56 159
56 24
56 117
56 48
56 35
56 47
56 53
56 68
56 43
56 45
56 180
56 172
56 89
56 60
56 78
56 13
57 29
57 137
57 149
57 81
57 97
57 18
57 66
57 78
57 173
57 31
57 40
57 126
57 176
57 159
57 73
57 94
57 25
57 178
57 106
57 143
57 154
57 32
57 128
57 121
57 12
57 15
57 122
57 76
57 105
57 109
57 174
57 23
57 140
57 168
57 30
57 34
57 180
57 28
57 36
57 153
57 135
57 59
57 115
57 61
57 79
57 1
57 42
57 56
57 62
57 156
57 77
57 6
57 35
57 96
57 98
57 146
57 4
57 171
57 3
57 53
57 164
58 8
58 27
58 6
58 166
58 151
58 49
58 142
58 149
58 76
58 70
58 121
58 1
58 167
58 178
58 101
58 55
58 89
58 159
58 96
58 158
58 133
58 80
58 10
58 162
58 110
58 152
58 169
58 177
58 25
58 73
58 26
58 81
58 23
58 153
58 109
58 111
58 18
58 128
58 87
58 21
58 86
58 66
58 57
58 67
58 172
58 129
58 24
58 40
58 139
58 105
58 12
58 53
58 146
59 25
59 175
59 26
59 76
59 156
59 85
59 112
59 61
59 51
59 130
59 139
59 79
59 47
59 165
59 29
59 168
59 116
59 110
59 131
59 152
59 80
59 69
59 102
59 155
59 63
59 180
59 150
59 125
59 167
59 30
59 31
59 90
59 22
59 77
59 122
59 119
59 18
59 134
59 141
59 32
59 44
59 23
59 149
59 64
59 20
59 151
59 17
59 95
59 84
59 105
59 158
59 179
59 16
59 5
59 3
59 41
59 87
60 41
60 68
60 28
60 3
60 57
60 23
60 14
60 156
60 12
60 75
60 39
60 87
60 22
60 8
60 84
60 143
60 64
60 149
60 80
60 172
60 126
60 147
60 82
60 129
60 91
60 35
60 26
60 9
60 127
60 128
60 96
60 179
60 104
60 125
60 139
60 159
60 5
60 45
60 121
60 58
60 160
60 161
60 78
60 33
60 95
60 83
60 171
60 71
60 122
60 140
60 38
60 118
60 94
60 6
61 46
61 65
61 71
61 170
61 14
61 106
61 105
61 83
61 108
61 121
61 176
61 56
61 39
61 64
61 94
61 112
61 22
61 63
61 172
61 25
61 167
61 101
61 66
61 16
61 147
61 72
61 99
61 95
61 67
61 33
61 175
61 15
61 19
61 127
61 115
61 131
61 96
61 179
61 4
61 149
61 44
61 130
61 145
61 17
61 7
61 93
61 18
61 138
61 135
61 158
61 165
61 54
62 3
62 8
62 171
62 121
62 17
62 173
62 22
62 174
62 157
62 59
62 92
62 134
62 108
62 169
62 26
62 85
62 70
62 27
62 30
62 99
62 29
62 141
62 115
62 31
62 84
62 58
62 102
62 131
62 101
62 12
62 21
62 87
62 36
62 103
62 175
62 82
62 167
62 49
62 76
62 138
62 34
62 93
62 170
62 11
62 153
62 41
62 148
62 144
62 116
62 161
62 100
62 86
62 164
62 45
62 79
62 125
62 163
62 5
62 111
62 64
62 168
62 25
63 102
63 43
63 91
63 48
63 105
63 109
63 66
63 50
63 144
63 94
63 145
63 82
63 17
63 113
63 57
63 78
63 143
63 30
63 44
63 169
63 22
63 131
63 115
63 165
63 58
63 36
63 99
63 138
63 89
63 125
63 166
63 155
63 122
63 87
63 3
63 161
63 84
63 117
63 97
63 73
63 170
63 2
63 124
63 130
63 132
63 148
63 6
63 177
63 75
63 157
63 153
63 32
63 108
63 1
64 19
64 32
64 37
64 135
64 157
64 63
64 147
64 180
64 72
64 132
64 150
64 14
64 7
64 97
64 1
64 54
64 86
64 175
64 9
64 92
64 76
64 85
64 11
64 137
64 139
64 4
64 77
64 41
64 162
64 145
64 113
64 45
64 154
64 142
64 93
64 123
64 127
64 108
64 115
64 110
64 56
64 140
64 159
64 125
64 126
64 129
64 161
64 52
64 152
64 143
64 116
64 71
64 67
64 128
65 132
65 42
65 92
65 144
65 56
65 140
65 80
65 82
65 62
65 85
65 84
65 109
65 116
65 133
65 170
65 78
65 173
65 69
65 179
65 101
65 103
65 33
65 60
65 161
65 154
65 7
65 24
65 6
65 52
65 130
65 53
65 114
65 79
65 112
65 145
65 87
65 158
65 55
65 9
65 121
65 163
65 40
65 156
65 41
65 57
65 107
65 34
65 21
65 152
65 176
65 111
66 104
66 64
66 134
66 132
66 97
66 88
66 150
66 158
66 111
66 100
66 117
66 35
66 156
66 83
66 1
66 127
66 54
66 62
66 17
66 154
66 26
66 13
66 133
66 76
66 172
66 75
66 92
66 12
66 28
66 126
66 155
66 3
66 142
66 59
66 113
66 138
66 34
66 27
66 53
66 94
66 60
66 69
66 11
66 42
66 43
66 33
66 147
66 38
66 141
66 109
66 95
66 114
66 122
66 48
67 34
67 152
67 92
67 137
67 109
67 97
67 132
67 20
67 126
67 78
67 125
67 111
67 38
67 129
67 81
67 105
67 177
67 172
67 149
67 72
67 155
67 96
67 7
67 176
67 150
67 144
67 32
67 5
67 142
67 84
67 8
67 66
67 70
67 44
67 147
67 11
67 178
67 6
67 146
67 123
67 73
67 128
67 174
67 180
67 113
67 30
67 47
67 50
67 103
67 49
67 80
67 43
67 95
67 106
67 52
67 120
67 62
67 69
68 27
68 120
68 111
68 162
68 92
68 118
68 141
68 82
68 168
68 47
68 169
68 17
68 180
68 36
68 151
68 93
68 23
68 174
68 46
68 84
68 94
68 14
68 67
68 95
68 135
68 37
68 129
68 113
68 75
68 22
68 70
68 173
68 124
68 163
68 15
68 153
68 126
68 143
68 38
68 104
68 4
68 78
68 64
68 29
68 86
68 39
68 140
68 31
68 18
68 161
68 106
68 13
68 138
68 125
69 53
69 119
69 45
69 61
69 9
69 159
69 150
69 130
69 55
69 179
69 169
69 140
69 91
69 117
69 6
69 63
69 161
69 174
69 152
69 118
69 165
69 49
69 144
69 70
69 132
69 32
69 104
69 82
69 40
69 113
69 14
69 78
69 162
69 95
69 166
69 16
69 18
69 96
69 22
69 62
69 46
69 131
69 135
69 84
69 148
69 20
69 36
69 98
69 114
69 57
70 37
70 27
70 145
70 112
70 99
70 105
70 104
70 95
70 71
70 66
70 92
70 153
70 161
70 165
70 1
70 63
70 131
70 136
70 75
70 154
70 57
70 151
70 86
70 123
70 60
70 7
70 113
70 78
70 9
70 137
70 141
70 166
70 110
70 177
70 146
70 160
70 163
70 10
70 74
70 97
70 39
70 172
70 35
70 77
70 96
70 42
70 65
70 167
70 41
70 73
70 179
70 87
70 139
70 31
71 140
71 104
71 172
71 84
71 86
71 62
71 173
71 120
71 97
71 79
71 126
71 36
71 152
71 49
71 38
71 24
71 133
71 154
71 2
71 25
71 139
71 72
71 163
71 31
71 81
71 16
71 42
71 51
71 177
71 122
71 116
71 63
71 69
71 43
71 108
71 39
71 33
71 15
71 19
71 115
71 35
71 119
71 166
71 6
71 106
71 95
71 65
71 160
71 180
71 22
71 178
71 123
71 170
71 73
71 157
72 146
72 136
72 48
72 63
72 179
72 13
72 121
72 65
72 79
72 92
72 112
72 91
72 49
72 38
72 78
72 144
72 167
72 86
72 164
72 122
72 142
72 7
72 11
72 132
72 180
72 100
72 111
72 118
72 128
72 148
72 119
72 44
72 143
72 9
72 158
72 27
72 21
72 51
72 39
72 130
72 17
72 94
72 62
72 55
72 40
72 140
72 137
72 125
72 141
72 133
72 31
72 66
72 120
72 154
73 163
73 53
73 85
73 126
73 149
73 62
73 137
73 133
73 109
73 96
73 47
73 41
73 134
73 46
73 59
73 50
73 119
73 83
73 56
73 55
73 17
73 12
73 15
73 113
73 129
73 65
73 72
73 140
73 132
73 89
73 106
73 148
73 141
73 92
73 102
73 74
73 176
73 14
73 136
73 170
73 180
73 37
73 8
73 19
73 90
73 175
73 152
73 34
73 99
73 86
73 32
73 143
74 71
74 59
74 168
74 4
74 16
74 121
74 166
74 47
74 132
74 60
74 173
74 167
74 101
74 57
74 105
74 14
74 113
74 116
74 65
74 9
74 98
74 29
74 13
74 109
74 91
74 42
74 67
74 28
74 129
74 72
74 159
74 150
74 127
74 86
74 25
74 147
74 133
74 110
74 149
74 148
74 62
74 22
74 35
74 31
74 137
74 77
74 49
74 102
74 19
75 138
75 5
75 64
75 114
75 17
75 50
75 163
75 74
75 38
75 124
75 67
75 59
75 106
75 6
75 117
75 145
75 65
75 133
75 156
75 35
75 99
75 40
75 26
75 91
75 158
75 165
75 29
75 151
75 34
75 143
75 137
75 168
75 62
75 115
75 76
75 131
75 105
75 176
75 42
75 71
75 136
75 162
75 61
75 171
75 146
75 12
75 56
75 14
75 21
75 175
75 45
75 25
75 28
75 43
75 111
75 149
76 167
76 92
76 19
76 10
76 176
76 108
76 37
76 9
76 20
76 89
76 84
76 25
76 177
76 158
76 46
76 71
76 51
76 175
76 21
76 78
76 166
76 31
76 73
76 36
76 180
76 160
76 122
76 16
76 157
76 150
76 119
76 55
76 90
76 101
76 173
76 65
76 67
76 32
76 125
76 1
76 80
76 49
76 18
76 155
76 134
76 159
76 43
76 178
76 94
76 113
76 145
76 33
76 154
76 174
77 130
77 102
77 174
77 91
77 99
77 144
77 105
77 75
77 142
77 162
77 27
77 81
77 165
77 95
77 51
77 39
77 87
77 101
77 37
77 21
77 60
77 128
77 133
77 17
77 141
77 61
77 48
77 80
77 41
77 52
77 54
77 79
77 176
77 26
77 46
77 14
77 89
77 36
77 135
77 138
77 104
77 132
77 1
77 19
77 129
77 156
77 140
77 76
77 6
77 65
77 146
77 96
77 71
77 67
77 160
77 170
77 47
77 151
78 141
78 83
78 62
78 162
78 104
78 96
78 127
78 165
78 85
78 40
78 166
78 38
78 148
78 137
78 84
78 87
78 172
78 107
78 140
78 90
78 177
78 30
78 23
78 26
78 1
78 178
78 146
78 132
78 167
78 151
78 100
78 58
78 39
78 45
78 103
78 113
78 176
78 46
78 179
78 169
78 8
78 32
78 12
78 42
78 164
78 20
78 36
78 134
78 94
78 170
78 75
78 149
78 124
78 53
78 126
78 48
78 123
78 49
79 148
79 114
79 159
79 130
79 95
79 162
79 82
79 163
79 16
79 22
79 41
79 140
79 42
79 180
79 102
79 98
79 178
79 56
79 73
79 49
79 10
79 170
79 118
79 112
79 105
79 81
79 40
79 24
79 47
79 104
79 108
79 136
79 84
79 167
79 179
79 1
79 121
79 76
79 36
79 89
79 88
79 55
79 93
79 91
79 58
79 19
79 61
79 145
79 48
79 69
79 8
79 165
79 68
79 15
80 165
80 88
80 122
80 124
80 180
80 130
80 48
80 169
80 148
80 149
80 86
80 14
80 75
80 97
80 18
80 32
80 63
80 96
80 68
80 16
80 30
80 10
80 17
80 141
80 53
80 110
80 123
80 33
80 108
80 168
80 111
80 47
80 78
80 70
80 133
80 74
80 1
80 152
80 176
80 125
80 42
80 129
80 93
80 31
80 82
80 171
80 101
80 34
80 81
80 151
80 100
80 142
80 44
80 135
81 169
81 64
81 9
81 126
81 97
81 75
81 15
81 132
81 41
81 48
81 168
81 50
81 26
81 1
81 106
81 163
81 34
81 19
81 3
81 69
81 151
81 46
81 11
81 153
81 61
81 156
81 24
81 52
81 18
81 162
81 20
81 33
81 123
81 140
81 166
81 114
81 82
81 55
81 129
81 28
81 109
81 130
81 110
81 102
81 152
81 170
81 96
81 131
81 76
81 51
81 78
81 141
81 30
81 60
82 1
82 51
82 43
82 84
82 141
82 164
82 108
82 177
82 144
82 12
82 130
82 91
82 103
82 154
82 171
82 166
82 112
82 133
82 100
82 163
82 36
82 54
82 8
82 169
82 92
82 90
82 142
82 77
82 29
82 102
82 85
82 174
82 59
82 135
82 98
82 124
82 134
82 61
82 180
82 6
82 178
82 140
82 106
82 104
82 23
82 99
82 83
82 109
82 96
82 149
82 117
83 136
83 175
83 141
83 5
83 113
83 35
83 92
83 129
83 115
83 53
83 112
83 177
83 49
83 106
83 45
83 166
83 79
83 146
83 72
83 128
83 93
83 116
83 108
83 94
83 29
83 156
83 40
83 127
83 125
83 68
83 148
83 110
83 86
83 131
83 178
83 41
83 137
83 147
83 77
83 145
83 39
83 76
83 80
83 74
83 59
83 51
83 117
83 100
83 96
83 90
83 167
84 107
84 109
84 98
84 70
84 61
84 16
84 72
84 14
84 35
84 155
84 57
84 125
84 136
84 20
84 83
84 75
84 21
84 110
84 141
84 18
84 90
84 124
84 105
84 12
84 95
84 51
84 5
84 43
84 6
84 168
84 154
84 151
84 9
84 146
84 91
84 40
84 123
84 119
84 101
84 33
84 163
84 37
84 171
84 118
84 100
84 172
84 138
84 89
84 99
84 54
84 175
85 174
85 162
85 52
85 49
85 91
85 125
85 83
85 38
85 139
85 40
85 112
85 57
85 21
85 149
85 26
85 5
85 113
85 159
85 131
85 58
85 156
85 135
85 20
85 140
85 37
85 63
85 34
85 19
85 160
85 147
85 137
85 41
85 42
85 110
85 61
85 133
85 118
85 103
85 98
85 178
85 72
85 13
85 132
85 94
85 109
85 71
85 75
85 105
85 81
86 14
86 117
86 147
86 3
86 112
86 111
86 134
86 96
86 52
86 63
86 131
86 34
86 24
86 103
86 69
86 140
86 23
86 20
86 2
86 105
86 8
86 151
86 145
86 29
86 100
86 59
86 26
86 60
86 32
86 125
86 162
86 75
86 65
86 44
86 118
86 78
86 11
86 155
86 160
86 48
86 139
86 89
86 110
86 67
86 95
86 99
86 137
86 92
86 21
86 56
86 116
86 146
86 122
86 154
86 150
86 1
86 126
87 24
87 175
87 117
87 141
87 55
87 66
87 37
87 17
87 26
87 25
87 23
87 57
87 178
87 64
87 50
87 3
87 40
87 20
87 122
87 84
87 32
87 15
87 11
87 138
87 21
87 105
87 8
87 88
87 99
87 98
87 131
87 80
87 176
87 142
87 71
87 125
87 13
87 53
87 39
87 52
87 73
87 83
87 108
87 157
87 56
87 2
87 7
87 91
87 61
87 76
87 86
87 103
87 126
87 143
87 1
87 49
88 5
88 153
88 117
88 101
88 134
88 114
88 10
88 150
88 3
88 17
88 155
88 51
88 148
88 177
88 63
88 75
88 36
88 156
88 54
88 173
88 92
88 162
88 147
88 89
88 164
88 142
88 121
88 57
88 179
88 64
88 70
88 159
88 154
88 143
88 78
88 28
88 124
88 111
88 45
88 77
88 131
88 152
89 101
89 91
89 29
89 122
89 118
89 11
89 82
89 107
89 22
89 145
89 19
89 67
89 68
89 31
89 51
89 97
89 24
89 116
89 61
89 106
89 40
89 14
89 3
89 165
89 78
89 177
89 120
89 104
89 151
89 96
89 65
89 62
89 28
89 17
89 59
89 115
89 127
89 180
89 132
89 83
89 64
89 141
89 85
89 169
89 94
89 15
89 23
89 110
89 34
89 111
89 121
89 114
89 50
90 18
90 87
90 81
90 163
90 1
90 63
90 50
90 119
90 6
90 86
90 99
90 37
90 148
90 94
90 179
90 40
90 51
90 177
90 174
90 60
90 103
90 146
90 11
90 102
90 79
90 118
90 9
90 138
90 26
90 22
90 49
90 44
90 46
90 124
90 91
90 89
90 42
90 173
90 71
90 155
90 120
90 93
90 65
90 48
90 80
90 136
90 95
90 145
90 159
90 140
90 154
90 13
91 122
91 156
91 112
91 51
91 73
91 133
91 7
91 153
91 8
91 5
91 95
91 160
91 179
91 86
91 104
91 39
91 70
91 9
91 168
91 139
91 151
91 169
91 103
91 108
91 37
91 61
91 33
91 2
91 138
91 38
91 159
91 50
91 157
91 24
91 57
91 59
91 171
91 67
91 175
91 35
91 62
91 161
91 80
91 68
91 102
91 13
91 81
91 29
91 94
91 113
91 114
91 100
91 165
92 22
92 71
92 174
92 49
92 99
92 119
92 61
92 16
92 24
92 80
92 161
92 172
92 75
92 94
92 53
92 12
92 145
92 140
92 133
92 91
92 87
92 121
92 77
92 102
92 115
92 34
92 50
92 148
92 48
92 108
92 152
92 177
92 105
92 35
92 52
92 6
92 46
92 84
92 107
92 120
92 74
92 98
92 17
92 11
92 89
92 45
92 175
92 20
92 101
92 27
92 162
92 51
92 128
92 126
93 12
93 135
93 168
93 35
93 54
93 131
93 157
93 150
93 87
93 156
93 70
93 116
93 2
93 175
93 143
93 148
93 48
93 75
93 161
93 109
93 96
93 15
93 81
93 24
93 28
93 23
93 59
93 179
93 88
93 147
93 114
93 6
93 82
93 89
93 53
93 21
93 177
93 73
93 37
93 3
93 178
93 43
93 33
93 124
93 167
93 36
93 101
93 144
93 149
94 38
94 51
94 17
94 93
94 62
94 109
94 101
94 164
94 143
94 22
94 13
94 165
94 71
94 144
94 100
94 145
94 31
94 26
94 170
94 25
94 70
94 141
94 179
94 118
94 97
94 50
94 166
94 33
94 176
94 80
94 102
94 123
94 136
94 4
94 9
94 168
94 59
94 46
94 48
94 1
94 125
94 161
94 8
94 158
94 124
94 116
94 107
94 67
94 45
94 162
94 98
94 5
94 23
94 81
95 162
95 1
95 51
95 72
95 138
95 109
95 146
95 48
95 19
95 134
95 103
95 142
95 21
95 165
95 144
95 74
95 172
95 137
95 129
95 62
95 80
95 155
95 9
95 164
95 37
95 58
95 23
95 122
95 49
95 114
95 133
95 85
95 130
95 178
95 160
95 45
95 82
95 28
95 169
95 46
95 14
95 111
95 47
95 105
95 177
95 126
95 116
95 54
95 154
95 120
95 123
95 159
95 35
95 8
96 144
96 7
96 130
96 169
96 4
96 97
96 29
96 11
96 30
96 85
96 54
96 44
96 132
96 124
96 32
96 52
96 117
96 106
96 39
96 56
96 149
96 162
96 115
96 40
96 62
96 53
96 71
96 91
96 16
96 35
96 134
96 6
96 14
96 154
96 178
96 26
96 173
96 90
96 33
96 13
96 105
96 141
96 41
96 116
96 17
96 145
96 104
96 72
96 158
96 156
96 94
96 74
96 113
96 119
97 90
97 42
97 170
97 103
97 147
97 165
97 56
97 98
97 78
97 110
97 52
97 92
97 163
97 154
97 20
97 151
97 24
97 179
97 167
97 122
97 54
97 25
97 175
97 95
97 128
97 120
97 162
97 129
97 7
97 88
97 84
97 86
97 33
97 6
97 76
97 112
97 12
97 111
97 159
97 169
97 45
97 82
97 17
97 30
97 60
97 150
97 39
97 130
97 23
97 15
97 125
97 116
97 4
97 93
97 5
97 9
97 161
97 157
97 132
97 41
97 49
97 11
97 104
98 44
98 120
98 76
98 112
98 53
98 121
98 71
98 89
98 153
98 86
98 28
98 2
98 75
98 17
98 160
98 161
98 119
98 9
98 140
98 25
98 152
98 162
98 62
98 3
98 156
98 49
98 145
98 1
98 61
98 81
98 32
98 114
98 15
98 131
98 47
98 16
98 77
98 179
98 124
98 5
98 41
98 66
98 116
98 78
98 27
98 65
98 157
98 149
98 37
98 103
98 91
98 104
98 31
99 96
99 76
99 176
99 159
99 114
99 125
99 175
99 138
99 150
99 147
99 45
99 104
99 95
99 128
99 15
99 116
99 74
99 118
99 97
99 27
99 117
99 91
99 79
99 130
99 22
99 33
99 3
99 129
99 139
99 123
99 98
99 107
99 1
99 122
99 173
99 59
99 47
99 100
99 5
99 121
99 158
99 50
99 37
99 41
99 32
99 134
99 71
100 36
100 142
100 57
100 13
100 122
100 136
100 103
100 129
100 46
100 107
100 43
100 97
100 126
100 90
100 10
100 118
100 85
100 158
100 32
100 54
100 73
100 140
100 38
100 18
100 53
100 92
100 98
100 40
100 19
100 76
100 121
100 89
100 173
100 151
100 67
100 60
100 61
100 69
100 96
100 35
100 9
100 109
100 21
100 180
100 30
100 1
100 63
100 144
100 8
100 157
100 106
100 137
100 44
100 153
100 138
100 164
101 66
101 151
101 174
101 170
101 160
101 125
101 13
101 167
101 141
101 63
101 132
101 131
101 119
101 146
101 169
101 82
101 179
101 5
101 145
101 73
101 99
101 136
101 54
101 122
101 97
101 106
101 98
101 133
101 71
101 124
101 41
101 126
101 48
101 83
101 135
101 177
101 175
101 79
101 100
101 165
101 105
101 18
101 20
101 39
101 109
101 121
101 4
101 52
101 142
101 27
101 139
101 157
101 116
101 162
101 166
102 21
102 65
102 87
102 114
102 157
102 121
102 173
102 172
102 151
102 72
102 148
102 12
102 26
102 139
102 130
102 49
102 36
102 70
102 86
102 5
102 163
102 165
102 97
102 116
102 120
102 75
102 9
102 174
102 85
102 69
102 176
102 66
102 18
102 51
102 146
102 42
102 170
102 164
102 126
102 132
102 168
102 142
102 3
102 98
102 150
102 175
102 56
102 137
102 119
102 16
102 158
102 149
102 50
102 103
102 145
102 76
102 95
103 40
103 42
103 66
103 81
103 39
103 149
103 143
103 152
103 165
103 41
103 46
103 50
103 26
103 16
103 119
103 128
103 171
103 32
103 150
103 73
103 162
103 130
103 47
103 138
103 113
103 24
103 88
103 53
103 125
103 109
103 45
103 153
103 51
103 56
103 148
103 167
103 61
103 17
103 64
103 99
103 123
103 126
103 107
103 54
103 108
103 133
103 175
103 68
103 110
103 13
103 114
104 147
104 92
104 64
104 170
104 138
104 113
104 160
104 58
104 62
104 40
104 25
104 103
104 52
104 168
104 81
104 120
104 173
104 27
104 55
104 150
104 75
104 36
104 172
104 107
104 169
104 159
104 12
104 59
104 11
104 152
104 115
104 34
104 63
104 125
104 100
104 90
104 8
104 14
104 146
104 142
104 56
104 101
104 95
104 43
104 109
104 35
104 16
104 149
104 57
104 10
104 129
104 144
104 31
104 22
104 5
104 48
105 124
105 90
105 83
105 110
105 31
105 38
105 21
105 62
105 135
105 9
105 1
105 50
105 33
105 99
105 127
105 3
105 104
105 117
105 129
105 167
105 80
105 93
105 68
105 138
105 81
105 64
105 29
105 177
105 155
105 91
105 66
105 54
105 5
105 97
105 37
105 140
105 17
105 125
105 132
105 100
105 178
105 149
105 47
105 4
105 119
105 32
105 164
105 146
105 22
105 158
105 147
105 43
105 130
105 162
105 78
106 32
106 152
106 20
106 5
106 66
106 104
106 144
106 146
106 162
106 87
106 133
106 114
106 88
106 105
106 84
106 63
106 21
106 99
106 113
106 44
106 164
106 176
106 56
106 18
106 138
106 45
106 23
106 161
106 117
106 70
106 129
106 80
106 154
106 94
106 102
106 85
106 31
106 153
106 93
106 43
106 98
106 108
106 78
106 118
106 116
106 41
106 46
106 103
106 7
106 42
106 111
106 126
106 92
106 148
107 171
107 29
107 54
107 82
107 34
107 151
107 47
107 76
107 10
107 30
107 57
107 111
107 150
107 162
107 155
107 118
107 19
107 37
107 158
107 126
107 66
107 49
107 97
107 12
107 1
107 168
107 73
107 136
107 81
107 85
107 177
107 163
107 46
107 7
107 74
107 61
107 174
107 83
107 161
107 122
107 71
107 17
107 20
107 67
107 180
107 44
107 96
107 77
107 59
107 26
107 13
107 63
108 123
108 98
108 102
108 157
108 118
108 137
108 49
108 56
108 104
108 167
108 33
108 148
108 179
108 133
108 25
108 19
108 113
108 3
108 11
108 39
108 58
108 156
108 119
108 129
108 97
108 154
108 115
108 105
108 100
108 8
108 141
108 174
108 41
108 40
108 173
108 109
108 165
108 101
108 168
108 75
108 28
108 65
108 72
108 68
108 99
108 53
108 166
108 131
108 125
108 107
108 70
109 135
109 145
109 10
109 125
109 64
109 86
109 175
109 168
109 114
109 40
109 9
109 14
109 147
109 52
109 11
109 55
109 80
109 102
109 72
109 127
109 131
109 18
109 172
109 69
109 162
109 141
109 15
109 105
109 154
109 71
109 62
109 1
109 33
109 78
109 41
109 37
109 158
109 106
109 128
109 117
109 47
109 99
109 149
109 68
109 7
109 19
109 112
109 28
109 35
109 89
109 25
109 120
109 48
109 166
109 27
109 173
109 174
109 91
109 59
109 29
110 50
110 21
110 79
110 134
110 42
110 87
110 99
110 123
110 47
110 161
110 29
110 135
110 41
110 172
110 9
110 122
110 60
110 22
110 46
110 127
110 44
110 73
110 164
110 52
110 156
110 139
110 82
110 109
110 155
110 170
110 77
110 118
110 96
110 61
110 138
110 107
110 88
110 4
110 93
110 167
110 2
110 68
110 55
110 179
110 111
110 159
110 27
110 25
110 147
110 137
110 132
110 51
110 153
110 92
111 156
111 40
111 73
111 130
111 93
111 31
111 161
111 7
111 90
111 57
111 144
111 108
111 152
111 87
111 122
111 126
111 159
111 180
111 157
111 27
111 19
111 102
111 11
111 71
111 109
111 78
111 16
111 153
111 39
111 120
111 38
111 175
111 82
111 150
111 76
111 41
111 171
111 117
111 118
111 174
111 149
111 59
111 84
111 63
111 135
111 165
111 49
111 56
111 129
111 101
112 108
112 34
112 28
112 141
112 133
112 99
112 9
112 163
112 41
112 139
112 146
112 162
112 93
112 63
112 66
112 45
112 38
112 16
112 116
112 73
112 144
112 71
112 13
112 53
112 27
112 7
112 114
112 11
112 129
112 88
112 104
112 125
112 77
112 177
112 92
112 110
112 136
112 100
112 148
112 64
112 50
112 32
112 80
112 3
112 95
112 107
112 5
112 21
112 2
112 12
112 121
112 130
112 76
112 167
113 131
113 137
113 32
113 138
113 87
113 141
113 105
113 75
113 10
113 25
113 88
113 61
113 140
113 95
113 72
113 12
113 26
113 52
113 175
113 143
113 170
113 117
113 144
113 90
113 178
113 118
113 20
113 129
113 57
113 93
113 60
113 41
113 114
113 163
113 145
113 116
113 27
113 177
113 172
113 155
113 14
113 58
113 168
113 124
113 127
113 94
113 179
113 148
113 34
113 109
113 29
113 102
113 123
114 82
114 32
114 77
114 6
114 137
114 60
114 146
114 153
114 62
114 19
114 36
114 15
114 92
114 94
114 143
114 48
114 28
114 115
114 34
114 120
114 122
114 41
114 140
114 126
114 152
114 76
114 11
114 108
114 160
114 35
114 147
114 61
114 148
114 38
114 74
114 16
114 164
114 118
114 96
114 30
114 85
114 86
114 110
114 64
114 130
114 173
114 101
114 22
114 145
114 72
114 71
114 63
114 3
114 18
114 1
114 87
114 105
114 24
115 91
115 169
115 156
115 102
115 152
115 56
115 165
115 150
115 177
115 97
115 168
115 15
115 44
115 136
115 144
115 118
115 123
115 109
115 105
115 134
115 171
115 170
115 68
115 35
115 110
115 42
115 161
115 13
115 124
115 16
115 174
115 103
115 107
115 139
115 18
115 95
115 90
115 6
115 94
115 126
115 59
115 140
115 143
115 17
115 112
115 32
115 24
115 65
115 41
115 100
116 114
116 38
116 108
116 84
116 31
116 34
116 25
116 80
116 152
116 68
116 24
116 103
116 56
116 135
116 109
116 162
116 50
116 85
116 156
116 107
116 73
116 82
116 125
116 138
116 131
116 66
116 167
116 175
116 79
116 180
116 178
116 115
116 49
116 55
116 176
116 70
116 148
116 81
116 69
116 157
116 100
116 60
116 10
116 78
116 160
116 40
116 47
116 67
116 9
116 158
116 141
116 26
116 110
116 32
116 111
116 123
116 58
117 4
117 13
117 102
117 145
117 26
117 180
117 124
117 162
117 34
117 6
117 127
117 51
117 84
117 79
117 62
117 15
117 7
117 14
117 59
117 80
117 68
117 53
117 24
117 5
117 163
117 38
117 21
117 120
117 104
117 179
117 125
117 121
117 177
117 172
117 174
117 12
117 37
117 94
117 2
117 65
117 95
117 132
117 97
117 30
117 148
117 9
117 128
117 70
117 110
118 87
118 166
118 65
118 122
118 164
118 116
118 138
118 174
118 117
118 1
118 151
118 35
118 74
118 145
118 104
118 170
118 101
118 134
118 179
118 7
118 81
118 83
118 62
118 131
118 27
118 135
118 105
118 54
118 61
118 112
118 154
118 76
118 59
118 139
118 140
118 32
118 95
118 36
118 157
118 78
118 88
118 159
118 180
118 64
118 71
118 123
118 126
118 178
118 2
118 30
118 80
118 121
118 169
119 13
119 137
119 123
119 162
119 120
119 41
119 171
119 95
119 63
119 33
119 87
119 110
119 135
119 82
119 107
119 7
119 118
119 20
119 56
119 49
119 104
119 139
119 25
119 47
119 46
119 85
119 179
119 159
119 89
119 116
119 172
119 29
119 67
119 121
119 36
119 57
119 122
119 60
119 55
119 27
119 129
119 112
119 78
119 11
119 155
119 34
119 58
119 53
119 37
119 17
119 134
119 18
119 83
119 158
119 106
120 16
120 60
120 129
120 43
120 84
120 22
120 123
120 134
120 2
120 106
120 54
120 48
120 1
120 91
120 56
120 139
120 62
120 124
120 135
120 148
120 70
120 127
120 175
120 100
120 122
120 132
120 81
120 166
120 152
120 83
120 86
120 52
120 128
120 58
120 96
120 12
120 168
120 137
120 163
120 27
120 76
120 15
120 64
120 161
120 19
120 82
120 8
120 136
120 94
120 66
120 77
120 165
120 57
121 83
121 180
121 166
121 149
121 93
121 115
121 175
121 114
121 171
121 86
121 2
121 39
121 70
121 52
121 50
121 67
121 29
121 82
121 85
121 145
121 32
121 111
121 55
121 140
121 128
121 150
121 103
121 80
121 1
121 38
121 66
121 174
121 156
121 139
121 64
121 56
121 116
121 75
121 173
121 134
121 37
121 31
121 105
121 14
121 176
121 17
121 108
121 142
121 40
121 33
121 179
121 143
121 9
121 120
121 4
121 153
121 84
121 172
121 7
121 46
122 17
122 146
122 14
122 12
122 147
122 79
122 68
122 45
122 36
122 58
122 30
122 93
122 131
122 77
122 151
122 10
122 153
122 33
122 159
122 78
122 163
122 124
122 44
122 137
122 83
122 50
122 15
122 64
122 158
122 144
122 125
122 115
122 6
122 155
122 135
122 121
122 85
122 62
122 23
122 8
122 52
122 136
122 102
122 169
122 49
122 35
122 43
122 154
122 61
122 40
122 138
122 129
122 9
122 113
122 42
122 104
122 145
123 9
123 101
123 69
123 91
123 48
123 22
123 74
123 30
123 20
123 141
123 105
123 168
123 150
123 138
123 5
123 148
123 96
123 180
123 161
123 8
123 102
123 92
123 104
123 68
123 128
123 129
123 63
123 121
123 58
123 10
123 39
123 21
123 158
123 149
123 3
123 86
123 33
123 55
123 98
123 19
123 28
123 176
123 124
123 170
123 111
123 76
123 164
123 72
123 106
123 90
123 77
123 6
123 122
123 2
123 175
123 159
123 162
123 41
124 77
124 121
124 138
124 65
124 100
124 24
124 118
124 11
124 128
124 139
124 17
124 87
124 151
124 165
124 157
124 140
124 119
124 172
124 158
124 167
124 57
124 37
124 179
124 4
124 127
124 62
124 146
124 174
124 5
124 67
124 114
124 48
124 51
124 136
124 97
124 143
124 76
124 169
124 21
124 64
124 13
124 175
124 27
124 47
124 85
124 66
124 55
124 61
124 29
124 147
124 2
124 141
124 131
124 59
125 173
125 179
125 177
125 88
125 135
125 13
125 136
125 92
125 19
125 155
125 48
125 156
125 71
125 54
125 46
125 53
125 90
125 115
125 32
125 157
125 4
125 22
125 154
125 167
125 95
125 25
125 172
125 20
125 121
125 176
125 33
125 6
125 141
125 127
125 89
125 75
125 44
125 123
125 18
125 106
125 93
125 124
125 138
125 100
125 111
125 170
125 162
125 7
125 120
125 3
125 107
125 96
125 37
125 143
125 79
125 133
126 62
126 159
126 1
126 131
126 177
126 41
126 124
126 150
126 99
126 20
126 160
126 120
126 125
126 28
126 121
126 142
126 132
126 75
126 171
126 43
126 8
126 113
126 46
126 25
126 72
126 65
126 146
126 109
126 108
126 61
126 70
126 29
126 116
126 45
126 104
126 94
126 26
126 50
126 76
126 77
126 19
126 89
126 31
126 93
126 52
126 178
126 168
126 127
126 59
126 98
126 17
126 58
126 18
126 56
126 11
126 35
126 122
126 36
126 53
126 110
126 90
127 178
127 106
127 104
127 13
127 69
127 130
127 82
127 156
127 79
127 10
127 129
127 115
127 145
127 158
127 77
127 38
127 112
127 155
127 97
127 169
127 139
127 2
127 31
127 154
127 101
127 119
127 86
127 122
127 100
127 136
127 80
127 102
127 50
127 116
127 45
127 26
127 103
127 135
127 133
127 11
127 118
127 134
127 174
127 151
127 123
127 24
128 93
128 88
128 115
128 45
128 32
128 90
128 68
128 38
128 75
128 73
128 108
128 101
128 134
128 76
128 81
128 102
128 161
128 118
128 30
128 104
128 2
128 1
128 28
128 169
128 34
128 44
128 150
128 71
128 26
128 110
128 37
128 13
128 138
128 177
128 89
128 113
128 20
128 147
128 10
128 155
128 12
128 158
128 82
128 160
128 180
128 51
128 61
128 62
128 173
128 106
128 95
128 154
128 163
129 125
129 9
129 167
129 126
129 124
129 153
129 85
129 103
129 84
129 66
129 90
129 45
129 52
129 170
129 79
129 13
129 78
129 132
129 110
129 87
129 39
129 17
129 49
129 44
129 101
129 70
129 94
129 41
129 23
129 164
129 162
129 145
129 69
129 38
129 117
129 55
129 149
129 137
129 92
129 31
129 7
129 180
129 3
129 57
129 91
129 34
129 118
129 178
129 131
129 37
129 50
129 25
129 98
129 171
129 65
130 75
130 164
130 74
130 137
130 83
130 166
130 22
130 146
130 132
130 109
130 163
130 47
130 133
130 136
130 28
130 7
130 121
130 9
130 139
130 44
130 88
130 170
130 153
130 104
130 179
130 94
130 134
130 84
130 21
130 167
130 62
130 51
130 19
130 165
130 24
130 118
130 1
130 8
130 144
130 119
130 142
130 98
130 129
130 35
130 17
130 159
130 31
130 126
130 14
130 71
130 45
130 173
130 85
130 90
131 74
131 178
131 56
131 99
131 179
131 158
131 77
131 94
131 90
131 68
131 44
131 84
131 167
131 111
131 97
131 13
131 35
131 72
131 100
131 102
131 125
131 107
131 120
131 165
131 117
131 79
131 110
131 42
131 96
131 29
131 119
131 65
131 173
131 166
131 153
131 123
131 103
131 52
131 137
131 17
131 18
131 66
131 49
131 163
131 8
131 40
131 7
131 91
131 10
131 115
131 136
131 133
131 147
132 155
132 68
132 54
132 57
132 106
132 169
132 171
132 41
132 37
132 47
132 94
132 123
132 139
132 75
132 33
132 27
132 10
132 50
132 176
132 18
132 175
132 142
132 56
132 91
132 112
132 21
132 124
132 29
132 76
132 28
132 40
132 147
132 70
132 59
132 135
132 60
132 95
132 173
132 165
132 121
132 122
132 14
132 24
132 31
132 79
132 61
132 167
132 92
132 115
132 159
132 172
132 100
132 99
132 83
132 38
132 46
132 82
132 48
132 140
133 179
133 13
133 5
133 149
133 86
133 81
133 42
133 120
133 6
133 144
133 170
133 148
133 88
133 97
133 119
133 128
133 15
133 27
133 180
133 168
133 28
133 34
133 10
133 38
133 121
133 143
133 37
133 18
133 24
133 122
133 141
133 102
133 140
133 126
133 4
133 67
133 40
133 69
133 45
133 104
133 23
133 151
133 174
133 96
133 36
133 87
133 56
133 68
133 63
133 138
133 12
133 98
133 163
133 177
133 142
133 124
133 166
134 113
134 92
134 15
134 100
134 138
134 80
134 87
134 109
134 105
134 133
134 151
134 70
134 3
134 122
134 35
134 145
134 161
134 97
134 69
134 142
134 4
134 103
134 163
134 22
134 23
134 6
134 5
134 13
134 46
134 25
134 126
134 162
134 176
134 132
134 143
134 129
134 60
134 179
134 123
134 177
134 40
134 164
134 91
134 43
134 150
134 139
134 98
134 101
134 36
134 7
134 89
134 167
134 84
134 57
135 6
135 32
135 66
135 177
135 79
135 137
135 104
135 43
135 11
135 87
135 2
135 123
135 169
135 97
135 172
135 39
135 180
135 3
135 121
135 178
135 160
135 159
135 83
135 30
135 72
135 13
135 78
135 20
135 7
135 150
135 26
135 62
135 114
135 74
135 59
135 91
135 100
135 126
135 53
135 155
135 167
135 115
135 176
135 124
135 128
135 60
135 90
135 47
135 19
135 40
135 44
135 5
135 46
135 89
135 106
135 153
135 131
135 27
136 33
136 53
136 175
136 6
136 13
136 106
136 21
136 134
136 102
136 95
136 85
136 74
136 161
136 82
136 87
136 133
136 111
136 63
136 61
136 77
136 69
136 153
136 93
136 38
136 56
136 27
136 178
136 152
136 66
136 57
136 42
136 40
136 109
136 68
136 26
136 97
136 45
136 32
136 7
136 14
136 39
136 172
136 119
136 89
136 22
136 135
136 29
136 121
136 88
136 160
136 4
137 15
137 19
137 92
137 60
137 176
137 79
137 45
137 125
137 179
137 123
137 38
137 82
137 35
137 105
137 8
137 24
137 39
137 180
137 2
137 30
137 65
137 97
137 81
137 76
137 174
137 141
137 133
137 118
137 150
137 109
137 41
137 28
137 14
137 1
137 68
137 121
137 10
137 134
137 27
137 21
137 9
137 51
137 107
137 34
137 5
137 80
137 62
137 91
137 47
137 138
137 146
137 63
137 136
137 116
138 89
138 26
138 81
138 179
138 15
138 180
138 135
138 70
138 27
138 17
138 101
138 49
138 56
138 31
138 145
138 88
138 108
138 121
138 94
138 78
138 156
138 67
138 117
138 38
138 30
138 85
138 163
138 48
138 71
138 162
138 178
138 164
138 16
138 19
138 140
138 29
138 3
138 23
138 177
138 97
138 18
138 45
138 109
138 146
138 144
138 127
138 41
138 69
138 74
138 169
138 86
138 55
138 115
138 54
139 23
139 100
139 54
139 35
139 65
139 172
139 168
139 150
139 177
139 151
139 75
139 105
139 180
139 107
139 94
139 171
139 52
139 155
139 55
139 143
139 98
139 43
139 21
139 25
139 7
139 37
139 29
139 163
139 2
139 117
139 5
139 152
139 156
139 31
139 19
139 114
139 97
139 14
139 57
139 128
139 62
139 74
139 8
139 4
139 69
139 126
139 6
139 17
139 72
139 40
139 108
140 61
140 63
140 62
140 37
140 106
140 137
140 177
140 39
140 173
140 44
140 21
140 148
140 134
140 163
140 80
140 24
140 40
140 32
140 143
140 164
140 112
140 42
140 3
140 34
140 120
140 23
140 119
140 101
140 99
140 95
140 70
140 76
140 2
140 159
140 136
140 107
140 161
140 87
140 165
140 122
140 66
140 53
140 162
140 141
140 25
140 19
140 54
140 176
140 145
140 135
140 56
140 67
140 89
140 169
140 88
140 47
140 10
140 110
140 83
141 10
141 168
141 156
141 5
141 130
141 36
141 98
141 79
141 104
141 15
141 22
141 76
141 134
141 24
141 159
141 174
141 129
141 75
141 20
141 107
141 161
141 114
141 25
141 57
141 97
141 58
141 32
141 29
141 106
141 7
141 148
141 14
141 122
141 102
141 118
141 103
141 132
141 67
141 178
141 88
141 69
141 154
141 27
141 126
141 43
141 136
141 153
141 158
141 54
141 23
141 16
141 26
141 52
141 139
141 160
141 64
141 50
142 137
142 139
142 59
142 76
142 162
142 31
142 22
142 165
142 5
142 118
142 158
142 91
142 177
142 73
142 111
142 45
142 131
142 81
142 128
142 96
142 108
142 129
142 179
142 150
142 103
142 24
142 135
142 62
142 36
142 61
142 123
142 145
142 113
142 12
142 48
142 114
142 34
142 127
142 89
142 65
142 178
142 41
142 92
142 172
142 8
142 47
142 9
142 37
142 112
143 31
143 38
143 47
143 146
143 66
143 104
143 16
143 2
143 132
143 165
143 69
143 55
143 21
143 117
143 123
143 71
143 167
143 105
143 77
143 44
143 129
143 91
143 126
143 11
143 178
143 20
143 86
143 180
143 166
143 107
143 67
143 89
143 106
143 152
143 85
143 147
143 58
143 118
143 90
143 97
143 12
143 141
143 158
143 109
143 135
143 112
143 163
143 5
143 108
143 78
143 70
143 164
144 164
144 102
144 87
144 116
144 114
144 169
144 53
144 86
144 159
144 73
144 45
144 127
144 139
144 25
144 22
144 83
144 51
144 125
144 44
144 61
144 14
144 120
144 171
144 18
144 29
144 154
144 101
144 179
144 99
144 107
144 31
144 71
144 129
144 128
144 1
144 81
144 136
144 145
144 42
144 57
144 74
144 92
144 84
144 64
144 98
144 46
144 21
144 176
144 32
144 150
145 47
145 160
145 88
145 55
145 168
145 9
145 125
145 119
145 72
145 34
145 12
145 33
145 110
145 123
145 173
145 128
145 3
145 105
145 49
145 154
145 58
145 80
145 28
145 133
145 143
145 40
145 97
145 116
145 135
145 149
145 46
145 124
145 178
145 78
145 112
145 104
145 148
145 180
145 16
145 22
145 2
145 45
145 95
145 60
145 132
145 159
145 111
145 81
145 62
145 50
145 87
145 130
145 38
145 170
146 55
146 50
146 118
146 166
146 3
146 64
146 52
146 148
146 142
146 42
146 79
146 117
146 43
146 12
146 120
146 85
146 153
146 140
146 108
146 19
146 48
146 144
146 68
146 45
146 4
146 132
146 133
146 135
146 17
146 162
146 69
146 23
146 62
146 30
146 63
146 149
146 170
146 51
146 15
146 93
146 172
146 161
146 74
146 59
146 100
146 10
146 46
146 49
146 61
146 107
146 39
146 116
147 166
147 100
147 79
147 33
147 55
147 57
147 133
147 31
147 119
147 62
147 24
147 126
147 138
147 163
147 80
147 117
147 165
147 21
147 175
147 112
147 7
147 121
147 92
147 70
147 18
147 106
147 180
147 154
147 134
147 36
147 81
147 98
147 6
147 141
147 125
147 158
147 151
147 102
147 139
147 68
147 120
147 50
147 162
147 148
147 123
147 19
147 103
147 12
147 1
147 77
147 2
147 135
147 37
148 49
148 40
148 160
148 142
148 150
148 130
148 156
148 18
148 58
148 42
148 138
148 41
148 77
148 129
148 67
148 3
148 97
148 12
148 143
148 66
148 37
148 135
148 144
148 136
148 96
148 31
148 59
148 126
148 48
148 153
148 125
148 157
148 158
148 170
148 60
148 134
148 65
148 61
148 23
148 115
148 45
148 10
148 91
148 98
148 6
148 94
148 163
148 128
148 124
148 107
148 26
148 35
148 105
148 76
148 68
148 82
148 119
148 101
149 127
149 100
149 19
149 91
149 83
149 11
149 30
149 31
149 33
149 135
149 134
149 147
149 151
149 62
149 154
149 115
149 112
149 125
149 163
149 143
149 131
149 157
149 26
149 171
149 20
149 89
149 70
149 84
149 48
149 158
149 46
149 159
149 176
149 45
149 155
149 97
149 144
149 12
149 110
149 116
149 64
149 54
149 168
149 132
149 178
149 174
149 34
149 139
149 142
150 98
150 60
150 71
150 143
150 77
150 6
150 58
150 54
150 26
150 20
150 80
150 28
150 167
150 51
150 112
150 110
150 127
150 25
150 119
150 108
150 36
150 157
150 147
150 53
150 168
150 169
150 81
150 180
150 31
150 92
150 105
150 132
150 160
150 68
150 101
150 100
150 133
150 162
150 94
150 40
150 151
150 41
150 178
150 163
150 164
150 170
150 30
150 24
150 73
150 65
150 109
150 87
150 12
150 2
150 27
151 105
151 123
151 15
151 51
151 164
151 62
151 146
151 178
151 76
151 22
151 11
151 88
151 24
151 1
151 85
151 132
151 131
151 20
151 110
151 152
151 6
151 96
151 3
151 82
151 141
151 67
151 94
151 154
151 41
151 143
151 157
151 18
151 92
151 69
151 112
151 29
151 48
151 114
151 130
151 153
151 74
151 40
151 34
151 25
151 83
151 113
151 65
151 55
151 93
151 2
151 28
151 19
151 23
152 99
152 48
152 18
152 172
152 133
152 127
152 101
152 164
152 94
152 105
152 31
152 129
152 83
152 113
152 3
152 70
152 124
152 178
152 110
152 112
152 63
152 150
152 23
152 53
152 62
152 148
152 8
152 43
152 95
152 44
152 79
152 4
152 134
152 128
152 97
152 121
152 75
152 15
152 96
152 122
152 47
152 76
152 12
152 167
152 141
152 168
152 149
152 38
152 30
152 74
152 138
152 27
152 147
152 109
152 24
153 97
153 128
153 14
153 77
153 2
153 11
153 101
153 44
153 26
153 145
153 132
153 72
153 99
153 142
153 169
153 155
153 157
153 127
153 160
153 137
153 1
153 12
153 9
153 108
153 28
153 96
153 75
153 33
153 85
153 109
153 133
153 5
153 78
153 161
153 162
153 149
153 38
153 18
153 120
153 116
153 105
153 152
153 21
153 89
153 16
153 37
153 80
153 170
153 22
153 117
153 66
153 90
153 60
154 119
154 81
154 103
154 174
154 169
154 138
154 89
154 134
154 133
154 40
154 45
154 63
154 25
154 166
154 94
154 137
154 85
154 32
154 111
154 120
154 15
154 1
154 91
154 83
154 112
154 33
154 11
154 124
154 74
154 126
154 35
154 113
154 41
154 78
154 177
154 114
154 107
154 79
154 67
154 140
154 59
154 17
154 80
154 110
154 161
154 105
154 16
154 179
154 50
154 180
154 139
154 43
154 102
154 153
155 81
155 133
155 152
155 137
155 69
155 3
155 20
155 145
155 35
155 131
155 62
155 55
155 178
155 77
155 5
155 52
155 156
155 56
155 57
155 36
155 38
155 54
155 140
155 15
155 161
155 175
155 100
155 168
155 102
155 60
155 47
155 141
155 82
155 30
155 75
155 142
155 109
155 58
155 25
155 177
155 28
155 1
155 71
155 148
155 53
155 104
155 83
155 114
155 120
155 162
155 39
155 126
155 41
155 91
156 152
156 142
156 163
156 63
156 68
156 128
156 114
156 90
156 99
156 133
156 78
156 102
156 40
156 168
156 172
156 105
156 140
156 25
156 107
156 130
156 154
156 36
156 104
156 14
156 79
156 28
156 44
156 29
156 13
156 58
156 145
156 38
156 10
156 12
156 1
156 23
156 64
156 165
156 94
156 159
156 5
156 95
156 117
156 149
156 126
156 101
156 134
156 67
156 39
156 62
156 119
156 49
156 164
156 113
156 82
156 135
156 33
157 26
157 17
157 134
157 104
157 136
157 43
157 147
157 57
157 120
157 162
157 161
157 115
157 79
157 22
157 45
157 34
157 123
157 51
157 158
157 11
157 152
157 36
157 40
157 178
157 50
157 160
157 77
157 145
157 89
157 75
157 20
157 27
157 74
157 84
157 86
157 6
157 61
157 133
157 130
157 110
157 103
157 39
157 126
157 83
157 70
157 117
157 119
157 114
157 29
157 172
157 44
158 139
158 126
158 19
158 63
158 53
158 69
158 166
158 43
158 17
158 130
158 39
158 134
158 42
158 50
158 21
158 120
158 16
158 104
158 22
158 138
158 32
158 173
158 168
158 97
158 95
158 156
158 114
158 45
158 161
158 64
158 82
158 81
158 167
158 4
158 37
158 67
158 153
158 132
158 90
158 103
158 115
158 113
158 133
158 70
158 180
158 151
158 111
158 26
158 87
158 36
158 74
158 51
158 121
159 142
159 81
159 36
159 49
159 147
159 155
159 127
159 106
159 87
159 43
159 47
159 67
159 9
159 3
159 44
159 46
159 114
159 120
159 151
159 146
159 116
159 112
159 33
159 72
159 179
159 22
159 131
159 166
159 105
159 172
159 28
159 31
159 34
159 107
159 93
159 42
159 113
159 150
159 62
159 102
159 11
159 61
159 157
159 8
159 83
159 51
159 53
159 180
159 154
159 77
159 124
159 175
159 21
159 13
160 64
160 109
160 152
160 97
160 25
160 146
160 106
160 112
160 154
160 117
160 137
160 164
160 110
160 72
160 52
160 54
160 124
160 36
160 40
160 87
160 53
160 7
160 5
160 33
160 103
160 55
160 139
160 56
160 82
160 13
160 50
160 115
160 57
160 107
160 78
160 9
160 67
160 96
160 156
160 74
160 178
160 31
160 58
160 10
160 130
160 94
160 180
160 26
160 19
160 147
161 88
161 32
161 125
161 13
161 50
161 19
161 169
161 176
161 119
161 12
161 43
161 4
161 151
161 57
161 23
161 99
161 139
161 164
161 118
161 80
161 29
161 67
161 143
161 34
161 104
161 11
161 42
161 150
161 109
161 90
161 31
161 167
161 18
161 45
161 44
161 145
161 156
161 78
161 174
161 24
161 14
161 26
161 122
161 89
161 148
161 175
161 172
161 147
162 51
162 171
162 132
162 131
162 15
162 135
162 52
162 14
162 57
162 93
162 61
162 66
162 90
162 5
162 110
162 72
162 148
162 28
162 156
162 40
162 108
162 130
162 139
162 36
162 82
162 159
162 91
162 120
162 173
162 137
162 39
162 100
162 60
162 50
162 124
162 128
162 22
162 7
162 161
162 12
162 121
162 158
162 83
162 102
162 174
162 167
162 180
162 80
162 166
162 29
162 30
162 43
162 89
162 176
162 76
162 114
162 49
162 127
163 158
163 115
163 47
163 132
163 23
163 110
163 160
163 127
163 48
163 176
163 100
163 67
163 49
163 86
163 167
163 135
163 108
163 2
163 77
163 164
163 141
163 173
163 4
163 172
163 123
163 16
163 101
163 60
163 45
163 103
163 15
163 159
163 106
163 175
163 57
163 34
163 41
163 42
163 80
163 166
163 104
163 51
163 111
163 91
163 94
163 151
163 74
163 129
163 93
163 69
163 72
163 180
163 174
163 40
163 21
163 64
164 7
164 136
164 180
164 111
164 22
164 6
164 141
164 58
164 107
164 4
164 66
164 29
164 126
164 115
164 87
164 177
164 148
164 113
164 90
164 171
164 23
164 175
164 93
164 59
164 96
164 137
164 65
164 155
164 128
164 165
164 10
164 125
164 32
164 170
164 79
164 135
164 71
164 121
164 162
164 8
164 48
164 11
164 132
164 75
164 97
164 176
164 74
164 77
164 153
164 147
164 91
164 73
164 69
165 54
165 179
165 128
165 148
165 13
165 174
165 76
165 34
165 50
165 83
165 109
165 3
165 157
165 57
165 138
165 31
165 40
165 93
165 160
165 92
165 152
165 65
165 35
165 126
165 87
165 52
165 175
165 88
165 48
165 23
165 4
165 153
165 9
165 105
165 158
165 141
165 151
165 106
165 104
165 99
165 150
165 10
165 47
165 146
165 62
165 44
165 72
165 118
165 155
166 56
166 129
166 68
166 43
166 169
166 136
166 171
166 80
166 47
166 1
166 25
166 8
166 72
166 174
166 57
166 88
166 73
166 167
166 79
166 124
166 114
166 102
166 60
166 17
166 150
166 59
166 35
166 155
166 126
166 93
166 173
166 96
166 140
166 26
166 156
166 28
166 90
166 100
166 84
166 67
166 23
166 151
166 123
166 11
166 2
166 103
166 44
166 144
166 125
166 148
167 160
167 120
167 178
167 50
167 111
167 138
167 107
167 148
167 118
167 123
167 10
167 41
167 122
167 33
167 115
167 32
167 69
167 87
167 140
167 84
167 12
167 56
167 20
167 38
167 7
167 63
167 172
167 28
167 137
167 57
167 154
167 86
167 90
167 141
167 11
167 9
167 22
167 8
167 147
167 153
167 121
167 81
167 177
167 127
167 164
167 35
167 39
167 92
167 46
167 102
167 171
167 119
167 117
167 27
167 173
167 142
168 35
168 58
168 175
168 52
168 130
168 103
168 95
168 56
168 3
168 128
168 110
168 173
168 125
168 23
168 65
168 1
168 118
168 5
168 134
168 33
168 76
168 19
168 132
168 66
168 137
168 98
168 180
168 143
168 124
168 79
168 101
168 170
168 166
168 88
168 162
168 106
168 92
168 38
168 159
168 72
168 43
168 151
168 64
168 73
168 169
168 18
168 147
169 52
169 163
169 146
169 27
169 19
169 5
169 130
169 86
169 10
169 105
169 160
169 43
169 131
169 143
169 173
169 119
169 53
169 74
169 176
169 180
169 87
169 70
169 156
169 136
169 123
169 9
169 77
169 37
169 110
169 25
169 142
169 56
169 1
169 117
169 158
169 88
169 98
169 66
169 2
169 107
169 145
169 125
169 57
169 72
169 134
169 17
169 32
169 61
169 149
169 73
169 165
169 121
170 143
170 38
170 14
170 160
170 127
170 69
170 57
170 152
170 15
170 171
170 156
170 32
170 119
170 180
170 58
170 99
170 46
170 22
170 54
170 68
170 43
170 154
170 155
170 179
170 139
170 128
170 158
170 138
170 67
170 95
170 112
170 106
170 52
170 86
170 75
170 19
170 93
170 87
170 159
170 165
170 169
170 5
170 23
170 103
170 116
170 60
170 126
170 141
170 21
170 135
170 64
170 33
170 9
170 122
171 69
171 85
171 43
171 34
171 58
171 41
171 127
171 147
171 72
171 64
171 40
171 124
171 52
171 101
171 159
171 130
171 14
171 116
171 134
171 156
171 158
171 49
171 108
171 32
171 48
171 38
171 165
171 120
171 86
171 50
171 96
171 133
171 2
171 174
171 79
171 88
171 42
171 135
171 67
171 169
171 19
171 63
171 10
171 8
171 152
171 70
172 106
172 155
172 174
172 108
172 69
172 162
172 83
172 44
172 4
172 145
172 48
172 154
172 93
172 150
172 94
172 148
172 49
172 77
172 82
172 96
172 103
172 129
172 130
172 100
172 68
172 126
172 107
172 175
172 8
172 166
172 26
172 91
172 43
172 50
172 10
172 127
172 75
172 72
172 123
172 79
172 98
172 11
172 30
172 73
172 144
172 138
172 160
172 12
172 85
172 59
172 86
172 18
172 133
172 41
172 101
172 178
172 118
172 25
173 175
173 39
173 150
173 78
173 157
173 79
173 85
173 151
173 20
173 161
173 139
173 134
173 53
173 28
173 75
173 165
173 31
173 73
173 116
173 87
173 42
173 170
173 10
173 27
173 43
173 77
173 80
173 72
173 83
173 70
173 61
173 25
173 177
173 49
173 119
173 160
173 48
173 156
173 141
173 50
173 34
173 101
173 26
173 47
173 97
173 6
173 46
173 66
173 112
173 92
173 155
173 117
173 24
174 126
174 134
174 15
174 71
174 125
174 19
174 131
174 13
174 65
174 142
174 103
174 50
174 178
174 81
174 89
174 160
174 110
174 173
174 138
174 78
174 17
174 164
174 79
174 59
174 61
174 104
174 43
174 168
174 18
174 156
174 52
174 175
174 123
174 54
174 16
174 53
174 153
174 80
174 21
174 91
174 116
174 56
174 9
174 97
174 145
174 30
174 143
174 150
174 63
174 75
174 112
175 176
175 141
175 8
175 90
175 3
175 10
175 148
175 78
175 112
175 74
175 67
175 72
175 114
175 80
175 50
175 41
175 13
175 140
175 31
175 131
175 137
175 48
175 7
175 2
175 63
175 53
175 18
175 146
175 98
175 115
175 85
175 21
175 108
175 26
175 54
175 57
175 150
175 47
175 81
175 135
175 149
175 167
175 119
175 4
175 9
175 153
175 95
175 17
175 154
175 25
175 27
176 117
176 55
176 142
176 155
176 131
176 72
176 128
176 19
176 108
176 21
176 147
176 157
176 85
176 89
176 36
176 133
176 8
176 97
176 136
176 122
176 115
176 119
176 101
176 40
176 4
176 139
176 71
176 28
176 90
176 59
176 170
176 30
176 64
176 172
176 150
176 86
176 60
176 96
176 152
176 166
176 17
176 52
176 174
176 109
176 154
176 23
176 44
176 92
176 93
176 2
176 7
176 110
177 86
177 136
177 16
177 109
177 1
177 73
177 65
177 179
177 124
177 77
177 165
177 39
177 114
177 119
177 111
177 163
177 27
177 53
177 122
177 151
177 48
177 75
177 118
177 7
177 97
177 41
177 8
177 152
177 149
177 144
177 100
177 14
177 106
177 148
177 84
177 29
177 35
177 46
177 44
177 159
177 158
177 161
177 37
177 146
177 162
177 5
177 171
177 60
177 25
177 137
177 170
177 79
178 72
178 162
178 30
178 45
178 42
178 107
178 132
178 122
178 60
178 26
178 74
178 166
178 69
178 73
178 139
178 148
178 18
178 153
178 171
178 23
178 165
178 111
178 90
178 70
178 91
178 133
178 98
178 27
178 123
178 106
178 158
178 34
178 2
178 154
178 179
178 7
178 68
178 101
178 173
178 53
178 128
178 59
178 103
178 80
178 54
178 10
178 163
178 112
178 81
178 114
178 144
178 102
178 39
179 151
179 152
179 24
179 43
179 5
179 174
179 67
179 175
179 140
179 158
179 58
179 146
179 92
179 75
179 51
179 160
179 84
179 100
179 10
179 26
179 89
179 145
179 25
179 27
179 136
179 129
179 53
179 132
179 176
179 83
179 115
179 16
179 163
179 50
179 77
179 44
179 148
179 3
179 1
179 122
179 153
179 57
179 116
179 106
179 169
179 157
179 156
179 21
179 109
179 4
179 173
179 8
179 86
179 74
179 47
180 112
180 124
180 55
180 74
180 134
180 92
180 75
180 146
180 176
180 127
180 69
180 96
180 8
180 1
180 31
180 48
180 27
180 102
180 177
180 12
180 5
180 157
180 37
180 41
180 43
180 149
180 167
180 39
180 151
180 13
180 140
180 85
180 42
180 49
180 155
180 171
180 113
180 172
180 65
180 103
180 119
180 9
180 156
180 54
180 86
180 84
180 62
180 148
180 19
180 132
180 125
180 115
180 60
180 16
180 141
180 29
180 130
180 136
180 175
