200 1991
1 87
1 10
1 200
1 199
1 152
1 96
2 59
2 41
2 30
2 21
2 149
2 74
2 174
2 155
2 172
2 147
2 150
3 147
3 35
3 102
3 188
3 153
3 71
3 115
3 193
3 77
3 114
4 102
4 199
4 110
4 53
4 92
4 90
4 18
4 193
4 186
4 118
4 66
4 121
5 93
6 13
6 181
6 97
6 137
6 117
6 82
6 94
6 138
6 41
6 188
7 26
7 141
7 145
7 127
7 184
7 120
7 81
8 150
8 44
8 82
8 80
8 85
8 190
8 125
8 13
8 43
8 92
8 42
8 63
8 65
8 117
8 154
8 148
9 104
9 80
9 71
9 21
9 10
9 47
10 42
10 168
10 19
10 171
10 198
10 82
10 88
10 46
10 180
10 114
10 61
11 71
11 61
11 158
11 100
11 86
11 43
11 83
11 189
12 6
12 179
12 144
12 35
12 138
12 158
12 61
12 69
13 15
13 114
13 79
13 105
13 184
13 161
13 170
13 88
13 176
13 168
13 49
13 19
13 119
13 59
13 106
14 30
14 105
14 163
14 36
14 61
14 47
14 73
14 110
14 103
14 160
15 185
15 57
15 138
15 8
15 120
15 87
15 110
15 80
15 70
16 84
16 166
16 13
16 154
16 103
16 91
16 198
16 92
16 148
16 160
16 7
17 119
17 90
17 121
17 49
17 94
17 51
17 172
17 92
17 47
18 67
18 117
18 69
18 58
18 60
18 172
18 148
18 118
18 126
18 55
18 43
19 107
19 132
19 35
19 1
19 83
19 130
19 178
19 89
19 148
19 125
19 166
20 190
20 38
20 196
20 82
20 170
20 120
20 90
21 5
21 144
21 175
21 122
21 10
21 153
21 142
21 176
21 100
21 158
21 93
22 89
22 69
22 130
22 156
22 80
22 29
22 92
22 82
22 132
22 88
22 139
22 6
23 121
23 11
23 105
23 126
23 89
24 83
24 35
24 127
24 33
24 81
24 50
24 56
24 10
25 151
25 22
25 132
25 50
25 191
25 34
25 134
25 143
25 61
25 183
25 169
26 4
26 47
26 34
26 16
27 108
27 102
27 122
27 76
27 185
27 10
27 197
28 183
28 127
28 90
28 49
28 118
28 177
28 82
28 166
28 113
28 89
28 83
28 33
29 47
29 146
29 82
29 51
29 167
29 164
29 162
29 173
29 186
29 140
29 57
29 102
30 91
30 57
30 4
30 200
30 124
30 28
30 116
30 21
30 181
30 37
30 142
30 18
30 161
30 39
30 95
31 74
31 174
31 106
31 8
31 90
31 16
31 141
31 46
31 168
31 18
31 177
32 92
32 155
32 71
32 110
32 158
32 148
32 162
32 59
32 2
33 44
33 136
33 4
33 54
33 62
33 30
33 16
33 22
33 132
33 104
33 164
34 109
34 21
34 178
34 135
34 50
34 131
34 45
35 88
35 122
35 50
35 106
35 138
35 81
35 174
35 74
35 126
36 186
36 123
36 77
36 121
36 73
36 161
36 145
36 39
36 31
36 163
36 89
36 8
36 112
36 150
36 83
36 124
37 103
37 141
37 38
37 166
37 73
37 127
37 86
37 48
37 158
37 13
37 16
38 187
38 36
38 126
38 172
38 19
38 30
38 61
38 186
38 35
38 8
38 195
39 193
39 55
39 137
39 185
39 34
39 70
39 135
39 4
39 84
40 117
40 22
40 3
40 39
40 75
40 78
40 166
40 198
40 130
40 187
41 167
41 16
41 128
41 69
41 29
41 75
41 56
41 151
41 140
41 22
41 84
41 154
42 197
42 29
42 187
42 94
42 113
42 98
42 74
42 157
43 115
43 129
43 74
43 56
43 64
43 118
43 45
44 22
44 72
44 197
44 81
44 28
44 117
44 150
44 36
44 188
44 186
45 51
45 108
45 107
45 125
45 154
45 138
45 26
45 84
45 18
46 8
46 88
46 58
46 62
46 194
46 156
46 40
46 136
46 107
46 143
46 105
46 181
46 16
46 142
46 50
47 200
47 136
47 62
47 96
47 130
47 119
47 115
47 74
47 95
48 196
48 179
48 63
48 84
48 77
48 30
48 169
48 61
48 108
49 86
49 185
49 30
49 127
49 130
49 125
49 140
49 50
49 153
49 78
49 126
49 159
49 83
49 3
50 27
50 6
50 19
50 168
50 55
50 39
50 167
50 183
50 80
50 20
51 194
51 123
51 197
51 137
51 127
51 156
51 112
51 113
52 18
52 6
52 139
52 193
52 181
53 90
53 141
53 82
53 154
53 132
53 18
54 144
54 179
54 101
54 106
54 24
54 71
54 114
54 82
54 63
55 174
55 79
55 19
55 105
55 6
55 121
55 40
55 94
55 49
55 54
55 156
55 188
55 1
55 183
56 39
56 117
56 121
56 101
56 81
56 155
56 25
56 126
56 12
56 11
56 170
56 78
56 58
56 125
57 176
57 130
57 72
57 104
57 161
57 174
57 42
57 157
58 110
58 13
58 37
58 167
58 8
58 61
58 163
58 2
58 151
58 136
58 41
58 15
58 4
59 14
59 116
59 95
59 140
59 133
59 36
59 90
59 35
59 58
59 161
59 152
59 162
60 158
60 161
60 14
60 135
60 53
60 4
60 40
60 200
61 123
61 147
61 133
61 46
61 97
61 184
61 68
61 196
61 71
61 122
61 21
61 74
61 72
61 24
61 93
62 161
62 56
62 89
62 195
62 14
62 107
62 85
62 31
62 86
62 164
62 51
63 10
63 125
63 193
63 21
63 36
63 142
63 161
63 160
63 137
64 124
64 17
64 12
64 104
64 144
64 85
64 167
65 198
65 19
65 150
65 71
65 152
65 126
65 91
65 4
65 166
66 152
66 161
66 185
66 65
67 9
67 80
67 82
67 95
67 162
67 152
67 185
68 192
68 19
68 84
68 99
68 67
69 157
69 126
69 101
69 200
69 146
69 187
69 109
69 61
69 7
69 118
69 92
70 16
70 127
70 99
70 8
70 44
70 110
70 80
70 157
70 121
70 58
70 174
71 166
71 179
71 90
71 87
71 159
71 156
71 111
71 110
71 146
72 66
72 181
72 8
72 32
72 80
72 175
72 161
72 48
72 14
72 88
72 41
72 137
73 76
73 182
73 179
73 58
73 75
73 32
73 190
73 22
73 180
73 48
74 65
74 188
74 200
74 199
74 8
74 4
74 92
74 59
74 13
74 82
74 12
74 150
74 161
75 135
75 158
75 178
75 141
75 144
75 142
75 152
75 72
75 185
75 36
75 92
75 24
76 141
76 152
76 140
76 56
76 166
76 11
76 164
76 179
76 23
77 69
77 192
77 70
77 145
77 116
77 115
77 156
77 72
77 113
78 38
78 188
78 48
78 28
78 134
78 46
78 130
78 98
78 99
78 187
79 120
79 151
79 100
79 16
79 164
79 112
79 45
79 125
80 43
80 103
80 31
80 156
80 25
80 199
80 198
80 39
80 191
80 64
80 46
81 154
81 135
81 76
81 11
81 196
81 38
81 172
81 111
81 75
81 82
81 16
82 94
82 15
82 41
82 138
82 129
82 112
82 179
82 106
82 189
82 33
82 18
82 47
82 92
82 136
82 188
83 53
83 55
83 59
83 159
83 175
83 155
83 58
83 173
83 87
83 72
83 162
83 41
84 133
84 49
84 181
84 98
84 78
84 61
84 173
84 31
84 22
84 30
84 152
84 118
85 145
85 138
85 169
85 185
85 29
85 112
85 166
85 63
86 55
86 155
86 78
86 198
86 88
86 45
86 33
86 76
86 133
86 93
87 182
87 53
87 167
87 118
87 155
87 27
87 144
87 168
88 48
88 75
88 28
88 56
88 91
88 37
88 9
88 74
88 177
88 78
88 123
88 83
89 189
89 96
89 57
89 81
89 97
89 44
89 106
89 129
89 185
89 65
90 36
90 64
90 88
90 9
90 145
90 74
90 32
90 13
90 50
91 52
91 46
91 79
91 107
91 105
91 78
91 172
91 131
91 180
92 169
92 164
92 99
92 56
92 73
92 114
92 145
92 38
92 163
92 102
92 196
92 46
92 81
92 115
92 190
92 12
93 62
93 37
93 197
93 73
93 137
93 36
93 123
93 146
93 138
93 97
93 98
94 80
94 106
94 132
94 177
94 123
94 112
94 57
94 140
94 166
94 22
94 148
95 132
95 62
95 83
95 155
95 79
95 92
95 110
95 96
95 17
96 162
96 164
96 62
96 187
96 192
96 141
96 20
96 30
96 175
96 131
97 54
97 196
97 52
97 3
97 69
97 2
97 19
97 94
97 95
97 193
98 168
98 198
98 111
98 115
98 69
98 8
98 88
98 6
98 61
99 146
99 132
99 103
99 4
99 71
99 197
99 195
99 172
99 120
100 178
100 146
100 170
100 23
100 63
100 172
101 118
101 156
101 199
101 144
101 181
101 102
101 180
101 55
101 29
101 197
101 191
102 25
102 31
102 97
102 164
102 152
102 143
102 180
102 136
102 76
102 131
103 64
103 9
103 74
103 31
103 70
103 13
103 49
103 116
103 145
104 96
104 89
104 139
104 83
104 153
104 23
104 138
104 107
104 198
104 144
105 195
105 60
105 162
105 109
105 8
105 196
105 104
105 179
106 140
106 200
106 3
106 182
106 136
106 130
106 6
106 46
106 28
106 81
106 157
106 139
107 136
107 77
107 121
107 170
107 16
107 151
107 143
108 116
108 93
108 187
108 70
108 87
108 73
109 113
109 106
109 193
109 98
109 188
109 182
109 76
109 29
109 116
110 73
110 60
110 143
110 175
110 128
110 33
110 191
110 108
110 54
110 13
110 149
110 97
111 2
111 84
111 7
111 65
111 106
111 181
111 122
112 33
112 101
112 67
112 97
112 146
112 91
112 75
112 164
112 17
112 8
112 43
112 42
113 11
113 168
113 44
113 130
113 62
113 118
114 32
114 58
114 172
114 200
114 96
114 112
114 142
114 154
114 49
115 24
115 150
115 185
115 21
115 167
115 186
115 25
115 122
115 173
116 137
116 159
116 27
116 48
116 113
116 38
116 50
116 14
116 153
117 70
117 62
117 135
117 196
117 101
117 127
117 55
117 112
117 52
117 36
118 181
118 191
118 71
118 189
118 141
118 82
118 175
118 40
118 112
118 77
118 41
118 149
119 100
119 65
119 9
119 37
120 172
120 194
120 171
120 188
120 153
120 60
120 143
120 36
120 96
120 163
121 28
121 164
121 88
121 147
121 176
121 136
121 45
121 118
121 153
121 183
121 74
121 58
122 29
122 24
122 47
122 2
122 116
122 12
122 25
122 92
122 185
123 20
123 38
123 14
123 158
123 55
123 1
123 75
123 143
123 183
123 22
123 101
124 175
124 2
124 25
124 7
124 51
124 106
124 134
124 117
125 50
125 153
125 179
125 70
125 86
125 84
125 167
125 101
125 52
125 126
125 24
125 94
126 34
126 20
126 7
126 22
126 92
126 53
126 13
126 8
126 87
126 186
126 30
126 82
126 19
126 76
126 164
127 46
127 128
127 141
127 10
127 77
127 144
127 111
127 137
127 181
127 44
127 124
127 145
127 63
128 79
128 28
128 2
128 15
128 200
128 104
129 41
129 151
129 149
129 28
129 127
129 2
129 104
129 136
129 52
130 160
130 30
130 192
130 38
130 176
130 54
130 26
130 42
130 91
130 118
130 124
130 104
131 171
131 2
131 163
131 65
131 1
131 29
132 77
132 65
132 187
132 76
132 185
132 138
132 157
132 136
132 80
132 126
132 160
132 84
132 111
132 60
133 97
133 14
133 145
133 191
133 158
134 131
134 59
134 56
134 109
134 49
134 139
134 70
134 130
134 153
135 164
135 18
135 89
135 85
135 120
135 174
135 161
136 127
136 122
136 177
136 109
136 25
136 139
136 17
136 67
136 92
136 152
136 83
136 126
136 89
136 134
137 153
137 84
137 55
137 196
137 194
137 129
137 165
137 197
137 77
137 192
137 176
138 72
138 32
138 165
138 182
138 142
138 53
138 102
138 8
138 167
138 194
138 168
138 56
138 79
138 33
138 21
139 68
139 69
139 33
139 49
139 72
139 173
139 38
139 64
139 184
139 67
139 51
139 66
139 46
139 125
139 94
139 13
140 179
140 182
140 132
140 134
140 17
140 6
140 109
140 169
141 78
141 87
141 93
141 24
141 126
141 10
141 41
141 74
141 179
141 176
141 102
141 172
142 95
142 35
142 115
142 123
142 1
142 193
142 127
142 139
142 54
143 106
143 32
143 101
143 162
143 7
143 137
143 189
143 93
143 48
143 148
143 104
144 148
144 120
144 165
144 191
144 193
144 49
144 177
144 182
144 43
144 126
144 185
144 130
145 19
145 31
145 107
145 124
145 93
145 154
145 59
145 193
145 81
145 95
145 178
145 13
145 88
145 179
146 180
146 79
146 42
146 18
146 155
146 54
146 85
146 61
146 86
147 163
147 76
147 11
147 55
147 115
147 129
147 70
148 156
148 169
148 73
148 99
148 31
148 46
148 13
148 26
148 125
148 183
149 61
149 160
149 32
149 20
149 131
149 145
149 187
149 38
149 14
149 69
150 142
150 119
150 98
150 169
150 17
150 32
150 120
150 42
150 59
150 155
151 105
151 55
151 199
151 136
151 43
151 46
151 59
151 72
152 82
152 147
152 138
152 197
152 40
152 154
152 139
152 46
152 55
152 45
152 150
153 191
153 140
153 16
153 178
153 40
153 132
153 63
153 139
153 9
153 129
153 165
153 109
153 136
154 1
154 86
154 100
154 153
154 179
154 149
154 4
154 162
154 65
154 37
154 188
154 40
154 159
154 10
154 91
154 83
155 173
155 138
155 154
155 3
155 157
155 184
155 67
155 58
155 108
155 104
155 170
156 21
156 69
156 40
156 67
156 169
156 99
156 10
156 139
156 3
156 137
157 170
157 97
157 153
157 146
157 134
157 29
157 124
157 112
158 155
158 96
158 88
158 51
158 72
158 81
158 154
158 122
158 61
158 73
158 165
159 114
159 59
159 3
159 28
159 103
159 172
160 75
160 148
160 129
160 13
160 126
160 33
160 46
160 72
160 91
160 54
160 37
161 35
161 110
161 15
161 14
161 196
161 75
161 90
161 39
161 167
161 172
161 85
161 194
161 121
162 159
162 55
162 180
162 149
162 192
162 144
162 101
162 45
162 136
162 13
162 49
163 165
163 123
163 164
163 177
163 59
163 74
163 34
163 99
164 63
164 158
164 120
164 36
164 182
164 27
164 171
164 57
164 22
164 145
164 181
164 95
164 109
164 114
164 190
164 168
164 28
164 35
165 7
165 15
165 181
165 21
165 51
165 121
165 133
165 184
166 12
166 41
166 169
166 98
166 27
166 78
166 139
166 17
166 175
166 64
166 188
166 89
167 81
167 18
167 176
167 15
167 170
167 3
167 116
167 79
167 59
167 80
167 25
168 134
168 127
168 25
168 116
168 36
168 6
168 103
168 62
168 83
168 171
169 101
169 37
169 165
169 160
169 178
169 135
169 55
169 44
169 143
169 41
169 167
170 177
170 154
170 138
170 62
170 61
170 110
170 175
170 188
170 150
171 129
171 144
171 163
171 141
171 199
172 122
172 37
172 121
172 110
172 180
172 185
172 145
172 4
172 150
172 96
172 30
172 78
172 160
172 192
172 154
172 188
173 130
173 166
173 85
173 125
173 36
173 77
174 184
174 102
174 151
174 162
174 164
174 34
174 97
174 12
174 123
174 27
174 147
175 143
175 34
175 172
175 28
175 139
175 56
175 11
175 40
175 4
175 183
176 31
176 172
176 29
176 49
176 138
176 118
176 30
176 145
176 156
177 126
177 151
177 184
177 175
177 75
177 58
177 145
177 164
177 84
177 172
178 199
178 73
178 120
178 184
178 25
178 68
178 127
178 3
178 44
179 188
179 32
179 64
179 36
179 195
179 190
179 49
179 146
179 31
179 10
179 102
179 46
179 103
180 23
180 174
180 117
180 114
180 141
180 158
180 27
180 165
180 154
180 11
181 112
181 57
181 50
181 169
181 137
181 56
181 37
181 110
181 200
181 33
181 160
181 132
181 117
182 60
182 92
182 153
182 31
182 93
182 132
182 190
182 162
182 134
183 37
183 115
183 70
183 174
183 18
183 24
183 96
183 8
184 17
184 30
184 94
184 169
184 160
184 56
184 69
184 38
184 134
184 149
184 180
185 57
185 84
185 99
185 182
185 147
185 62
185 36
185 2
185 87
185 200
185 68
185 139
185 197
185 23
185 111
186 45
186 109
186 139
186 47
186 160
186 39
186 187
186 192
187 98
187 45
187 94
187 139
187 47
187 195
187 184
187 29
187 56
187 60
188 111
188 103
188 15
188 86
188 155
188 186
188 117
188 20
188 178
188 54
188 8
188 19
188 98
188 100
189 85
189 121
189 25
189 20
189 180
190 3
190 154
190 58
190 185
190 14
190 128
190 177
190 17
191 58
191 12
191 28
191 124
191 181
191 15
191 86
191 123
192 138
192 36
192 22
192 143
192 114
192 177
192 161
192 63
192 44
193 128
193 101
193 48
193 105
193 164
193 86
193 152
193 178
193 60
193 30
193 129
193 93
194 40
194 164
194 39
194 176
194 106
194 192
195 139
195 95
195 48
195 42
195 148
195 149
196 125
196 157
196 93
196 66
196 6
196 149
196 44
196 170
196 91
196 75
197 49
197 108
197 29
197 70
197 193
197 143
197 68
197 125
197 144
197 174
198 149
198 166
198 21
198 193
198 132
198 33
198 154
198 128
199 56
199 174
199 112
199 30
199 72
199 2
199 142
199 168
200 99
200 94
200 41
200 184
200 141
200 164
200 123
200 92
200 190
200 75
200 132
