200 11942
1 158
1 149
1 7
1 49
1 54
1 5
1 153
1 131
1 135
1 143
1 12
1 199
1 189
1 24
1 197
1 192
1 82
1 66
1 170
1 96
1 45
1 26
1 21
1 9
1 186
1 83
1 193
1 125
1 130
1 185
1 195
1 107
1 141
1 86
1 147
1 138
1 51
1 155
1 159
1 103
1 191
1 124
1 117
1 18
1 14
1 111
1 166
1 144
1 152
1 118
1 101
1 178
1 3
1 47
1 139
1 39
1 167
1 80
1 160
1 57
1 35
1 127
2 109
2 134
2 77
2 129
2 176
2 21
2 158
2 122
2 88
2 81
2 100
2 150
2 8
2 127
2 93
2 121
2 9
2 45
2 198
2 149
2 162
2 131
2 14
2 23
2 84
2 4
2 167
2 15
2 101
2 28
2 110
2 157
2 170
2 31
2 69
2 143
2 13
2 71
2 159
2 137
2 41
2 57
2 174
2 48
2 72
2 89
2 199
2 189
2 49
2 19
2 164
2 190
2 114
2 111
2 38
3 22
3 112
3 144
3 178
3 104
3 195
3 167
3 98
3 40
3 183
3 62
3 113
3 66
3 51
3 13
3 148
3 32
3 20
3 23
3 125
3 30
3 169
3 53
3 47
3 18
3 147
3 194
3 173
3 179
3 42
3 111
3 152
3 174
3 21
3 78
3 14
3 124
3 162
3 192
3 153
3 92
3 143
3 81
3 130
3 119
3 15
3 55
3 46
3 120
3 74
3 29
3 99
3 84
3 176
3 9
3 163
3 73
3 103
4 65
4 28
4 105
4 161
4 1
4 85
4 171
4 61
4 113
4 198
4 125
4 84
4 184
4 75
4 167
4 48
4 147
4 33
4 165
4 77
4 76
4 56
4 140
4 151
4 128
4 158
4 162
4 5
4 8
4 26
4 67
4 88
4 70
4 178
4 189
4 179
4 96
4 3
4 134
4 193
4 173
4 82
4 30
4 32
4 110
4 164
4 101
4 6
4 172
4 73
4 176
4 92
4 103
4 60
4 116
4 54
4 137
4 109
4 107
4 148
4 68
4 112
4 44
4 126
5 51
5 29
5 140
5 9
5 26
5 48
5 119
5 50
5 49
5 139
5 199
5 70
5 127
5 105
5 111
5 191
5 150
5 96
5 168
5 3
5 120
5 43
5 7
5 190
5 71
5 41
5 136
5 85
5 13
5 31
5 177
5 135
5 16
5 56
5 134
5 84
5 160
5 165
5 145
5 17
5 115
5 156
5 37
5 132
5 142
5 78
5 11
5 59
5 28
5 32
5 121
5 195
5 52
5 53
5 27
5 200
5 197
5 151
5 19
6 123
6 108
6 105
6 46
6 173
6 71
6 119
6 135
6 91
6 190
6 69
6 31
6 150
6 113
6 67
6 121
6 189
6 11
6 98
6 55
6 192
6 179
6 164
6 39
6 77
6 32
6 30
6 178
6 200
6 159
6 83
6 82
6 23
6 26
6 153
6 146
6 18
6 184
6 19
6 165
6 149
6 137
6 139
6 7
6 162
6 118
6 191
6 171
6 72
6 75
6 76
6 66
6 16
6 84
6 169
6 186
6 52
6 161
6 88
6 129
7 97
7 78
7 91
7 191
7 180
7 133
7 152
7 194
7 106
7 167
7 50
7 62
7 112
7 193
7 52
7 186
7 146
7 55
7 149
7 21
7 136
7 67
7 185
7 135
7 137
7 37
7 72
7 59
7 188
7 41
7 138
7 156
7 183
7 82
7 141
7 109
7 125
7 34
7 3
7 163
7 33
7 173
7 150
7 70
7 44
7 199
7 184
7 87
7 10
7 29
7 12
7 128
7 68
7 100
7 15
7 24
7 76
7 196
8 11
8 66
8 171
8 178
8 31
8 114
8 51
8 184
8 60
8 183
8 148
8 136
8 5
8 33
8 186
8 39
8 121
8 50
8 24
8 44
8 83
8 80
8 61
8 128
8 116
8 118
8 140
8 151
8 106
8 49
8 158
8 75
8 68
8 107
8 167
8 105
8 111
8 36
8 23
8 90
8 153
8 156
8 102
8 84
8 25
8 166
8 1
8 95
8 191
8 122
8 78
8 45
8 21
8 79
8 119
9 66
9 30
9 12
9 35
9 142
9 129
9 120
9 136
9 72
9 150
9 78
9 27
9 178
9 13
9 110
9 33
9 44
9 187
9 21
9 109
9 164
9 106
9 163
9 184
9 133
9 101
9 154
9 123
9 32
9 188
9 194
9 180
9 39
9 182
9 177
9 200
9 92
9 91
9 192
9 14
9 16
9 61
9 104
9 140
9 57
9 40
9 25
9 172
9 8
9 41
9 175
9 183
9 11
9 51
9 99
9 189
9 45
9 77
9 82
9 115
9 124
9 62
9 126
9 31
9 96
9 48
9 149
9 185
9 50
10 32
10 102
10 116
10 105
10 184
10 58
10 106
10 53
10 12
10 145
10 153
10 1
10 25
10 3
10 76
10 60
10 23
10 111
10 158
10 28
10 182
10 197
10 4
10 149
10 107
10 34
10 165
10 156
10 15
10 128
10 120
10 49
10 54
10 80
10 138
10 46
10 163
10 82
10 95
10 127
10 115
10 187
10 74
10 39
10 166
10 92
10 33
10 164
10 66
10 193
10 6
10 157
10 183
10 90
10 151
10 109
11 125
11 75
11 186
11 110
11 31
11 193
11 90
11 97
11 148
11 73
11 92
11 103
11 163
11 98
11 22
11 127
11 101
11 33
11 189
11 114
11 54
11 147
11 162
11 93
11 14
11 126
11 68
11 70
11 7
11 64
11 184
11 59
11 185
11 121
11 141
11 24
11 46
11 21
11 108
11 91
11 60
11 80
11 157
11 181
11 48
11 170
11 82
11 106
11 136
11 175
11 96
11 195
11 159
11 89
11 176
12 149
12 89
12 147
12 62
12 27
12 5
12 28
12 36
12 94
12 115
12 189
12 154
12 76
12 105
12 165
12 93
12 170
12 35
12 19
12 60
12 166
12 15
12 44
12 192
12 134
12 171
12 121
12 108
12 79
12 81
12 127
12 66
12 177
12 2
12 3
12 172
12 152
12 70
12 176
12 18
12 123
12 55
12 173
12 8
12 104
12 78
12 196
12 16
12 186
12 190
12 100
12 191
12 180
12 129
12 54
12 137
12 195
12 48
12 151
12 39
12 164
12 85
12 43
13 6
13 123
13 91
13 117
13 144
13 99
13 85
13 56
13 120
13 57
13 65
13 152
13 158
13 40
13 43
13 31
13 11
13 122
13 95
13 49
13 92
13 174
13 161
13 182
13 175
13 27
13 4
13 33
13 66
13 130
13 19
13 191
13 77
13 21
13 186
13 114
13 50
13 142
13 71
13 198
13 192
13 17
13 169
13 96
13 151
13 128
13 7
13 48
13 118
13 108
13 78
13 119
13 88
13 52
13 34
13 156
13 69
13 28
14 197
14 196
14 175
14 69
14 119
14 114
14 41
14 34
14 134
14 68
14 188
14 125
14 158
14 28
14 149
14 104
14 184
14 29
14 6
14 183
14 32
14 97
14 83
14 99
14 144
14 131
14 91
14 74
14 108
14 163
14 58
14 153
14 50
14 111
14 31
14 170
14 138
14 42
14 75
14 151
14 51
14 61
14 60
14 190
14 76
14 10
14 37
14 52
14 200
14 192
14 67
14 128
14 198
14 24
14 168
14 157
14 177
14 92
14 96
14 15
15 117
15 198
15 150
15 193
15 24
15 82
15 20
15 194
15 159
15 148
15 109
15 185
15 79
15 30
15 98
15 32
15 50
15 85
15 167
15 142
15 74
15 11
15 83
15 4
15 45
15 146
15 54
15 25
15 145
15 129
15 122
15 130
15 97
15 196
15 123
15 40
15 190
15 76
15 48
15 131
15 6
15 178
15 147
15 120
15 99
15 57
15 137
15 140
15 116
15 34
15 165
15 90
15 136
15 125
15 176
15 187
15 92
15 53
15 94
15 154
15 173
15 181
16 160
16 25
16 18
16 102
16 180
16 82
16 196
16 141
16 4
16 158
16 131
16 142
16 122
16 7
16 187
16 97
16 129
16 181
16 139
16 72
16 91
16 107
16 165
16 29
16 30
16 59
16 73
16 200
16 51
16 62
16 124
16 45
16 101
16 162
16 127
16 95
16 125
16 188
16 191
16 186
16 14
16 166
16 98
16 176
16 46
16 178
16 8
16 15
16 172
16 90
16 133
16 88
16 132
16 31
16 48
16 116
16 53
16 140
16 33
16 123
17 110
17 169
17 181
17 137
17 151
17 134
17 139
17 62
17 24
17 86
17 103
17 14
17 109
17 147
17 198
17 94
17 10
17 79
17 192
17 78
17 190
17 88
17 142
17 165
17 141
17 112
17 30
17 28
17 15
17 130
17 23
17 199
17 185
17 42
17 158
17 164
17 191
17 38
17 119
17 120
17 104
17 160
17 4
17 116
17 1
17 73
17 65
17 114
17 146
17 176
17 118
17 98
17 53
17 49
18 4
18 47
18 52
18 182
18 197
18 54
18 32
18 24
18 195
18 107
18 39
18 121
18 8
18 31
18 150
18 189
18 83
18 84
18 29
18 179
18 45
18 10
18 41
18 174
18 149
18 99
18 100
18 13
18 87
18 184
18 101
18 49
18 86
18 11
18 50
18 166
18 190
18 122
18 181
18 192
18 72
18 194
18 186
18 175
18 64
18 124
18 110
18 43
18 9
18 139
18 14
18 116
18 128
18 70
18 146
18 42
18 145
18 183
19 177
19 189
19 155
19 175
19 191
19 49
19 172
19 110
19 89
19 47
19 95
19 131
19 154
19 84
19 130
19 18
19 126
19 134
19 50
19 147
19 119
19 153
19 80
19 192
19 194
19 129
19 20
19 165
19 122
19 52
19 139
19 72
19 32
19 121
19 76
19 65
19 26
19 38
19 137
19 132
19 66
19 62
19 4
19 157
19 161
19 33
19 34
19 44
19 183
19 190
19 82
19 71
19 114
19 193
19 98
19 64
19 146
20 153
20 61
20 187
20 176
20 108
20 25
20 114
20 9
20 179
20 130
20 117
20 168
20 43
20 71
20 167
20 194
20 165
20 101
20 182
20 57
20 24
20 102
20 94
20 125
20 121
20 16
20 97
20 37
20 177
20 75
20 73
20 103
20 159
20 196
20 6
20 54
20 96
20 87
20 10
20 53
20 160
20 17
20 41
20 11
20 107
20 56
20 92
20 112
20 98
20 135
20 127
20 163
20 8
20 192
20 164
20 86
21 107
21 129
21 59
21 124
21 39
21 174
21 172
21 71
21 195
21 14
21 142
21 75
21 26
21 192
21 16
21 126
21 164
21 44
21 100
21 19
21 93
21 114
21 80
21 43
21 73
21 78
21 50
21 151
21 117
21 191
21 111
21 60
21 106
21 153
21 170
21 128
21 4
21 62
21 88
21 132
21 155
21 86
21 166
21 145
21 31
21 72
21 92
21 40
21 137
21 79
21 121
21 167
21 177
21 163
21 54
21 158
21 46
21 116
21 197
21 173
21 30
21 169
21 20
21 120
21 176
21 51
21 119
22 113
22 166
22 134
22 145
22 51
22 21
22 130
22 70
22 4
22 111
22 192
22 54
22 42
22 171
22 91
22 129
22 189
22 182
22 12
22 13
22 26
22 200
22 34
22 59
22 53
22 43
22 15
22 88
22 193
22 65
22 66
22 9
22 168
22 101
22 36
22 195
22 110
22 102
22 87
22 125
22 112
22 103
22 135
22 57
22 120
22 2
22 199
22 73
22 185
22 29
22 46
22 184
22 187
22 154
22 28
22 156
22 68
22 139
22 108
23 121
23 14
23 96
23 60
23 192
23 188
23 110
23 115
23 64
23 33
23 133
23 59
23 122
23 159
23 67
23 139
23 120
23 152
23 56
23 97
23 18
23 85
23 46
23 197
23 144
23 145
23 137
23 12
23 63
23 20
23 181
23 171
23 163
23 41
23 13
23 153
23 55
23 136
23 187
23 164
23 160
23 150
23 199
23 189
23 32
23 61
23 178
23 50
23 135
23 11
23 149
23 177
23 162
23 131
23 70
23 42
23 80
23 98
23 165
23 5
24 165
24 23
24 30
24 52
24 120
24 104
24 65
24 191
24 190
24 147
24 59
24 135
24 75
24 73
24 48
24 151
24 96
24 127
24 177
24 199
24 67
24 180
24 198
24 86
24 85
24 132
24 149
24 69
24 162
24 77
24 9
24 21
24 168
24 76
24 183
24 117
24 194
24 187
24 16
24 4
24 62
24 128
24 43
24 60
24 158
24 139
24 110
24 166
24 109
24 58
24 107
24 113
24 56
24 40
24 181
24 122
24 185
24 49
24 154
24 79
24 182
24 68
25 199
25 129
25 128
25 191
25 134
25 140
25 107
25 131
25 13
25 88
25 125
25 158
25 82
25 118
25 170
25 184
25 182
25 68
25 93
25 148
25 169
25 19
25 44
25 110
25 23
25 101
25 96
25 18
25 45
25 46
25 162
25 38
25 133
25 175
25 53
25 168
25 119
25 164
25 197
25 84
25 52
25 55
25 114
25 4
25 24
25 163
25 91
25 108
25 95
25 12
25 122
25 87
25 81
25 98
25 157
25 144
26 91
26 71
26 102
26 80
26 87
26 2
26 51
26 181
26 170
26 189
26 192
26 106
26 82
26 14
26 179
26 198
26 53
26 154
26 146
26 197
26 117
26 98
26 13
26 56
26 184
26 12
26 97
26 78
26 119
26 108
26 70
26 195
26 32
26 36
26 126
26 168
26 140
26 193
26 96
26 43
26 116
26 75
26 8
26 125
26 150
26 84
26 30
26 17
26 185
26 129
26 151
26 67
26 118
26 176
26 120
26 44
26 183
27 89
27 99
27 17
27 50
27 40
27 155
27 135
27 157
27 164
27 70
27 43
27 133
27 65
27 162
27 22
27 47
27 141
27 42
27 94
27 175
27 69
27 75
27 16
27 151
27 108
27 119
27 37
27 18
27 1
27 20
27 131
27 3
27 114
27 7
27 122
27 82
27 100
27 117
27 142
27 128
27 148
27 62
27 153
27 200
27 54
27 45
27 170
27 55
27 4
27 150
27 172
27 76
27 23
27 145
27 102
27 136
27 101
27 176
27 95
27 112
27 21
27 166
27 35
27 66
27 127
28 198
28 83
28 94
28 173
28 23
28 170
28 26
28 176
28 27
28 111
28 74
28 1
28 182
28 54
28 168
28 49
28 102
28 25
28 136
28 147
28 113
28 34
28 98
28 69
28 167
28 86
28 181
28 200
28 126
28 132
28 152
28 188
28 195
28 186
28 90
28 183
28 15
28 87
28 141
28 73
28 95
28 106
28 63
28 45
28 47
28 40
28 191
28 16
28 178
28 37
28 119
28 196
28 137
28 134
28 103
28 32
28 59
28 123
28 179
28 70
28 77
28 75
29 10
29 97
29 181
29 174
29 154
29 95
29 107
29 129
29 76
29 200
29 187
29 122
29 53
29 164
29 198
29 146
29 35
29 62
29 17
29 183
29 143
29 32
29 126
29 4
29 26
29 123
29 20
29 55
29 165
29 28
29 41
29 73
29 153
29 11
29 50
29 175
29 199
29 2
29 24
29 173
29 194
29 151
29 117
29 106
29 39
29 110
29 160
29 77
29 57
29 85
29 195
29 79
29 81
29 60
29 74
29 96
29 140
29 9
29 49
29 21
30 19
30 164
30 105
30 157
30 161
30 127
30 128
30 133
30 125
30 11
30 200
30 44
30 68
30 88
30 20
30 7
30 96
30 176
30 55
30 22
30 18
30 10
30 182
30 82
30 73
30 76
30 47
30 167
30 5
30 100
30 107
30 146
30 155
30 185
30 132
30 67
30 37
30 84
30 190
30 118
30 81
30 154
30 148
30 145
30 58
30 192
30 52
30 51
30 56
30 199
30 139
30 181
30 109
30 137
30 94
30 141
30 169
30 136
30 78
30 95
30 12
30 196
30 13
31 38
31 164
31 116
31 188
31 112
31 163
31 94
31 190
31 32
31 68
31 154
31 170
31 58
31 54
31 52
31 82
31 165
31 88
31 73
31 177
31 173
31 140
31 24
31 137
31 161
31 25
31 149
31 117
31 41
31 183
31 91
31 171
31 192
31 185
31 83
31 48
31 108
31 131
31 12
31 158
31 60
31 113
31 39
31 150
31 159
31 179
31 148
31 102
31 90
31 17
31 114
31 124
31 76
31 186
31 36
31 174
31 166
32 78
32 187
32 106
32 11
32 169
32 107
32 117
32 149
32 193
32 184
32 158
32 188
32 198
32 44
32 155
32 176
32 39
32 139
32 61
32 17
32 71
32 64
32 120
32 121
32 174
32 73
32 109
32 147
32 76
32 125
32 164
32 63
32 62
32 157
32 166
32 141
32 88
32 136
32 132
32 130
32 102
32 170
32 86
32 8
32 153
32 154
32 58
32 159
32 96
32 89
32 200
32 47
32 168
32 56
32 21
32 74
32 161
32 108
32 85
33 82
33 134
33 40
33 58
33 151
33 183
33 188
33 2
33 49
33 92
33 34
33 90
33 79
33 38
33 14
33 61
33 117
33 21
33 146
33 133
33 3
33 44
33 172
33 149
33 84
33 124
33 101
33 175
33 105
33 153
33 171
33 169
33 163
33 121
33 24
33 95
33 89
33 176
33 108
33 18
33 53
33 109
33 164
33 139
33 123
33 25
33 57
33 184
33 42
33 128
33 167
33 1
33 91
33 66
33 78
33 168
33 170
33 56
33 132
33 41
33 43
33 12
34 46
34 143
34 63
34 38
34 144
34 43
34 130
34 52
34 21
34 20
34 75
34 8
34 77
34 100
34 23
34 66
34 27
34 2
34 150
34 132
34 145
34 31
34 35
34 147
34 101
34 80
34 47
34 155
34 127
34 1
34 5
34 3
34 4
34 96
34 177
34 199
34 105
34 160
34 57
34 187
34 110
34 40
34 24
34 197
34 26
34 137
34 106
34 90
34 166
34 85
35 195
35 95
35 121
35 59
35 66
35 6
35 19
35 26
35 155
35 79
35 196
35 102
35 98
35 115
35 94
35 144
35 118
35 64
35 125
35 42
35 48
35 182
35 149
35 72
35 184
35 47
35 164
35 193
35 140
35 191
35 162
35 161
35 44
35 160
35 187
35 52
35 112
35 168
35 145
35 55
35 85
35 41
35 178
35 76
35 57
35 117
35 43
35 93
35 38
35 126
35 24
35 18
35 194
35 91
35 3
35 46
35 131
35 92
36 14
36 195
36 39
36 111
36 60
36 137
36 120
36 19
36 38
36 10
36 78
36 147
36 34
36 57
36 43
36 151
36 99
36 134
36 29
36 90
36 71
36 1
36 65
36 116
36 15
36 18
36 85
36 100
36 199
36 130
36 58
36 118
36 140
36 51
36 117
36 25
36 122
36 101
36 145
36 169
36 70
36 124
36 180
36 155
36 40
36 9
36 7
36 161
36 159
36 21
36 27
36 188
36 110
36 135
36 24
36 198
36 55
36 91
36 166
36 187
36 184
37 26
37 90
37 50
37 104
37 44
37 33
37 96
37 1
37 21
37 46
37 154
37 95
37 13
37 59
37 108
37 66
37 144
37 31
37 92
37 169
37 177
37 56
37 25
37 85
37 99
37 183
37 47
37 137
37 175
37 176
37 35
37 126
37 64
37 74
37 58
37 152
37 4
37 168
37 197
37 165
37 70
37 119
37 150
37 80
37 57
37 76
37 191
37 86
37 29
37 73
37 147
37 18
37 48
37 41
37 53
37 103
37 196
37 162
37 23
37 138
37 170
37 189
37 107
37 24
37 121
37 114
37 195
38 28
38 72
38 21
38 162
38 154
38 37
38 146
38 63
38 126
38 69
38 59
38 139
38 101
38 40
38 4
38 77
38 181
38 96
38 9
38 95
38 88
38 85
38 83
38 173
38 159
38 152
38 196
38 121
38 20
38 3
38 6
38 119
38 176
38 15
38 43
38 190
38 132
38 64
38 186
38 178
38 174
38 8
38 123
38 82
38 128
38 184
38 157
38 141
38 99
38 73
38 143
38 80
38 93
38 158
38 136
38 195
38 52
38 120
38 47
39 33
39 76
39 156
39 138
39 187
39 2
39 79
39 116
39 19
39 196
39 27
39 117
39 182
39 93
39 133
39 134
39 5
39 11
39 171
39 66
39 170
39 190
39 35
39 44
39 132
39 90
39 175
39 72
39 24
39 25
39 119
39 38
39 13
39 197
39 45
39 109
39 4
39 37
39 67
39 7
39 193
39 189
39 128
39 65
39 69
39 188
39 63
39 129
39 152
39 26
39 100
39 80
39 16
39 61
39 198
39 149
39 174
39 15
40 54
40 46
40 95
40 88
40 127
40 44
40 118
40 86
40 14
40 187
40 60
40 42
40 130
40 69
40 7
40 136
40 66
40 2
40 1
40 171
40 164
40 92
40 31
40 131
40 181
40 191
40 147
40 77
40 85
40 81
40 17
40 90
40 65
40 49
40 173
40 23
40 178
40 11
40 106
40 135
40 107
40 6
40 18
40 140
40 198
40 22
40 142
40 141
40 19
40 5
40 32
40 48
40 4
40 200
40 83
40 153
40 68
40 159
40 132
40 25
40 163
40 165
41 62
41 173
41 103
41 111
41 27
41 178
41 49
41 57
41 134
41 90
41 136
41 21
41 48
41 12
41 22
41 85
41 3
41 186
41 192
41 137
41 30
41 55
41 24
41 65
41 101
41 66
41 119
41 102
41 174
41 164
41 98
41 144
41 198
41 54
41 135
41 6
41 171
41 139
41 195
41 97
41 77
41 153
41 92
41 155
41 100
41 158
41 131
41 130
41 8
41 138
41 110
41 180
41 87
41 44
41 16
41 128
41 59
41 56
42 36
42 148
42 198
42 108
42 143
42 39
42 31
42 159
42 122
42 30
42 41
42 13
42 147
42 63
42 132
42 189
42 192
42 59
42 135
42 191
42 34
42 176
42 131
42 1
42 93
42 8
42 89
42 183
42 165
42 123
42 104
42 85
42 140
42 6
42 181
42 197
42 137
42 138
42 145
42 156
42 55
42 24
42 166
42 124
42 29
42 25
42 130
42 71
42 38
42 80
42 49
42 193
42 37
42 134
42 109
42 144
42 54
42 2
42 199
43 58
43 140
43 155
43 119
43 190
43 200
43 128
43 101
43 57
43 14
43 123
43 28
43 37
43 30
43 32
43 133
43 55
43 129
43 102
43 138
43 107
43 118
43 1
43 125
43 100
43 80
43 175
43 179
43 176
43 113
43 115
43 54
43 153
43 182
43 19
43 105
43 106
43 29
43 198
43 135
43 42
43 136
43 40
43 139
43 88
43 147
43 23
43 186
43 67
43 25
43 8
43 82
43 161
43 72
43 197
44 161
44 53
44 157
44 129
44 27
44 100
44 22
44 190
44 16
44 106
44 73
44 162
44 105
44 101
44 42
44 148
44 171
44 20
44 1
44 43
44 173
44 156
44 122
44 89
44 65
44 64
44 139
44 31
44 84
44 121
44 110
44 152
44 145
44 3
44 144
44 24
44 165
44 177
44 193
44 94
44 136
44 86
44 78
44 172
44 6
44 47
44 198
44 178
44 112
44 127
44 141
44 169
44 96
44 183
44 29
44 95
44 80
44 160
44 138
44 200
45 183
45 129
45 181
45 102
45 100
45 51
45 131
45 124
45 90
45 24
45 23
45 104
45 172
45 187
45 114
45 12
45 19
45 155
45 50
45 149
45 174
45 46
45 20
45 86
45 48
45 137
45 134
45 176
45 5
45 43
45 10
45 186
45 79
45 161
45 3
45 76
45 97
45 31
45 101
45 158
45 37
45 122
45 89
45 81
45 7
45 139
45 17
45 109
45 140
45 150
45 64
45 93
45 21
45 84
45 173
45 73
45 200
45 52
45 55
45 14
45 106
46 146
46 67
46 121
46 33
46 28
46 109
46 138
46 174
46 114
46 193
46 164
46 199
46 120
46 48
46 110
46 39
46 127
46 126
46 18
46 160
46 169
46 163
46 101
46 105
46 44
46 177
46 49
46 76
46 24
46 51
46 129
46 147
46 195
46 1
46 168
46 20
46 134
46 176
46 191
46 57
46 188
46 43
46 198
46 122
46 148
46 185
46 88
46 102
46 31
46 99
46 79
46 154
46 170
46 36
46 85
46 72
46 143
46 52
46 80
46 32
46 144
46 130
46 64
46 87
46 41
46 27
46 197
46 171
47 84
47 162
47 187
47 125
47 64
47 145
47 22
47 152
47 158
47 90
47 53
47 115
47 126
47 51
47 45
47 123
47 188
47 61
47 15
47 26
47 168
47 179
47 12
47 155
47 42
47 86
47 173
47 106
47 7
47 175
47 10
47 164
47 119
47 78
47 71
47 190
47 25
47 120
47 54
47 181
47 196
47 138
47 41
47 169
47 129
47 46
47 124
47 149
47 159
47 5
47 100
47 122
47 91
47 8
47 74
47 101
47 6
47 65
47 24
47 185
47 200
47 14
47 2
48 73
48 136
48 89
48 58
48 104
48 29
48 17
48 8
48 86
48 1
48 120
48 184
48 53
48 7
48 74
48 139
48 101
48 90
48 159
48 33
48 34
48 109
48 71
48 68
48 180
48 117
48 189
48 166
48 182
48 131
48 14
48 42
48 154
48 173
48 3
48 119
48 188
48 64
48 30
48 167
48 170
48 150
48 79
48 155
48 19
48 51
48 22
48 197
48 102
48 72
48 75
48 145
48 153
48 199
48 110
48 122
48 185
48 144
48 87
48 193
48 147
49 148
49 122
49 150
49 4
49 180
49 160
49 36
49 92
49 191
49 104
49 144
49 72
49 110
49 141
49 134
49 185
49 7
49 43
49 76
49 35
49 30
49 199
49 115
49 200
49 167
49 157
49 197
49 83
49 80
49 178
49 15
49 25
49 105
49 45
49 87
49 20
49 145
49 123
49 100
49 63
49 172
49 50
49 97
49 139
49 65
49 85
49 54
49 133
49 47
49 81
49 95
49 153
49 14
49 69
49 89
50 105
50 79
50 41
50 94
50 38
50 188
50 71
50 199
50 176
50 11
50 133
50 93
50 30
50 154
50 58
50 74
50 24
50 54
50 1
50 195
50 168
50 33
50 92
50 161
50 52
50 12
50 144
50 115
50 77
50 42
50 196
50 4
50 119
50 130
50 172
50 110
50 181
50 182
50 128
50 169
50 76
50 32
50 118
50 140
50 164
50 40
50 78
50 43
50 160
50 69
50 39
50 197
50 28
50 68
51 90
51 85
51 104
51 185
51 23
51 77
51 159
51 28
51 44
51 183
51 2
51 121
51 174
51 152
51 19
51 156
51 184
51 167
51 65
51 154
51 155
51 199
51 10
51 95
51 72
51 73
51 80
51 146
51 79
51 25
51 32
51 175
51 34
51 27
51 62
51 150
51 7
51 20
51 142
51 127
51 71
51 103
51 29
51 15
51 115
51 18
51 58
51 76
51 17
51 108
51 131
51 107
51 180
51 84
52 138
52 95
52 151
52 125
52 126
52 194
52 62
52 70
52 29
52 2
52 189
52 33
52 77
52 89
52 139
52 169
52 27
52 37
52 41
52 16
52 49
52 191
52 15
52 32
52 163
52 55
52 121
52 178
52 79
52 12
52 58
52 133
52 159
52 165
52 1
52 36
52 88
52 99
52 57
52 9
52 127
52 193
52 130
52 170
52 68
52 92
52 90
52 173
52 106
52 11
52 17
52 10
52 47
52 28
52 8
52 185
52 105
52 110
53 18
53 182
53 46
53 61
53 1
53 180
53 7
53 64
53 152
53 4
53 138
53 56
53 93
53 88
53 38
53 175
53 70
53 36
53 144
53 105
53 100
53 9
53 191
53 14
53 49
53 28
53 165
53 106
53 96
53 83
53 174
53 128
53 160
53 172
53 40
53 66
53 137
53 99
53 185
53 79
53 31
53 19
53 146
53 123
53 140
53 196
53 102
53 58
53 8
53 42
53 168
53 101
53 108
53 55
53 65
53 54
53 39
53 109
53 136
53 67
53 11
53 121
54 136
54 191
54 35
54 168
54 121
54 111
54 156
54 83
54 85
54 161
54 187
54 119
54 25
54 6
54 14
54 94
54 130
54 108
54 189
54 135
54 143
54 133
54 166
54 151
54 167
54 72
54 104
54 26
54 194
54 169
54 188
54 17
54 68
54 51
54 3
54 165
54 103
54 134
54 182
54 175
54 113
54 150
54 32
54 145
54 61
54 89
54 138
54 97
54 199
54 109
54 115
54 139
54 5
54 2
54 155
54 180
54 36
54 105
54 87
54 99
55 76
55 37
55 129
55 65
55 40
55 20
55 160
55 169
55 190
55 102
55 60
55 92
55 54
55 22
55 5
55 49
55 83
55 96
55 178
55 145
55 166
55 107
55 62
55 1
55 105
55 122
55 90
55 28
55 79
55 103
55 175
55 94
55 148
55 91
55 17
55 130
55 110
55 147
55 4
55 173
55 116
55 167
55 33
55 171
55 98
55 71
55 75
55 106
55 119
55 142
55 14
55 154
55 157
55 21
55 97
55 183
55 39
55 89
55 13
55 38
55 31
55 177
55 153
55 159
55 72
55 181
56 127
56 46
56 77
56 38
56 75
56 168
56 111
56 49
56 25
56 153
56 125
56 200
56 70
56 112
56 47
56 137
56 119
56 22
56 89
56 7
56 1
56 103
56 159
56 79
56 14
56 16
56 27
56 149
56 9
56 152
56 171
56 97
56 45
56 19
56 84
56 174
56 51
56 52
56 60
56 12
56 110
56 34
56 82
56 28
56 181
56 121
56 169
56 11
56 158
56 50
56 188
56 40
56 54
56 134
56 35
56 128
56 166
56 74
56 120
56 36
56 124
56 145
56 88
56 129
56 96
57 139
57 75
57 10
57 79
57 115
57 106
57 180
57 121
57 58
57 56
57 90
57 19
57 127
57 27
57 105
57 11
57 83
57 70
57 63
57 42
57 163
57 5
57 95
57 149
57 24
57 18
57 45
57 28
57 7
57 39
57 81
57 192
57 8
57 102
57 175
57 47
57 165
57 65
57 66
57 194
57 67
57 91
57 159
57 181
57 179
57 78
57 101
57 185
57 166
57 145
57 3
57 73
57 196
57 135
57 12
57 167
57 199
57 108
57 40
57 104
57 187
57 138
57 54
57 168
57 136
57 125
58 150
58 87
58 65
58 100
58 16
58 86
58 142
58 11
58 143
58 67
58 46
58 42
58 49
58 149
58 141
58 136
58 121
58 177
58 25
58 13
58 40
58 145
58 133
58 190
58 84
58 113
58 61
58 23
58 127
58 184
58 176
58 154
58 71
58 153
58 35
58 185
58 159
58 124
58 130
58 45
58 189
58 96
58 81
58 128
58 72
58 109
58 111
58 28
58 2
58 29
58 186
58 192
58 132
58 172
58 21
58 54
58 118
58 115
58 167
59 185
59 198
59 110
59 13
59 138
59 134
59 54
59 57
59 182
59 47
59 50
59 159
59 17
59 105
59 52
59 27
59 81
59 88
59 4
59 44
59 67
59 15
59 184
59 164
59 18
59 151
59 86
59 181
59 196
59 94
59 96
59 115
59 97
59 199
59 48
59 55
59 33
59 142
59 75
59 93
59 73
59 85
59 120
59 170
59 145
59 10
59 6
59 178
59 143
59 46
59 161
59 20
59 175
59 101
59 128
59 183
59 186
59 69
59 180
60 171
60 79
60 48
60 141
60 75
60 165
60 98
60 15
60 13
60 49
60 102
60 112
60 164
60 18
60 80
60 42
60 87
60 189
60 150
60 5
60 119
60 172
60 138
60 44
60 148
60 26
60 104
60 187
60 63
60 20
60 196
60 115
60 2
60 72
60 123
60 45
60 127
60 30
60 100
60 129
60 86
60 78
60 1
60 147
60 180
60 124
60 17
60 198
60 57
60 65
60 114
60 7
60 111
60 188
60 74
60 117
60 59
60 174
60 27
60 68
61 88
61 93
61 199
61 188
61 95
61 166
61 82
61 154
61 104
61 52
61 6
61 59
61 27
61 89
61 178
61 113
61 50
61 117
61 91
61 21
61 29
61 135
61 68
61 106
61 19
61 45
61 100
61 171
61 96
61 40
61 34
61 130
61 180
61 156
61 15
61 84
61 94
61 132
61 122
61 119
61 16
61 158
61 191
61 98
61 121
61 87
61 196
61 160
61 17
61 149
61 38
61 181
61 108
61 55
61 42
61 28
62 162
62 189
62 101
62 112
62 110
62 97
62 34
62 79
62 180
62 114
62 142
62 74
62 70
62 175
62 160
62 148
62 150
62 177
62 126
62 107
62 138
62 38
62 50
62 187
62 4
62 26
62 152
62 15
62 56
62 188
62 13
62 176
62 11
62 36
62 146
62 156
62 109
62 118
62 105
62 149
62 169
62 181
62 132
62 135
62 10
62 78
62 163
62 76
62 200
62 63
62 173
62 108
62 44
62 64
62 151
62 25
63 45
63 186
63 200
63 10
63 92
63 175
63 109
63 156
63 17
63 135
63 15
63 75
63 36
63 180
63 41
63 181
63 54
63 37
63 11
63 26
63 160
63 47
63 141
63 179
63 50
63 100
63 171
63 91
63 31
63 58
63 51
63 131
63 52
63 87
63 44
63 95
63 64
63 33
63 46
63 120
63 25
63 150
63 82
63 2
63 143
63 149
63 56
63 184
63 1
63 22
63 30
63 125
63 18
63 177
64 120
64 78
64 20
64 127
64 148
64 94
64 115
64 180
64 168
64 131
64 10
64 81
64 3
64 31
64 6
64 21
64 175
64 136
64 24
64 97
64 39
64 55
64 188
64 15
64 60
64 92
64 16
64 160
64 195
64 68
64 178
64 69
64 93
64 22
64 103
64 108
64 79
64 2
64 106
64 126
64 159
64 76
64 119
64 140
64 1
64 49
64 87
64 57
64 61
64 132
64 5
64 141
64 17
64 112
64 56
64 96
64 183
64 75
64 9
64 161
64 85
64 129
65 20
65 173
65 48
65 162
65 197
65 3
65 187
65 1
65 93
65 123
65 164
65 25
65 172
65 9
65 156
65 63
65 147
65 175
65 200
65 83
65 35
65 16
65 71
65 138
65 32
65 110
65 186
65 5
65 56
65 77
65 88
65 8
65 124
65 121
65 64
65 67
65 43
65 78
65 188
65 34
65 184
65 21
65 103
65 128
65 133
65 52
65 169
65 95
65 114
65 46
65 108
65 107
65 2
65 194
65 23
65 10
65 94
65 26
65 181
65 120
65 37
65 15
65 30
65 195
65 185
65 116
65 149
66 60
66 113
66 140
66 116
66 89
66 123
66 119
66 100
66 153
66 46
66 25
66 157
66 168
66 5
66 87
66 146
66 117
66 163
66 93
66 50
66 169
66 179
66 69
66 31
66 177
66 138
66 76
66 156
66 45
66 166
66 162
66 122
66 28
66 130
66 151
66 176
66 81
66 131
66 2
66 80
66 59
66 101
66 56
66 78
66 95
66 182
66 102
66 99
66 54
66 52
66 58
66 77
66 133
66 137
66 30
66 125
66 118
66 143
67 49
67 56
67 122
67 8
67 89
67 151
67 165
67 87
67 20
67 41
67 152
67 94
67 95
67 195
67 51
67 93
67 36
67 153
67 64
67 113
67 32
67 115
67 119
67 139
67 2
67 37
67 10
67 70
67 88
67 157
67 72
67 54
67 176
67 174
67 19
67 42
67 81
67 16
67 150
67 69
67 60
67 62
67 179
67 47
67 22
67 18
67 145
67 35
67 118
67 44
67 144
67 132
67 11
67 12
67 109
67 175
67 34
67 189
67 160
67 15
67 73
67 159
68 1
68 97
68 152
68 108
68 102
68 12
68 184
68 191
68 115
68 120
68 176
68 28
68 106
68 83
68 161
68 66
68 103
68 42
68 171
68 187
68 118
68 141
68 116
68 177
68 91
68 86
68 56
68 37
68 18
68 175
68 159
68 178
68 119
68 197
68 59
68 168
68 53
68 169
68 74
68 123
68 16
68 182
68 135
68 92
68 46
68 27
68 190
68 131
68 112
68 5
68 95
68 158
68 163
68 195
68 88
68 77
68 76
68 9
69 86
69 181
69 48
69 192
69 78
69 124
69 119
69 190
69 197
69 61
69 184
69 53
69 143
69 174
69 4
69 154
69 133
69 165
69 72
69 85
69 132
69 9
69 10
69 125
69 136
69 148
69 150
69 103
69 193
69 123
69 89
69 63
69 43
69 16
69 37
69 171
69 118
69 68
69 65
69 179
69 29
69 51
69 58
69 138
69 170
69 111
69 102
69 56
69 135
69 173
69 45
69 19
69 98
69 188
69 41
69 180
69 17
69 30
69 131
70 21
70 159
70 42
70 54
70 158
70 160
70 24
70 47
70 130
70 63
70 186
70 119
70 106
70 173
70 110
70 131
70 17
70 124
70 171
70 87
70 193
70 40
70 97
70 45
70 29
70 144
70 3
70 107
70 151
70 121
70 71
70 50
70 117
70 180
70 64
70 43
70 145
70 85
70 89
70 179
70 16
70 141
70 32
70 60
70 103
70 192
70 92
70 183
70 39
70 25
70 182
70 30
70 134
70 105
70 154
70 137
70 14
70 187
71 174
71 76
71 31
71 165
71 177
71 97
71 161
71 117
71 78
71 35
71 4
71 186
71 190
71 28
71 39
71 9
71 101
71 189
71 146
71 54
71 14
71 170
71 67
71 187
71 151
71 8
71 115
71 83
71 52
71 59
71 44
71 49
71 145
71 109
71 53
71 150
71 98
71 66
71 57
71 194
71 196
71 162
71 85
71 132
71 91
71 104
71 143
71 180
71 166
71 164
71 33
71 114
71 60
71 77
71 136
71 105
71 111
71 121
71 171
71 69
71 16
71 46
71 34
71 116
72 166
72 180
72 181
72 91
72 188
72 97
72 20
72 95
72 33
72 71
72 42
72 182
72 5
72 147
72 134
72 198
72 89
72 56
72 140
72 109
72 96
72 93
72 148
72 199
72 86
72 13
72 57
72 102
72 74
72 160
72 178
72 30
72 170
72 128
72 1
72 32
72 11
72 44
72 40
72 84
72 138
72 37
72 172
72 24
72 65
72 165
72 124
72 136
72 23
72 10
72 141
72 195
72 196
73 186
73 178
73 122
73 136
73 7
73 181
73 50
73 86
73 80
73 196
73 187
73 140
73 85
73 40
73 54
73 159
73 15
73 119
73 65
73 177
73 138
73 171
73 72
73 10
73 176
73 194
73 168
73 47
73 69
73 146
73 23
73 148
73 132
73 150
73 58
73 98
73 55
73 99
73 76
73 5
73 77
73 25
73 155
73 130
73 92
73 191
73 60
73 145
73 61
73 172
73 189
73 88
73 26
73 96
73 74
73 104
73 49
73 103
73 121
74 12
74 30
74 75
74 109
74 87
74 110
74 65
74 57
74 167
74 159
74 8
74 166
74 103
74 118
74 96
74 61
74 121
74 46
74 114
74 168
74 120
74 156
74 2
74 51
74 49
74 170
74 59
74 194
74 67
74 13
74 69
74 24
74 176
74 150
74 136
74 6
74 84
74 172
74 100
74 17
74 95
74 145
74 92
74 122
74 97
74 128
74 151
74 7
74 44
74 58
74 33
74 81
74 163
74 70
74 45
74 199
74 135
74 34
74 179
74 20
75 71
75 146
75 116
75 172
75 9
75 7
75 109
75 118
75 39
75 45
75 148
75 97
75 53
75 37
75 36
75 65
75 49
75 155
75 1
75 137
75 178
75 197
75 133
75 47
75 162
75 130
75 10
75 42
75 159
75 191
75 104
75 111
75 89
75 13
75 12
75 152
75 23
75 88
75 84
75 200
75 195
75 32
75 194
75 43
75 33
75 83
75 112
75 58
75 124
75 125
75 136
75 22
75 110
75 115
75 46
75 120
75 98
75 15
75 184
76 175
76 166
76 26
76 109
76 131
76 53
76 70
76 126
76 104
76 168
76 155
76 162
76 141
76 147
76 22
76 129
76 154
76 33
76 52
76 188
76 86
76 181
76 17
76 93
76 101
76 9
76 186
76 106
76 146
76 44
76 56
76 116
76 119
76 63
76 85
76 111
76 105
76 187
76 28
76 5
76 153
76 170
76 123
76 140
76 127
76 89
76 169
76 84
76 152
76 114
76 16
76 117
76 43
76 199
76 124
76 57
76 60
76 125
77 98
77 168
77 108
77 97
77 116
77 121
77 86
77 185
77 64
77 45
77 15
77 119
77 26
77 103
77 27
77 154
77 78
77 35
77 12
77 31
77 33
77 80
77 124
77 70
77 183
77 59
77 171
77 99
77 156
77 8
77 62
77 37
77 23
77 145
77 199
77 46
77 36
77 53
77 74
77 95
77 172
77 67
77 32
77 115
77 140
77 16
77 92
77 17
77 149
77 30
77 81
77 100
77 72
77 101
77 200
77 1
77 181
77 173
77 11
77 25
77 148
77 90
77 139
77 110
77 91
78 96
78 105
78 181
78 152
78 85
78 75
78 54
78 145
78 100
78 126
78 193
78 141
78 146
78 39
78 109
78 136
78 200
78 188
78 70
78 116
78 149
78 94
78 103
78 187
78 112
78 148
78 46
78 196
78 29
78 88
78 131
78 195
78 129
78 81
78 172
78 45
78 161
78 197
78 27
78 185
78 56
78 72
78 40
78 189
78 159
78 147
78 35
78 180
78 49
78 194
78 198
78 15
78 130
78 41
78 92
78 43
78 55
78 108
79 83
79 153
79 113
79 111
79 127
79 158
79 75
79 28
79 114
79 107
79 47
79 125
79 67
79 18
79 97
79 141
79 159
79 16
79 73
79 76
79 128
79 183
79 59
79 32
79 14
79 156
79 184
79 169
79 42
79 118
79 74
79 130
79 66
79 193
79 9
79 163
79 70
79 165
79 49
79 90
79 187
79 154
79 174
79 38
79 110
79 77
79 23
79 4
79 155
79 80
79 81
79 61
79 179
79 65
79 7
79 149
79 150
79 100
79 3
79 71
79 41
79 194
79 22
79 89
79 186
79 198
80 132
80 160
80 96
80 108
80 5
80 40
80 58
80 142
80 24
80 165
80 197
80 94
80 98
80 18
80 138
80 127
80 25
80 166
80 184
80 134
80 168
80 129
80 193
80 45
80 65
80 180
80 131
80 158
80 128
80 62
80 157
80 101
80 27
80 87
80 161
80 139
80 121
80 146
80 47
80 97
80 59
80 61
80 109
80 100
80 28
80 123
80 72
80 153
80 99
80 41
80 57
80 53
80 112
81 13
81 41
81 146
81 157
81 54
81 165
81 119
81 133
81 34
81 4
81 87
81 95
81 145
81 139
81 6
81 124
81 22
81 89
81 134
81 7
81 90
81 80
81 17
81 115
81 86
81 141
81 71
81 16
81 61
81 151
81 122
81 114
81 21
81 19
81 53
81 160
81 175
81 39
81 72
81 48
81 73
81 56
81 142
81 24
81 94
81 189
81 26
81 51
81 68
81 65
81 138
81 60
81 88
81 178
81 102
81 177
81 37
81 169
81 153
82 52
82 68
82 189
82 180
82 179
82 39
82 62
82 87
82 146
82 193
82 141
82 36
82 35
82 191
82 133
82 176
82 18
82 101
82 194
82 181
82 80
82 44
82 92
82 12
82 125
82 94
82 69
82 89
82 3
82 60
82 126
82 151
82 187
82 131
82 161
82 174
82 103
82 22
82 157
82 51
82 117
82 20
82 24
82 72
82 90
82 153
82 83
82 49
82 17
82 88
82 81
82 46
82 53
82 29
82 14
82 200
82 164
82 23
82 48
82 122
82 99
82 2
82 59
82 98
82 78
82 76
82 152
82 37
83 168
83 41
83 193
83 70
83 87
83 85
83 60
83 133
83 7
83 35
83 19
83 66
83 112
83 64
83 120
83 2
83 104
83 122
83 181
83 190
83 3
83 9
83 4
83 59
83 195
83 62
83 97
83 178
83 148
83 44
83 63
83 156
83 36
83 42
83 135
83 174
83 101
83 173
83 95
83 152
83 180
83 32
83 170
83 114
83 27
83 165
83 93
83 86
83 182
83 162
83 106
83 155
84 184
84 15
84 158
84 178
84 36
84 144
84 82
84 150
84 92
84 39
84 22
84 68
84 180
84 99
84 151
84 138
84 57
84 49
84 28
84 50
84 195
84 62
84 98
84 12
84 17
84 42
84 52
84 115
84 65
84 34
84 172
84 102
84 9
84 79
84 14
84 137
84 129
84 126
84 63
84 77
84 80
84 81
84 194
84 106
84 120
84 23
84 16
84 90
84 27
84 199
84 156
84 1
84 140
84 37
84 73
84 119
84 130
84 67
84 21
84 105
85 151
85 101
85 120
85 193
85 1
85 82
85 65
85 81
85 106
85 152
85 94
85 18
85 95
85 98
85 188
85 30
85 63
85 31
85 11
85 99
85 107
85 20
85 66
85 2
85 44
85 144
85 103
85 77
85 97
85 168
85 158
85 153
85 156
85 161
85 79
85 26
85 129
85 58
85 53
85 121
85 171
85 118
85 165
85 167
85 123
85 111
85 22
85 178
85 3
85 45
85 109
85 196
85 56
85 89
85 179
85 199
85 182
85 113
85 14
85 175
85 176
85 55
85 33
85 19
86 29
86 6
86 67
86 2
86 164
86 10
86 163
86 55
86 139
86 71
86 115
86 51
86 132
86 127
86 90
86 160
86 151
86 43
86 184
86 41
86 46
86 143
86 3
86 61
86 75
86 104
86 122
86 102
86 118
86 54
86 98
86 79
86 91
86 173
86 53
86 74
86 30
86 65
86 171
86 130
86 70
86 181
86 133
86 38
86 178
86 157
86 101
86 175
86 22
86 121
86 97
86 27
86 124
86 187
86 52
86 80
86 134
86 26
86 49
86 162
86 96
87 2
87 187
87 115
87 198
87 104
87 182
87 50
87 85
87 100
87 147
87 131
87 106
87 118
87 68
87 9
87 21
87 62
87 190
87 145
87 53
87 180
87 1
87 27
87 158
87 33
87 19
87 3
87 93
87 199
87 65
87 116
87 17
87 99
87 194
87 123
87 69
87 8
87 183
87 136
87 172
87 5
87 135
87 11
87 45
87 23
87 140
87 36
87 35
87 75
87 111
87 129
87 113
87 6
87 12
87 84
87 174
87 79
87 77
87 71
87 42
88 39
88 95
88 89
88 41
88 79
88 117
88 193
88 8
88 181
88 113
88 54
88 100
88 126
88 26
88 85
88 5
88 118
88 51
88 45
88 111
88 171
88 109
88 169
88 77
88 188
88 84
88 98
88 93
88 110
88 154
88 148
88 37
88 187
88 91
88 87
88 97
88 83
88 12
88 146
88 196
88 120
88 139
88 35
88 27
88 132
88 80
88 64
88 36
88 129
88 162
88 10
88 172
88 28
88 186
88 175
88 124
88 69
88 161
88 141
88 15
88 106
88 34
88 160
88 24
88 150
89 103
89 60
89 9
89 124
89 184
89 110
89 73
89 187
89 35
89 169
89 192
89 186
89 144
89 119
89 146
89 36
89 153
89 30
89 138
89 199
89 59
89 161
89 182
89 5
89 47
89 109
89 155
89 140
89 20
89 135
89 145
89 125
89 113
89 21
89 38
89 97
89 195
89 34
89 74
89 176
89 129
89 84
89 104
89 23
89 198
89 178
89 197
89 90
89 41
89 151
89 160
89 26
89 157
89 190
89 175
89 131
89 116
89 53
89 29
90 167
90 109
90 27
90 140
90 38
90 58
90 67
90 130
90 196
90 144
90 3
90 96
90 179
90 56
90 123
90 173
90 126
90 191
90 174
90 76
90 72
90 141
90 78
90 163
90 97
90 165
90 156
90 185
90 59
90 172
90 113
90 29
90 62
90 111
90 148
90 66
90 35
90 53
90 176
90 170
90 68
90 32
90 127
90 92
90 46
90 26
90 193
90 54
90 181
90 12
90 22
90 2
90 5
90 118
90 91
90 200
90 49
90 147
90 88
90 142
90 75
91 154
91 70
91 106
91 1
91 114
91 143
91 199
91 152
91 168
91 140
91 157
91 188
91 137
91 138
91 115
91 124
91 48
91 116
91 64
91 83
91 164
91 197
91 169
91 67
91 135
91 192
91 144
91 195
91 66
91 34
91 15
91 147
91 74
91 59
91 148
91 85
91 24
91 37
91 182
91 183
91 8
91 12
91 173
91 156
91 92
91 162
91 21
91 112
91 101
91 145
91 27
91 127
91 100
91 170
91 56
91 176
91 69
91 28
92 181
92 31
92 38
92 29
92 183
92 121
92 96
92 173
92 99
92 69
92 17
92 137
92 126
92 97
92 127
92 51
92 171
92 95
92 150
92 165
92 143
92 26
92 136
92 60
92 66
92 193
92 83
92 153
92 5
92 6
92 79
92 130
92 103
92 102
92 156
92 108
92 166
92 65
92 59
92 160
92 189
92 123
92 27
92 7
92 22
92 25
92 146
92 57
92 175
92 86
92 58
92 124
92 16
92 30
92 140
92 88
92 1
92 47
93 130
93 109
93 150
93 55
93 4
93 102
93 124
93 32
93 18
93 171
93 185
93 33
93 82
93 6
93 154
93 70
93 122
93 58
93 161
93 160
93 172
93 16
93 159
93 60
93 75
93 119
93 156
93 157
93 127
93 95
93 166
93 48
93 178
93 149
93 8
93 105
93 143
93 77
93 112
93 68
93 100
93 63
93 103
93 24
93 198
93 9
93 71
93 51
93 141
93 155
93 27
93 192
93 175
93 19
93 193
93 145
94 176
94 185
94 4
94 189
94 200
94 29
94 103
94 162
94 47
94 153
94 87
94 134
94 43
94 83
94 79
94 2
94 22
94 77
94 111
94 34
94 102
94 183
94 110
94 123
94 161
94 131
94 93
94 18
94 14
94 19
94 48
94 157
94 74
94 147
94 33
94 108
94 179
94 190
94 25
94 167
94 195
94 175
94 37
94 6
94 186
94 196
94 170
94 191
94 49
94 152
94 192
94 23
94 42
94 164
94 146
94 56
95 179
95 166
95 18
95 42
95 54
95 20
95 183
95 48
95 155
95 159
95 64
95 144
95 115
95 112
95 128
95 119
95 125
95 177
95 96
95 180
95 113
95 55
95 22
95 58
95 3
95 103
95 161
95 147
95 110
95 168
95 184
95 134
95 6
95 94
95 99
95 60
95 36
95 46
95 137
95 190
95 153
95 75
95 133
95 136
95 130
95 185
95 145
95 195
95 31
95 70
95 80
95 187
95 182
95 91
95 146
95 21
95 173
95 73
95 7
96 194
96 138
96 52
96 28
96 7
96 113
96 122
96 77
96 48
96 98
96 199
96 47
96 2
96 40
96 107
96 150
96 89
96 60
96 50
96 179
96 36
96 93
96 102
96 41
96 81
96 116
96 75
96 71
96 137
96 175
96 39
96 16
96 142
96 169
96 156
96 91
96 157
96 155
96 172
96 131
96 45
96 141
96 46
96 146
96 68
96 54
96 43
96 163
96 15
96 109
96 87
96 12
96 173
96 62
96 84
96 144
96 130
96 160
96 132
96 49
96 180
96 94
97 42
97 82
97 5
97 184
97 195
97 66
97 52
97 100
97 12
97 167
97 189
97 161
97 46
97 4
97 190
97 164
97 1
97 128
97 115
97 27
97 157
97 93
97 3
97 53
97 32
97 19
97 17
97 63
97 38
97 172
97 101
97 60
97 106
97 35
97 182
97 61
97 13
97 107
97 28
97 180
97 173
97 175
97 133
97 159
97 36
97 183
97 118
97 33
97 146
97 113
97 145
97 176
97 131
97 99
97 21
97 163
97 191
97 57
97 147
97 10
98 119
98 155
98 36
98 147
98 192
98 64
98 174
98 58
98 39
98 157
98 47
98 22
98 199
98 146
98 21
98 107
98 182
98 78
98 159
98 131
98 52
98 176
98 57
98 2
98 117
98 38
98 91
98 70
98 59
98 5
98 1
98 111
98 29
98 172
98 13
98 92
98 100
98 123
98 163
98 151
98 68
98 166
98 115
98 95
98 4
98 14
98 67
98 133
98 165
98 128
98 65
98 145
98 9
98 109
98 175
98 191
98 94
98 108
98 74
98 183
98 66
98 40
98 124
98 90
99 144
99 90
99 51
99 126
99 120
99 179
99 44
99 31
99 197
99 11
99 177
99 185
99 91
99 167
99 89
99 198
99 149
99 88
99 30
99 94
99 74
99 132
99 40
99 67
99 128
99 135
99 86
99 136
99 194
99 33
99 2
99 174
99 102
99 22
99 169
99 162
99 56
99 111
99 59
99 47
99 151
99 42
99 78
99 16
99 130
99 196
99 6
99 183
99 23
99 193
99 8
99 1
99 81
99 195
99 72
99 57
99 93
100 48
100 33
100 178
100 145
100 37
100 26
100 71
100 25
100 196
100 102
100 68
100 95
100 156
100 9
100 5
100 154
100 143
100 164
100 72
100 124
100 13
100 173
100 161
100 59
100 70
100 109
100 183
100 198
100 3
100 69
100 195
100 17
100 8
100 67
100 152
100 4
100 132
100 73
100 146
100 189
100 24
100 142
100 131
100 123
100 105
100 83
100 20
100 165
100 15
100 162
100 157
100 57
100 10
100 19
100 118
100 200
100 169
100 85
100 184
100 181
100 35
100 121
100 40
101 170
101 51
101 10
101 182
101 168
101 70
101 109
101 68
101 195
101 94
101 121
101 99
101 144
101 175
101 129
101 19
101 72
101 153
101 98
101 55
101 148
101 143
101 155
101 95
101 3
101 193
101 28
101 93
101 30
101 73
101 21
101 69
101 78
101 177
101 75
101 13
101 74
101 176
101 23
101 127
101 135
101 56
101 24
101 6
101 136
101 17
101 119
101 180
101 88
101 118
101 67
101 79
101 103
101 192
101 141
101 29
101 64
101 113
101 130
101 146
101 162
101 189
101 194
102 59
102 198
102 19
102 135
102 191
102 186
102 144
102 131
102 149
102 180
102 88
102 175
102 185
102 56
102 170
102 101
102 197
102 78
102 154
102 90
102 194
102 38
102 114
102 124
102 143
102 24
102 95
102 106
102 37
102 127
102 83
102 7
102 98
102 118
102 142
102 128
102 195
102 168
102 103
102 4
102 6
102 62
102 33
102 77
102 9
102 54
102 181
102 82
102 58
102 189
102 91
102 11
102 177
102 44
102 70
102 30
102 159
102 36
102 192
102 116
102 61
102 115
102 42
102 25
102 112
102 85
103 80
103 165
103 107
103 104
103 2
103 99
103 46
103 31
103 116
103 169
103 43
103 156
103 60
103 57
103 48
103 30
103 115
103 18
103 39
103 81
103 75
103 98
103 100
103 122
103 23
103 42
103 7
103 141
103 5
103 160
103 24
103 154
103 106
103 27
103 180
103 151
103 123
103 142
103 47
103 187
103 52
103 10
103 183
103 62
103 29
103 105
103 144
103 12
103 15
103 191
103 14
103 66
103 127
103 145
103 172
103 36
103 84
103 61
103 67
103 155
103 181
103 149
104 53
104 72
104 84
104 182
104 186
104 99
104 55
104 167
104 69
104 163
104 107
104 118
104 65
104 78
104 4
104 66
104 159
104 15
104 11
104 5
104 155
104 168
104 47
104 68
104 124
104 33
104 152
104 166
104 142
104 93
104 81
104 101
104 79
104 29
104 140
104 109
104 144
104 19
104 191
104 135
104 94
104 172
104 117
104 31
104 143
104 126
104 160
104 146
104 195
104 64
104 196
104 7
104 80
104 123
104 1
104 36
104 21
104 52
105 94
105 128
105 9
105 154
105 115
105 32
105 63
105 130
105 104
105 161
105 66
105 153
105 119
105 134
105 38
105 39
105 125
105 162
105 45
105 113
105 96
105 25
105 22
105 92
105 23
105 188
105 147
105 198
105 194
105 163
105 64
105 88
105 26
105 1
105 187
105 89
105 102
105 193
105 68
105 169
105 171
105 160
105 174
105 48
105 73
105 77
105 140
105 40
105 18
105 144
105 80
105 156
105 122
105 74
105 98
105 58
105 13
105 91
105 185
105 37
105 166
106 95
106 13
106 60
106 105
106 41
106 58
106 112
106 132
106 187
106 65
106 196
106 79
106 81
106 128
106 120
106 153
106 125
106 166
106 27
106 14
106 89
106 4
106 144
106 36
106 19
106 82
106 179
106 126
106 49
106 133
106 129
106 17
106 113
106 131
106 190
106 134
106 86
106 63
106 66
106 188
106 146
106 20
106 69
106 33
106 16
106 3
106 189
106 184
106 46
106 99
106 150
106 31
106 72
106 35
106 161
106 182
106 163
106 30
106 149
106 56
106 54
106 162
106 50
106 110
106 71
106 6
106 143
107 15
107 41
107 28
107 140
107 105
107 154
107 92
107 106
107 100
107 93
107 133
107 74
107 45
107 94
107 84
107 35
107 49
107 156
107 69
107 155
107 173
107 102
107 109
107 77
107 194
107 163
107 129
107 9
107 176
107 178
107 160
107 6
107 53
107 59
107 11
107 197
107 183
107 38
107 7
107 12
107 78
107 71
107 22
107 34
107 171
107 81
107 153
107 86
107 121
107 168
107 132
107 82
107 139
107 151
107 143
107 152
108 101
108 143
108 86
108 166
108 70
108 140
108 172
108 47
108 109
108 67
108 69
108 136
108 21
108 24
108 150
108 113
108 79
108 142
108 174
108 100
108 147
108 117
108 156
108 144
108 116
108 85
108 190
108 23
108 46
108 38
108 130
108 55
108 18
108 181
108 63
108 3
108 40
108 105
108 9
108 60
108 83
108 185
108 8
108 93
108 196
108 151
108 10
108 102
108 30
108 188
108 171
108 82
108 161
108 189
108 19
108 28
108 44
108 197
109 69
109 37
109 61
109 59
109 200
109 176
109 162
109 60
109 102
109 190
109 25
109 111
109 183
109 188
109 133
109 77
109 197
109 138
109 47
109 119
109 182
109 185
109 91
109 125
109 167
109 55
109 73
109 97
109 35
109 79
109 165
109 135
109 180
109 113
109 171
109 175
109 8
109 195
109 173
109 103
109 137
109 31
109 16
109 84
109 28
109 81
109 56
109 117
109 145
109 164
109 70
109 128
109 12
109 86
109 40
109 29
109 105
109 18
109 147
109 64
109 36
109 123
110 30
110 21
110 67
110 63
110 193
110 157
110 187
110 141
110 27
110 153
110 57
110 138
110 47
110 5
110 71
110 119
110 111
110 165
110 113
110 35
110 51
110 73
110 85
110 164
110 7
110 37
110 183
110 137
110 12
110 150
110 60
110 13
110 122
110 178
110 144
110 190
110 176
110 98
110 130
110 105
110 142
110 93
110 117
110 170
110 120
110 191
110 118
110 15
110 82
110 114
110 87
110 197
110 185
110 32
110 83
110 184
110 158
110 1
110 104
110 68
111 93
111 83
111 161
111 122
111 181
111 84
111 59
111 139
111 13
111 158
111 108
111 89
111 68
111 131
111 82
111 154
111 57
111 107
111 12
111 29
111 198
111 20
111 199
111 197
111 178
111 30
111 31
111 120
111 156
111 70
111 24
111 117
111 102
111 140
111 100
111 80
111 34
111 96
111 55
111 142
111 106
111 48
111 132
111 23
111 9
111 167
111 133
111 135
111 104
111 38
111 124
111 16
111 112
111 152
111 186
111 118
111 63
112 159
112 197
112 152
112 82
112 72
112 139
112 10
112 129
112 29
112 142
112 103
112 67
112 21
112 196
112 99
112 116
112 181
112 175
112 134
112 65
112 94
112 121
112 154
112 137
112 155
112 1
112 40
112 79
112 127
112 173
112 66
112 115
112 193
112 185
112 25
112 55
112 156
112 46
112 166
112 58
112 74
112 107
112 47
112 169
112 174
112 73
112 176
112 9
112 128
112 5
112 151
112 132
112 110
112 136
112 57
113 118
113 8
113 50
113 131
113 40
113 99
113 80
113 93
113 112
113 44
113 125
113 163
113 103
113 76
113 57
113 168
113 172
113 151
113 41
113 46
113 98
113 81
113 142
113 9
113 91
113 59
113 143
113 53
113 119
113 71
113 14
113 134
113 157
113 188
113 70
113 181
113 128
113 104
113 21
113 62
113 176
113 65
113 86
113 149
113 74
113 152
113 193
113 1
113 52
113 200
113 144
113 39
113 102
114 169
114 72
114 39
114 43
114 53
114 34
114 168
114 180
114 88
114 200
114 133
114 172
114 63
114 86
114 171
114 90
114 106
114 61
114 28
114 109
114 101
114 190
114 6
114 170
114 52
114 117
114 33
114 78
114 131
114 103
114 192
114 75
114 67
114 50
114 29
114 32
114 140
114 42
114 183
114 55
114 113
114 95
114 163
114 128
114 121
114 59
114 64
114 41
114 23
114 15
114 70
114 185
114 93
114 195
114 141
114 105
114 166
115 193
115 142
115 4
115 191
115 135
115 24
115 74
115 137
115 31
115 159
115 73
115 185
115 55
115 110
115 85
115 161
115 41
115 17
115 32
115 34
115 29
115 178
115 109
115 28
115 48
115 186
115 96
115 174
115 53
115 171
115 7
115 168
115 169
115 176
115 69
115 45
115 18
115 36
115 88
115 93
115 8
115 27
115 22
115 189
115 83
115 177
115 104
115 132
115 89
115 100
115 175
115 183
115 56
115 188
115 196
115 134
115 129
115 154
115 182
115 190
116 63
116 146
116 49
116 141
116 74
116 56
116 199
116 101
116 138
116 109
116 42
116 104
116 166
116 7
116 12
116 90
116 106
116 174
116 129
116 14
116 171
116 53
116 69
116 178
116 149
116 22
116 153
116 38
116 183
116 9
116 93
116 140
116 50
116 6
116 167
116 143
116 61
116 188
116 118
116 43
116 59
116 197
116 105
116 98
116 51
116 110
116 196
116 200
116 92
116 173
116 144
116 79
116 158
116 193
117 5
117 54
117 59
117 40
117 193
117 50
117 4
117 56
117 78
117 140
117 55
117 18
117 69
117 25
117 124
117 131
117 168
117 161
117 189
117 162
117 101
117 6
117 175
117 19
117 14
117 134
117 187
117 10
117 67
117 90
117 135
117 174
117 123
117 74
117 144
117 183
117 125
117 7
117 186
117 11
117 107
117 141
117 46
117 62
117 190
117 151
117 51
117 8
117 115
117 172
117 137
117 91
117 113
117 58
117 102
117 138
117 194
117 182
117 179
117 170
117 64
118 72
118 81
118 107
118 56
118 189
118 65
118 152
118 94
118 105
118 3
118 82
118 158
118 129
118 31
118 10
118 168
118 76
118 136
118 49
118 145
118 134
118 19
118 155
118 59
118 143
118 9
118 186
118 22
118 115
118 33
118 57
118 29
118 95
118 121
118 197
118 138
118 128
118 149
118 23
118 84
118 61
118 55
118 127
118 160
118 112
118 15
118 77
118 177
118 166
118 180
118 156
118 132
118 80
118 183
118 148
118 52
118 122
118 2
118 37
118 27
118 16
119 57
119 166
119 114
119 188
119 147
119 2
119 189
119 96
119 108
119 178
119 16
119 168
119 146
119 155
119 44
119 154
119 102
119 49
119 127
119 52
119 9
119 151
119 162
119 192
119 12
119 30
119 158
119 136
119 7
119 88
119 196
119 125
119 4
119 63
119 179
119 116
119 138
119 137
119 99
119 10
119 123
119 51
119 45
119 165
119 132
119 198
119 36
119 167
119 94
119 135
119 97
119 118
119 20
119 15
119 1
119 200
119 193
119 87
119 80
119 145
119 152
119 29
120 50
120 78
120 103
120 153
120 73
120 176
120 42
120 60
120 82
120 167
120 169
120 158
120 96
120 101
120 147
120 179
120 175
120 69
120 77
120 135
120 126
120 130
120 71
120 144
120 55
120 58
120 14
120 49
120 171
120 100
120 53
120 128
120 37
120 173
120 115
120 35
120 57
120 123
120 93
120 116
120 66
120 45
120 89
120 107
120 124
120 16
120 199
120 98
120 18
120 127
120 170
120 27
120 185
120 182
120 138
121 129
121 185
121 133
121 9
121 167
121 125
121 163
121 59
121 84
121 165
121 173
121 79
121 94
121 60
121 161
121 95
121 41
121 122
121 180
121 78
121 67
121 135
121 187
121 42
121 136
121 186
121 88
121 111
121 155
121 192
121 110
121 142
121 26
121 72
121 151
121 194
121 90
121 150
121 50
121 128
121 25
121 152
121 109
121 83
121 171
121 36
121 105
121 159
121 124
121 64
121 147
121 104
121 1
121 4
121 182
121 55
121 158
121 3
121 17
121 81
122 173
122 192
122 116
122 54
122 89
122 37
122 71
122 119
122 106
122 190
122 133
122 88
122 189
122 112
122 139
122 179
122 137
122 41
122 164
122 183
122 95
122 199
122 33
122 31
122 1
122 79
122 6
122 87
122 28
122 69
122 91
122 132
122 195
122 12
122 138
122 115
122 62
122 117
122 4
122 154
122 11
122 172
122 140
122 129
122 181
122 97
122 43
122 80
122 170
122 40
122 182
122 142
122 99
122 155
122 144
122 59
122 58
123 27
123 135
123 44
123 52
123 102
123 132
123 177
123 88
123 105
123 185
123 115
123 190
123 136
123 18
123 36
123 67
123 82
123 144
123 199
123 4
123 22
123 50
123 182
123 116
123 184
123 46
123 149
123 41
123 137
123 64
123 156
123 95
123 48
123 91
123 25
123 111
123 168
123 40
123 134
123 59
123 86
123 175
123 79
123 107
123 97
123 31
123 78
123 130
123 110
123 96
123 74
123 163
123 14
123 146
123 39
123 73
123 56
123 133
123 160
123 118
123 10
124 155
124 115
124 78
124 163
124 169
124 165
124 4
124 14
124 63
124 119
124 199
124 2
124 191
124 150
124 38
124 61
124 176
124 192
124 103
124 113
124 19
124 107
124 37
124 87
124 127
124 74
124 84
124 106
124 154
124 15
124 54
124 105
124 132
124 25
124 46
124 43
124 32
124 67
124 8
124 6
124 108
124 144
124 28
124 110
124 48
124 71
124 180
124 159
124 114
124 183
124 73
124 167
124 10
124 200
124 189
124 112
124 40
124 123
124 7
124 190
125 141
125 96
125 54
125 19
125 108
125 71
125 178
125 62
125 122
125 138
125 88
125 152
125 40
125 102
125 37
125 127
125 9
125 189
125 190
125 65
125 181
125 46
125 48
125 70
125 123
125 183
125 196
125 41
125 173
125 195
125 27
125 38
125 29
125 148
125 64
125 85
125 155
125 33
125 172
125 143
125 36
125 81
125 110
125 74
125 156
125 68
125 6
125 73
125 154
125 166
125 114
125 23
125 132
125 111
125 193
125 112
125 161
126 102
126 13
126 123
126 139
126 56
126 148
126 115
126 36
126 122
126 196
126 128
126 162
126 112
126 95
126 86
126 57
126 23
126 45
126 193
126 114
126 24
126 44
126 80
126 181
126 133
126 171
126 55
126 132
126 20
126 140
126 15
126 117
126 5
126 121
126 187
126 118
126 14
126 189
126 116
126 79
126 30
126 89
126 131
126 93
126 87
126 41
126 85
126 3
126 67
126 108
126 141
127 196
127 116
127 88
127 121
127 113
127 177
127 188
127 186
127 77
127 164
127 96
127 6
127 95
127 33
127 114
127 187
127 105
127 85
127 126
127 25
127 63
127 74
127 43
127 37
127 197
127 78
127 18
127 41
127 193
127 145
127 61
127 73
127 191
127 160
127 75
127 9
127 35
127 36
127 139
127 94
127 32
127 82
127 50
127 97
127 162
127 4
127 174
127 198
127 149
127 171
127 23
127 21
127 14
127 19
127 67
127 166
127 142
127 26
127 150
127 110
127 154
128 164
128 78
128 16
128 20
128 55
128 188
128 32
128 44
128 103
128 47
128 19
128 175
128 108
128 90
128 54
128 107
128 5
128 117
128 149
128 115
128 62
128 12
128 143
128 100
128 160
128 179
128 196
128 63
128 23
128 84
128 29
128 119
128 82
128 89
128 88
128 17
128 170
128 85
128 42
128 195
128 163
128 139
128 130
128 66
128 192
128 9
128 124
128 174
128 159
128 75
128 125
128 153
128 60
128 127
128 184
128 67
128 104
128 64
128 35
128 122
128 68
128 157
128 46
129 126
129 178
129 167
129 38
129 33
129 61
129 67
129 182
129 172
129 140
129 128
129 99
129 124
129 5
129 52
129 113
129 171
129 82
129 10
129 184
129 141
129 157
129 183
129 90
129 42
129 136
129 86
129 144
129 68
129 75
129 97
129 34
129 37
129 1
129 114
129 108
129 28
129 91
129 125
129 135
129 74
129 100
129 70
129 143
129 153
129 174
129 147
129 17
129 142
129 131
129 7
129 96
129 50
129 73
129 58
129 194
129 48
129 57
129 161
129 103
129 170
129 117
130 23
130 65
130 69
130 4
130 196
130 107
130 114
130 133
130 132
130 194
130 148
130 38
130 185
130 71
130 21
130 5
130 68
130 129
130 156
130 177
130 146
130 14
130 8
130 31
130 12
130 98
130 186
130 170
130 124
130 72
130 111
130 188
130 197
130 44
130 24
130 180
130 153
130 100
130 174
130 28
130 29
130 102
130 62
130 37
130 18
130 131
130 30
130 33
130 97
130 164
130 163
130 27
130 127
130 64
130 150
130 167
130 67
130 160
130 57
131 187
131 84
131 177
131 196
131 123
131 93
131 142
131 67
131 65
131 165
131 75
131 137
131 151
131 22
131 21
131 57
131 101
131 26
131 33
131 152
131 140
131 38
131 81
131 73
131 17
131 34
131 103
131 197
131 56
131 164
131 18
131 188
131 127
131 189
131 155
131 132
131 194
131 182
131 128
131 180
131 170
131 88
131 112
131 143
131 105
131 74
131 119
131 3
131 200
131 163
131 86
131 37
131 30
131 44
131 199
131 7
131 99
131 55
131 36
131 186
131 11
131 9
131 91
132 114
132 199
132 77
132 180
132 139
132 85
132 65
132 97
132 70
132 162
132 17
132 60
132 164
132 22
132 82
132 26
132 154
132 8
132 140
132 18
132 163
132 198
132 7
132 48
132 29
132 66
132 10
132 117
132 127
132 150
132 93
132 46
132 27
132 193
132 50
132 87
132 53
132 161
132 168
132 75
132 142
132 101
132 37
132 170
132 2
132 116
132 171
132 113
132 76
132 157
132 98
132 104
132 14
132 90
132 6
132 129
132 190
132 35
132 181
132 102
132 57
132 9
132 120
132 146
132 81
133 140
133 46
133 147
133 24
133 154
133 185
133 53
133 3
133 22
133 161
133 118
133 42
133 59
133 77
133 174
133 168
133 18
133 32
133 177
133 57
133 129
133 80
133 139
133 116
133 150
133 128
133 76
133 180
133 38
133 29
133 13
133 148
133 19
133 92
133 71
133 47
133 37
133 96
133 192
133 41
133 60
133 8
133 156
133 74
133 1
133 99
133 152
133 125
133 90
133 145
133 173
133 194
133 91
133 40
133 28
134 16
134 29
134 160
134 129
134 103
134 108
134 156
134 35
134 20
134 182
134 171
134 193
134 146
134 176
134 89
134 57
134 71
134 149
134 143
134 84
134 58
134 185
134 100
134 131
134 91
134 68
134 61
134 144
134 51
134 114
134 52
134 93
134 147
134 66
134 82
134 180
134 13
134 126
134 7
134 34
134 189
134 116
134 27
134 43
134 148
134 188
134 142
134 169
134 15
134 30
134 48
134 85
134 107
134 23
134 9
134 102
134 50
134 136
134 10
135 44
135 13
135 45
135 151
135 14
135 47
135 12
135 37
135 127
135 114
135 46
135 108
135 132
135 155
135 90
135 50
135 193
135 65
135 52
135 55
135 110
135 53
135 100
135 25
135 92
135 122
135 147
135 126
135 185
135 70
135 179
135 171
135 191
135 88
135 198
135 186
135 71
135 2
135 131
135 189
135 28
135 153
135 190
135 75
135 97
135 177
135 15
135 85
135 84
135 125
135 30
135 176
135 39
135 59
135 31
135 178
135 163
136 188
136 196
136 1
136 132
136 167
136 120
136 14
136 138
136 159
136 155
136 36
136 47
136 109
136 65
136 2
136 160
136 50
136 106
136 144
136 150
136 186
136 37
136 152
136 77
136 174
136 84
136 103
136 177
136 113
136 89
136 66
136 199
136 19
136 122
136 166
136 181
136 137
136 20
136 91
136 45
136 79
136 193
136 116
136 182
136 157
136 6
136 93
136 176
136 67
136 68
136 59
136 143
136 151
136 63
136 170
136 80
136 135
136 12
136 184
136 4
136 76
136 115
137 133
137 127
137 64
137 196
137 198
137 63
137 106
137 129
137 27
137 90
137 152
137 51
137 16
137 61
137 29
137 121
137 103
137 40
137 116
137 177
137 165
137 72
137 57
137 101
137 88
137 195
137 80
137 120
137 148
137 47
137 77
137 94
137 67
137 87
137 44
137 104
137 158
137 187
137 135
137 190
137 33
137 124
137 185
137 199
137 5
137 35
137 179
137 100
137 118
137 170
137 150
137 189
137 183
137 89
137 46
137 114
137 168
137 52
137 74
137 107
137 98
137 55
138 55
138 191
138 182
138 22
138 94
138 6
138 36
138 103
138 111
138 123
138 9
138 30
138 179
138 75
138 187
138 17
138 107
138 170
138 126
138 5
138 134
138 92
138 135
138 101
138 128
138 13
138 49
138 176
138 71
138 113
138 148
138 164
138 11
138 27
138 48
138 3
138 144
138 157
138 85
138 114
138 197
138 146
138 67
138 155
138 127
138 77
138 183
138 29
138 78
138 180
138 137
138 58
138 100
138 159
138 19
138 108
138 130
138 132
139 9
139 34
139 82
139 62
139 169
139 78
139 148
139 186
139 113
139 194
139 155
139 92
139 138
139 140
139 181
139 46
139 103
139 168
139 191
139 69
139 40
139 3
139 65
139 13
139 39
139 90
139 156
139 4
139 136
139 94
139 98
139 21
139 60
139 35
139 12
139 145
139 7
139 91
139 27
139 174
139 59
139 110
139 130
139 89
139 142
139 95
139 26
139 42
139 196
139 121
139 188
139 137
139 79
139 47
139 114
139 63
140 152
140 170
140 166
140 188
140 30
140 2
140 134
140 118
140 97
140 56
140 70
140 157
140 38
140 149
140 142
140 198
140 106
140 78
140 46
140 51
140 24
140 123
140 69
140 37
140 1
140 54
140 28
140 3
140 14
140 156
140 19
140 164
140 191
140 18
140 83
140 52
140 159
140 20
140 79
140 127
140 138
140 61
140 48
140 57
140 60
140 110
140 62
140 58
140 145
140 143
140 146
140 21
140 153
140 6
140 11
140 44
140 94
140 71
140 187
141 43
141 31
141 23
141 62
141 147
141 74
141 120
141 71
141 118
141 119
141 123
141 113
141 75
141 80
141 22
141 33
141 52
141 112
141 135
141 130
141 53
141 161
141 200
141 69
141 158
141 140
141 170
141 59
141 9
141 67
141 87
141 73
141 25
141 26
141 178
141 77
141 51
141 107
141 122
141 133
141 37
141 106
141 142
141 91
141 86
141 105
141 111
141 35
141 172
141 47
141 131
141 149
141 6
141 65
141 20
141 13
141 2
141 156
141 99
141 4
142 180
142 124
142 75
142 23
142 84
142 76
142 106
142 41
142 56
142 3
142 185
142 1
142 77
142 79
142 37
142 73
142 105
142 88
142 71
142 25
142 83
142 97
142 118
142 2
142 39
142 61
142 19
142 98
142 99
142 92
142 160
142 152
142 69
142 196
142 123
142 200
142 157
142 94
142 136
142 138
142 49
142 68
142 28
142 187
142 30
142 34
142 137
142 164
142 36
142 173
142 179
142 33
142 166
142 82
142 20
142 10
143 41
143 77
143 139
143 97
143 61
143 47
143 194
143 120
143 84
143 110
143 57
143 176
143 76
143 117
143 32
143 156
143 112
143 177
143 192
143 146
143 39
143 40
143 70
143 164
143 20
143 68
143 9
143 28
143 141
143 73
143 79
143 99
143 105
143 115
143 82
143 33
143 124
143 186
143 64
143 16
143 155
143 135
143 51
143 5
143 89
143 185
143 31
143 181
143 159
143 111
143 174
143 87
143 27
143 50
143 22
143 35
143 114
143 15
143 152
143 166
143 183
143 45
144 17
144 150
144 68
144 190
144 109
144 142
144 81
144 57
144 72
144 19
144 187
144 7
144 58
144 179
144 8
144 12
144 63
144 148
144 16
144 32
144 79
144 125
144 157
144 170
144 15
144 158
144 77
144 162
144 163
144 121
144 83
144 86
144 146
144 24
144 141
144 9
144 175
144 55
144 161
144 36
144 22
144 169
144 119
144 128
144 71
144 98
144 194
144 137
144 56
144 11
144 185
144 198
144 172
144 61
144 39
144 196
144 76
145 79
145 31
145 69
145 45
145 101
145 51
145 172
145 135
145 3
145 2
145 102
145 129
145 60
145 106
145 115
145 43
145 120
145 52
145 8
145 96
145 194
145 25
145 198
145 124
145 11
145 32
145 61
145 188
145 165
145 156
145 105
145 192
145 171
145 180
145 62
145 128
145 143
145 144
145 82
145 116
145 68
145 163
145 39
145 134
145 65
145 40
145 178
145 37
145 122
145 169
145 152
145 193
145 86
145 125
145 88
145 90
145 20
145 112
145 155
145 13
145 177
145 94
145 41
145 99
146 108
146 185
146 162
146 103
146 11
146 34
146 16
146 54
146 200
146 9
146 161
146 56
146 20
146 199
146 8
146 124
146 22
146 194
146 48
146 86
146 137
146 195
146 37
146 49
146 64
146 47
146 112
146 163
146 196
146 79
146 35
146 21
146 1
146 41
146 141
146 158
146 72
146 105
146 102
146 85
146 27
146 13
146 109
146 23
146 129
146 167
146 14
146 63
146 156
146 36
146 181
146 178
146 121
146 189
146 42
146 68
146 166
146 122
146 182
146 91
146 159
146 120
146 44
146 128
146 59
146 125
146 145
146 10
146 107
146 5
147 200
147 61
147 68
147 81
147 82
147 5
147 168
147 44
147 186
147 191
147 116
147 101
147 161
147 106
147 57
147 51
147 69
147 79
147 10
147 158
147 29
147 131
147 27
147 167
147 124
147 170
147 175
147 73
147 178
147 63
147 23
147 113
147 64
147 157
147 143
147 100
147 99
147 146
147 183
147 159
147 137
147 123
147 41
147 35
147 89
147 104
147 136
147 47
147 62
147 127
147 140
147 96
147 145
147 112
147 149
147 184
147 77
147 53
147 93
147 185
147 9
148 157
148 95
148 166
148 68
148 196
148 162
148 111
148 76
148 182
148 190
148 20
148 104
148 99
148 9
148 48
148 160
148 194
148 188
148 146
148 33
148 24
148 142
148 70
148 136
148 98
148 140
148 82
148 21
148 58
148 141
148 35
148 121
148 6
148 102
148 56
148 193
148 1
148 29
148 132
148 40
148 52
148 117
148 152
148 23
148 71
148 63
148 123
148 143
148 106
148 149
148 28
148 12
148 61
148 186
148 85
148 26
148 66
148 37
149 112
149 136
149 16
149 71
149 167
149 43
149 53
149 133
149 98
149 91
149 17
149 126
149 36
149 34
149 192
149 85
149 194
149 11
149 81
149 122
149 109
149 4
149 8
149 131
149 68
149 80
149 38
149 117
149 150
149 164
149 132
149 54
149 97
149 145
149 101
149 41
149 40
149 155
149 52
149 55
149 199
149 169
149 21
149 180
149 44
149 15
149 27
149 89
149 183
149 64
149 189
149 166
149 110
149 144
149 46
149 29
149 129
149 154
150 24
150 3
150 98
150 41
150 131
150 77
150 21
150 143
150 153
150 52
150 95
150 123
150 104
150 191
150 55
150 100
150 14
150 42
150 82
150 43
150 29
150 68
150 118
150 111
150 164
150 138
150 116
150 10
150 22
150 114
150 148
150 86
150 135
150 160
150 119
150 11
150 174
150 142
150 178
150 13
150 30
150 40
150 141
150 146
150 193
150 107
150 47
150 105
150 102
150 152
150 162
150 159
150 83
150 38
150 57
150 175
150 186
150 167
150 115
150 4
150 89
150 46
150 173
150 91
150 103
150 56
151 77
151 197
151 129
151 115
151 37
151 25
151 174
151 173
151 19
151 32
151 177
151 164
151 165
151 57
151 154
151 142
151 60
151 87
151 73
151 194
151 11
151 7
151 75
151 2
151 114
151 100
151 15
151 199
151 83
151 169
151 63
151 78
151 127
151 65
151 159
151 91
151 109
151 38
151 150
151 1
151 146
151 42
151 55
151 180
151 9
151 53
151 149
151 3
151 93
151 39
151 72
151 183
151 80
151 30
151 51
151 23
151 88
151 97
152 124
152 144
152 29
152 31
152 64
152 129
152 158
152 188
152 95
152 106
152 141
152 79
152 90
152 162
152 58
152 149
152 42
152 25
152 115
152 48
152 186
152 9
152 92
152 99
152 197
152 34
152 126
152 2
152 183
152 46
152 65
152 172
152 43
152 163
152 21
152 55
152 16
152 36
152 184
152 120
152 177
152 102
152 181
152 27
152 139
152 199
152 156
152 33
152 61
152 32
152 57
152 117
152 6
152 98
152 60
152 30
152 173
152 180
152 178
152 8
152 146
153 64
153 60
153 77
153 71
153 177
153 194
153 53
153 143
153 182
153 57
153 9
153 137
153 192
153 146
153 156
153 179
153 38
153 102
153 61
153 147
153 34
153 123
153 111
153 180
153 11
153 133
153 169
153 160
153 87
153 184
153 152
153 99
153 125
153 154
153 186
153 73
153 75
153 74
153 16
153 78
153 12
153 90
153 119
153 145
153 88
153 47
153 171
153 35
153 117
153 131
153 39
153 112
153 13
153 15
153 104
153 114
153 124
153 45
153 65
153 86
153 132
154 34
154 157
154 188
154 6
154 90
154 94
154 130
154 162
154 198
154 53
154 99
154 136
154 120
154 126
154 66
154 104
154 186
154 106
154 64
154 110
154 131
154 67
154 116
154 167
154 195
154 164
154 35
154 86
154 108
154 96
154 182
154 146
154 156
154 78
154 82
154 134
154 143
154 43
154 36
154 84
154 123
154 45
154 117
154 114
154 44
154 174
154 16
154 3
154 187
154 63
154 17
154 18
154 179
154 7
154 39
154 27
154 40
154 65
155 8
155 94
155 150
155 102
155 192
155 110
155 152
155 108
155 6
155 158
155 84
155 5
155 157
155 194
155 159
155 77
155 171
155 178
155 148
155 130
155 42
155 88
155 11
155 14
155 111
155 70
155 179
155 161
155 142
155 22
155 164
155 37
155 38
155 82
155 162
155 169
155 50
155 26
155 7
155 81
155 86
155 116
155 92
155 123
155 10
155 177
155 105
155 9
155 63
155 146
155 163
155 39
155 62
155 126
155 106
155 133
155 24
155 184
155 156
155 3
156 99
156 69
156 82
156 78
156 32
156 3
156 41
156 70
156 113
156 167
156 26
156 170
156 86
156 34
156 101
156 20
156 191
156 128
156 81
156 163
156 17
156 188
156 9
156 122
156 67
156 110
156 1
156 11
156 75
156 193
156 71
156 40
156 132
156 189
156 27
156 172
156 4
156 28
156 97
156 119
156 14
156 35
156 198
156 21
156 160
156 73
156 19
156 150
156 175
156 12
156 147
156 80
156 102
156 33
156 200
156 29
156 197
156 45
156 176
156 142
156 180
156 174
156 182
156 168
157 56
157 177
157 183
157 118
157 159
157 123
157 152
157 74
157 28
157 117
157 195
157 101
157 22
157 162
157 112
157 83
157 64
157 184
157 46
157 72
157 90
157 139
157 40
157 187
157 141
157 143
157 18
157 6
157 99
157 111
157 125
157 69
157 150
157 145
157 196
157 84
157 48
157 12
157 95
157 37
157 156
157 5
157 9
157 23
157 169
157 124
157 47
157 53
157 85
157 60
157 15
157 146
157 45
157 134
157 62
158 92
158 138
158 104
158 157
158 129
158 57
158 26
158 101
158 170
158 106
158 59
158 76
158 199
158 43
158 74
158 187
158 117
158 151
158 72
158 109
158 180
158 184
158 27
158 75
158 29
158 134
158 81
158 108
158 99
158 20
158 15
158 58
158 53
158 95
158 96
158 115
158 78
158 130
158 37
158 5
158 181
158 71
158 197
158 128
158 89
158 160
158 30
158 140
158 44
158 83
158 200
158 40
158 100
158 69
158 168
158 65
159 189
159 91
159 30
159 117
159 145
159 181
159 76
159 154
159 126
159 28
159 152
159 186
159 45
159 63
159 61
159 35
159 24
159 26
159 21
159 4
159 101
159 169
159 96
159 131
159 125
159 82
159 187
159 46
159 158
159 148
159 103
159 54
159 39
159 174
159 9
159 88
159 175
159 53
159 119
159 106
159 34
159 160
159 83
159 178
159 200
159 33
159 149
159 162
159 141
159 71
159 86
159 66
159 164
159 37
159 77
159 114
159 133
159 84
159 182
159 137
160 178
160 187
160 22
160 76
160 56
160 115
160 7
160 155
160 40
160 146
160 24
160 94
160 125
160 193
160 176
160 161
160 172
160 197
160 147
160 85
160 135
160 169
160 58
160 21
160 121
160 73
160 173
160 27
160 25
160 188
160 87
160 191
160 111
160 108
160 30
160 133
160 90
160 48
160 195
160 78
160 82
160 137
160 129
160 6
160 12
160 54
160 43
160 164
160 143
160 68
160 2
160 117
160 183
160 162
160 126
160 26
160 84
160 151
160 165
161 192
161 157
161 79
161 140
161 130
161 18
161 154
161 122
161 11
161 118
161 23
161 195
161 153
161 123
161 24
161 104
161 52
161 74
161 26
161 37
161 112
161 101
161 66
161 72
161 75
161 58
161 21
161 103
161 47
161 167
161 63
161 14
161 159
161 172
161 90
161 16
161 65
161 168
161 38
161 150
161 170
161 182
161 158
161 188
161 29
161 48
161 156
161 46
161 200
161 98
161 136
161 81
161 110
161 10
161 126
161 33
161 109
161 56
161 76
162 111
162 81
162 18
162 56
162 46
162 74
162 178
162 133
162 64
162 120
162 113
162 85
162 69
162 137
162 173
162 143
162 92
162 12
162 9
162 167
162 87
162 129
162 182
162 40
162 128
162 172
162 151
162 139
162 196
162 102
162 115
162 197
162 53
162 97
162 34
162 141
162 70
162 67
162 13
162 200
162 90
162 161
162 48
162 82
162 147
162 45
162 136
162 36
162 175
162 79
162 177
162 114
162 52
162 8
162 59
162 28
162 158
162 1
162 20
163 47
163 89
163 71
163 87
163 127
163 186
163 139
163 30
163 183
163 36
163 188
163 53
163 158
163 195
163 50
163 77
163 200
163 160
163 72
163 51
163 126
163 161
163 167
163 108
163 38
163 12
163 143
163 190
163 185
163 6
163 81
163 118
163 45
163 59
163 179
163 61
163 187
163 103
163 28
163 194
163 112
163 198
163 58
163 173
163 153
163 76
163 91
163 41
163 162
163 65
163 80
163 32
163 141
163 22
163 136
163 35
163 100
164 104
164 74
164 145
164 181
164 48
164 106
164 39
164 58
164 57
164 83
164 64
164 92
164 193
164 135
164 76
164 111
164 125
164 13
164 53
164 70
164 113
164 175
164 137
164 200
164 90
164 156
164 69
164 89
164 189
164 185
164 19
164 168
164 42
164 73
164 7
164 119
164 123
164 8
164 55
164 124
164 118
164 77
164 75
164 186
164 107
164 129
164 184
164 112
164 158
164 190
164 174
164 85
164 194
164 177
164 121
164 146
164 15
164 136
164 79
164 169
165 70
165 146
165 172
165 86
165 106
165 153
165 21
165 64
165 51
165 62
165 13
165 171
165 113
165 133
165 111
165 162
165 27
165 197
165 105
165 32
165 102
165 188
165 141
165 8
165 164
165 169
165 117
165 166
165 190
165 104
165 150
165 175
165 157
165 55
165 168
165 63
165 89
165 149
165 68
165 132
165 9
165 47
165 135
165 170
165 76
165 94
165 108
165 115
165 46
165 161
165 65
165 116
165 125
165 123
165 154
166 128
166 19
166 88
166 138
166 39
166 90
166 68
166 129
166 190
166 200
166 81
166 50
166 26
166 147
166 62
166 78
166 63
166 185
166 171
166 135
166 47
166 109
166 28
166 87
166 45
166 182
166 79
166 99
166 157
166 145
166 89
166 38
166 179
166 53
166 155
166 198
166 158
166 134
166 175
166 25
166 163
166 173
166 70
166 150
166 197
166 110
166 164
166 123
166 41
166 100
166 156
166 176
166 144
166 133
166 130
166 174
166 9
166 60
166 131
166 13
166 107
166 84
166 139
167 135
167 25
167 36
167 77
167 82
167 179
167 200
167 141
167 72
167 184
167 9
167 145
167 106
167 65
167 22
167 83
167 137
167 105
167 112
167 187
167 50
167 44
167 29
167 95
167 114
167 11
167 71
167 73
167 100
167 143
167 151
167 67
167 43
167 107
167 164
167 186
167 87
167 56
167 23
167 131
167 134
167 78
167 142
167 64
167 86
167 138
167 133
167 91
167 12
167 160
167 69
167 177
167 79
167 127
167 32
167 31
167 173
167 190
167 96
167 193
168 100
168 153
168 81
168 145
168 126
168 87
168 185
168 79
168 106
168 29
168 70
168 92
168 109
168 15
168 30
168 154
168 190
168 43
168 23
168 108
168 72
168 40
168 195
168 198
168 179
168 75
168 99
168 38
168 155
168 149
168 143
168 48
168 42
168 171
168 170
168 84
168 61
168 44
168 184
168 141
168 152
168 162
168 124
168 58
168 45
168 94
168 120
168 105
168 144
168 82
168 166
168 19
168 167
168 142
168 39
168 186
168 182
168 172
168 110
168 129
168 13
169 156
169 27
169 129
169 132
169 77
169 111
169 162
169 128
169 186
169 161
169 167
169 59
169 28
169 163
169 140
169 127
169 85
169 171
169 172
169 42
169 109
169 125
169 82
169 35
169 98
169 174
169 74
169 143
169 93
169 107
169 200
169 1
169 43
169 106
169 191
169 95
169 189
169 2
169 19
169 131
169 142
169 97
169 92
169 168
169 150
169 166
169 148
169 38
169 51
169 175
169 48
169 137
169 12
169 117
169 64
169 158
169 87
169 138
169 108
169 58
169 20
169 198
170 7
170 43
170 107
170 111
170 174
170 64
170 182
170 153
170 125
170 105
170 199
170 89
170 143
170 178
170 40
170 16
170 198
170 50
170 151
170 169
170 63
170 24
170 13
170 135
170 184
170 9
170 17
170 18
170 162
170 96
170 65
170 191
170 192
170 86
170 67
170 127
170 5
170 92
170 157
170 80
170 15
170 100
170 139
170 193
170 112
170 20
170 183
170 146
170 30
170 10
170 60
170 200
170 38
170 133
170 47
170 56
170 6
171 131
171 67
171 11
171 124
171 94
171 137
171 53
171 103
171 98
171 75
171 110
171 45
171 78
171 21
171 185
171 142
171 25
171 139
171 136
171 80
171 82
171 187
171 32
171 159
171 119
171 111
171 195
171 162
171 128
171 148
171 164
171 58
171 151
171 106
171 104
171 118
171 180
171 117
171 150
171 167
171 38
171 62
171 147
171 170
171 157
171 35
171 30
171 76
171 130
171 27
171 10
171 160
171 16
171 146
171 20
171 141
171 48
171 79
171 99
171 184
171 101
171 182
172 134
172 81
172 57
172 158
172 80
172 22
172 26
172 150
172 35
172 24
172 62
172 142
172 2
172 61
172 8
172 10
172 119
172 76
172 136
172 3
172 39
172 163
172 83
172 191
172 71
172 132
172 38
172 28
172 18
172 85
172 47
172 137
172 139
172 56
172 140
172 20
172 157
172 173
172 36
172 89
172 182
172 102
172 79
172 147
172 154
172 64
172 43
172 184
172 110
172 6
172 111
172 143
172 171
172 124
172 66
172 116
172 14
172 51
173 106
173 81
173 130
173 46
173 196
173 11
173 134
173 17
173 168
173 56
173 101
173 132
173 33
173 34
173 126
173 43
173 177
173 169
173 30
173 149
173 138
173 27
173 187
173 18
173 37
173 10
173 35
173 93
173 59
173 89
173 185
173 146
173 87
173 103
173 73
173 75
173 9
173 82
173 71
173 13
173 157
173 98
173 155
173 192
173 117
173 139
173 197
173 178
173 85
173 5
173 113
173 124
173 64
173 39
173 1
173 181
173 198
173 88
173 165
173 68
173 66
173 14
174 182
174 152
174 104
174 103
174 22
174 26
174 183
174 175
174 200
174 114
174 85
174 40
174 48
174 14
174 146
174 54
174 70
174 137
174 100
174 148
174 94
174 65
174 50
174 135
174 181
174 153
174 134
174 132
174 119
174 106
174 77
174 167
174 6
174 140
174 177
174 161
174 89
174 8
174 86
174 63
174 122
174 42
174 43
174 30
174 138
174 158
174 179
174 196
174 192
174 20
174 149
174 195
174 190
174 55
174 12
174 141
175 143
175 125
175 135
175 124
175 151
175 24
175 60
175 122
175 153
175 44
175 194
175 154
175 87
175 136
175 177
175 141
175 191
175 28
175 131
175 133
175 31
175 193
175 142
175 167
175 114
175 35
175 155
175 17
175 16
175 171
175 199
175 45
175 69
175 6
175 185
175 118
175 46
175 138
175 160
175 149
175 2
175 163
175 104
175 197
175 12
175 15
175 161
175 108
175 146
175 1
175 113
175 26
175 56
175 10
175 91
175 178
175 20
175 127
175 73
175 137
175 140
175 82
175 38
175 196
175 32
176 116
176 76
176 64
176 177
176 119
176 127
176 141
176 79
176 5
176 14
176 84
176 1
176 111
176 55
176 146
176 165
176 197
176 35
176 148
176 167
176 103
176 22
176 77
176 173
176 129
176 10
176 69
176 25
176 60
176 117
176 180
176 108
176 100
176 132
176 158
176 121
176 194
176 171
176 59
176 56
176 147
176 54
176 18
176 39
176 183
176 49
176 75
176 57
176 118
176 93
176 191
176 154
176 157
176 86
176 145
176 198
176 99
176 105
176 104
176 34
176 131
177 74
177 161
177 87
177 113
177 30
177 2
177 149
177 120
177 138
177 148
177 39
177 126
177 91
177 36
177 128
177 196
177 134
177 184
177 54
177 61
177 6
177 107
177 147
177 112
177 172
177 84
177 124
177 86
177 41
177 190
177 13
177 98
177 141
177 78
177 38
177 35
177 88
177 75
177 7
177 79
177 22
177 57
177 48
177 51
177 33
177 156
177 67
177 94
177 65
177 45
177 163
177 10
177 199
177 121
177 49
177 18
177 26
177 85
177 69
177 139
178 137
178 45
178 88
178 131
178 78
178 192
178 156
178 48
178 94
178 124
178 56
178 161
178 87
178 51
178 33
178 12
178 98
178 97
178 27
178 153
178 120
178 32
178 114
178 200
178 138
178 108
178 62
178 179
178 169
178 11
178 181
178 144
178 60
178 90
178 166
178 79
178 67
178 21
178 174
178 106
178 151
178 143
178 54
178 127
178 5
178 76
178 171
178 96
178 183
178 104
178 102
178 77
178 17
178 198
178 148
178 99
178 74
178 82
179 37
179 61
179 104
179 131
179 113
179 34
179 184
179 110
179 45
179 156
179 175
179 145
179 29
179 105
179 53
179 80
179 50
179 146
179 22
179 112
179 58
179 152
179 60
179 39
179 92
179 38
179 107
179 15
179 170
179 162
179 191
179 44
179 87
179 192
179 195
179 101
179 123
179 62
179 140
179 126
179 143
179 55
179 169
179 183
179 148
179 160
179 115
179 98
179 13
180 31
180 38
180 197
180 139
180 136
180 58
180 190
180 73
180 76
180 23
180 14
180 13
180 200
180 93
180 155
180 165
180 100
180 42
180 32
180 185
180 6
180 52
180 160
180 163
180 75
180 19
180 56
180 94
180 89
180 18
180 26
180 154
180 192
180 111
180 175
180 55
180 168
180 167
180 45
180 21
180 4
180 128
180 173
180 115
180 11
180 125
180 178
180 5
180 113
180 157
180 137
180 148
180 117
180 126
180 143
180 66
180 22
180 199
180 28
180 172
180 177
180 86
181 115
181 156
181 199
181 121
181 134
181 124
181 191
181 104
181 196
181 48
181 172
181 95
181 44
181 123
181 170
181 52
181 157
181 25
181 127
181 131
181 46
181 4
181 43
181 93
181 58
181 91
181 166
181 41
181 98
181 116
181 200
181 128
181 155
181 6
181 140
181 187
181 32
181 64
181 153
181 142
181 130
181 165
181 167
181 67
181 161
181 33
181 31
181 3
181 66
181 97
181 74
181 5
181 84
181 9
181 135
181 163
181 148
181 21
181 36
181 7
181 107
181 150
181 85
181 75
182 163
182 193
182 96
182 103
182 44
182 152
182 62
182 74
182 94
182 75
182 173
182 23
182 194
182 181
182 71
182 27
182 1
182 90
182 165
182 127
182 158
182 178
182 111
182 132
182 82
182 99
182 200
182 139
182 73
182 7
182 151
182 29
182 107
182 184
182 93
182 31
182 88
182 114
182 65
182 130
182 144
182 47
182 12
182 11
182 147
182 84
182 81
182 150
182 33
182 102
182 149
182 17
182 105
182 8
182 76
182 164
182 100
182 40
182 137
182 37
182 38
182 155
182 58
182 191
182 46
183 75
183 154
183 40
183 101
183 23
183 188
183 191
183 49
183 90
183 34
183 57
183 133
183 190
183 71
183 80
183 121
183 167
183 136
183 56
183 69
183 84
183 88
183 111
183 102
183 35
183 120
183 74
183 46
183 181
183 134
183 171
183 156
183 132
183 65
183 195
183 173
183 47
183 76
183 135
183 141
183 112
183 128
183 83
183 16
183 166
183 85
183 52
183 54
183 150
183 197
183 198
183 168
183 61
183 72
183 12
183 82
183 13
183 130
183 186
183 96
183 36
183 62
183 60
183 17
183 177
183 180
183 146
183 63
183 66
184 61
184 143
184 88
184 148
184 57
184 149
184 16
184 120
184 41
184 162
184 74
184 15
184 92
184 115
184 118
184 174
184 66
184 125
184 24
184 76
184 1
184 132
184 87
184 71
184 81
184 144
184 12
184 52
184 102
184 180
184 183
184 127
184 166
184 187
184 117
184 29
184 2
184 37
184 3
184 46
184 190
184 64
184 163
184 103
184 19
184 62
184 39
184 150
184 82
184 90
184 121
184 98
184 191
184 108
184 5
184 112
184 83
184 134
184 104
184 28
185 81
185 116
185 181
185 138
185 190
185 132
185 186
185 64
185 141
185 152
185 101
185 145
185 172
185 50
185 71
185 92
185 155
185 106
185 87
185 19
185 88
185 104
185 73
185 139
185 182
185 27
185 5
185 167
185 160
185 107
185 55
185 23
185 4
185 117
185 128
185 69
185 183
185 179
185 158
185 124
185 63
185 199
185 37
185 118
185 21
185 10
185 86
185 29
185 62
185 161
185 42
185 89
185 16
185 113
185 149
185 159
185 14
185 170
185 38
185 75
185 153
185 97
185 195
185 131
186 142
186 174
186 110
186 68
186 171
186 176
186 133
186 112
186 98
186 140
186 21
186 86
186 134
186 155
186 51
186 37
186 85
186 55
186 122
186 56
186 64
186 42
186 165
186 67
186 22
186 123
186 60
186 10
186 20
186 46
186 30
186 196
186 39
186 17
186 175
186 36
186 93
186 129
186 27
186 181
186 151
186 33
186 109
186 50
186 81
186 160
186 182
186 25
186 195
186 92
186 145
186 87
186 4
186 141
186 191
186 44
186 107
186 146
186 24
186 35
187 122
187 80
187 58
187 128
187 156
187 114
187 143
187 11
187 118
187 152
187 189
187 59
187 96
187 101
187 13
187 139
187 5
187 107
187 162
187 169
187 197
187 14
187 195
187 150
187 170
187 21
187 151
187 116
187 186
187 44
187 48
187 31
187 4
187 188
187 90
187 191
187 165
187 153
187 147
187 33
187 26
187 113
187 112
187 102
187 120
187 64
187 145
187 84
187 146
187 183
187 134
187 56
187 123
187 66
187 108
187 125
187 198
187 75
187 177
187 92
187 7
187 97
187 109
187 28
188 67
188 192
188 92
188 147
188 5
188 142
188 30
188 87
188 137
188 176
188 112
188 189
188 63
188 51
188 26
188 52
188 186
188 98
188 166
188 177
188 180
188 15
188 4
188 66
188 118
188 146
188 22
188 74
188 55
188 143
188 159
188 82
188 138
188 132
188 97
188 2
188 41
188 21
188 42
188 40
188 117
188 70
188 81
188 182
188 111
188 194
188 120
188 175
188 6
188 20
188 103
188 168
188 157
188 102
188 37
188 13
188 77
188 158
189 87
189 166
189 155
189 167
189 139
189 104
189 152
189 14
189 132
189 196
189 89
189 180
189 61
189 7
189 175
189 162
189 103
189 142
189 68
189 185
189 56
189 121
189 55
189 184
189 66
189 53
189 151
189 177
189 35
189 168
189 27
189 190
189 83
189 46
189 8
189 197
189 93
189 165
189 5
189 123
189 41
189 69
189 198
189 157
189 30
189 3
189 70
189 36
189 140
189 182
189 90
189 112
189 138
189 88
189 47
189 130
189 148
189 57
190 172
190 51
190 13
190 196
190 116
190 8
190 34
190 49
190 147
190 199
190 120
190 86
190 23
190 64
190 79
190 45
190 90
190 91
190 176
190 162
190 77
190 99
190 82
190 128
190 32
190 74
190 53
190 92
190 81
190 179
190 66
190 16
190 26
190 4
190 36
190 105
190 103
190 171
190 61
190 65
190 63
190 154
190 29
190 197
190 62
190 48
190 56
190 126
190 134
190 173
190 130
190 169
190 160
190 100
190 150
190 57
190 33
190 60
190 42
190 98
190 136
191 3
191 158
191 117
191 45
191 87
191 26
191 96
191 193
191 109
191 39
191 174
191 120
191 15
191 60
191 18
191 78
191 70
191 114
191 122
191 108
191 88
191 129
191 27
191 44
191 189
191 180
191 84
191 148
191 86
191 99
191 152
191 146
191 173
191 134
191 151
191 128
191 41
191 116
191 50
191 95
191 72
191 161
191 113
191 77
191 20
191 93
191 74
191 185
191 79
191 188
191 125
191 38
191 177
191 58
191 67
191 166
191 31
191 162
191 55
191 100
191 69
191 133
191 159
192 147
192 67
192 154
192 51
192 130
192 43
192 73
192 77
192 96
192 105
192 106
192 167
192 87
192 72
192 10
192 81
192 78
192 52
192 100
192 197
192 156
192 118
192 184
192 187
192 148
192 144
192 63
192 150
192 176
192 200
192 116
192 108
192 62
192 132
192 49
192 185
192 7
192 65
192 36
192 38
192 53
192 126
192 190
192 104
192 55
192 117
192 198
192 151
192 138
192 140
192 74
193 25
193 18
193 28
193 13
193 23
193 68
193 84
193 159
193 104
193 173
193 60
193 2
193 97
193 17
193 143
193 40
193 151
193 77
193 65
193 152
193 61
193 114
193 194
193 64
193 55
193 196
193 122
193 96
193 108
193 49
193 169
193 184
193 86
193 137
193 100
193 187
193 63
193 21
193 103
193 142
193 31
193 183
193 155
193 94
193 199
193 14
193 3
193 109
193 24
193 185
193 186
193 171
193 72
193 138
193 147
193 129
193 66
193 58
193 71
194 40
194 97
194 199
194 91
194 90
194 86
194 39
194 104
194 189
194 184
194 53
194 106
194 62
194 156
194 98
194 43
194 45
194 187
194 22
194 61
194 51
194 16
194 83
194 77
194 44
194 124
194 49
194 114
194 67
194 158
194 47
194 33
194 195
194 63
194 66
194 6
194 68
194 190
194 173
194 134
194 177
194 109
194 166
194 94
194 12
194 60
194 169
194 48
194 2
194 132
194 191
194 8
194 115
194 171
195 190
195 180
195 167
195 77
195 132
195 42
195 133
195 108
195 178
195 147
195 155
195 85
195 23
195 69
195 143
195 71
195 117
195 19
195 169
195 191
195 32
195 112
195 31
195 49
195 110
195 177
195 70
195 54
195 82
195 111
195 136
195 9
195 129
195 123
195 24
195 57
195 7
195 107
195 59
195 45
195 127
195 166
195 13
195 2
195 34
195 98
195 192
195 156
195 193
195 173
195 96
195 52
195 87
195 47
195 153
195 55
195 4
195 176
195 43
195 105
195 118
196 68
196 48
196 23
196 166
196 111
196 179
196 105
196 197
196 6
196 36
196 26
196 168
196 44
196 152
196 84
196 2
196 154
196 122
196 79
196 83
196 31
196 17
196 160
196 1
196 171
196 11
196 145
196 62
196 172
196 76
196 141
196 21
196 118
196 120
196 133
196 46
196 32
196 132
196 81
196 199
196 183
196 103
196 194
196 64
196 91
196 65
196 92
196 164
196 3
196 121
196 49
196 54
196 102
196 188
196 75
196 22
196 98
196 66
196 25
196 55
196 95
197 191
197 195
197 3
197 52
197 16
197 148
197 85
197 84
197 92
197 136
197 182
197 153
197 73
197 104
197 82
197 20
197 47
197 30
197 161
197 150
197 98
197 119
197 186
197 147
197 31
197 120
197 93
197 53
197 144
197 83
197 159
197 135
197 169
197 117
197 133
197 194
197 167
197 62
197 181
197 137
197 121
197 142
197 54
197 185
197 61
197 126
197 134
197 115
197 168
197 163
197 105
197 200
197 15
197 36
197 55
197 106
197 184
197 149
197 22
197 12
198 85
198 84
198 10
198 109
198 177
198 195
198 161
198 117
198 131
198 21
198 136
198 199
198 190
198 18
198 88
198 118
198 106
198 31
198 69
198 148
198 147
198 196
198 172
198 61
198 33
198 123
198 197
198 97
198 96
198 62
198 48
198 134
198 16
198 126
198 76
198 50
198 155
198 82
198 71
198 139
198 83
198 67
198 66
198 179
198 175
198 86
198 174
198 150
198 3
198 122
198 54
198 70
198 113
198 164
198 81
199 35
199 164
199 143
199 127
199 195
199 153
199 166
199 148
199 92
199 45
199 6
199 12
199 16
199 37
199 97
199 32
199 174
199 113
199 88
199 71
199 81
199 31
199 13
199 93
199 155
199 186
199 121
199 182
199 163
199 176
199 167
199 109
199 115
199 114
199 11
199 65
199 101
199 157
199 83
199 197
199 8
199 160
199 159
199 79
199 40
199 90
199 26
199 3
199 102
199 129
199 4
199 58
199 171
199 126
199 47
199 187
199 80
199 94
199 183
199 144
200 145
200 74
200 50
200 34
200 148
200 136
200 189
200 20
200 134
200 149
200 117
200 51
200 112
200 191
200 168
200 193
200 95
200 53
200 35
200 46
200 91
200 143
200 83
200 172
200 118
200 81
200 96
200 57
200 42
200 175
200 99
200 26
200 59
200 115
200 130
200 150
200 198
200 55
200 71
200 152
200 98
200 125
200 126
200 185
200 183
200 173
200 15
200 21
200 87
200 24
200 39
200 37
200 69
200 38
200 68
200 139
200 4
