200 9950
1 147
1 14
1 166
1 153
1 155
1 77
1 139
1 178
1 41
1 10
1 36
1 58
1 105
1 82
1 78
1 67
1 12
1 13
1 106
1 4
1 149
1 194
1 46
1 6
1 110
1 125
1 183
1 70
1 158
1 122
1 66
1 151
1 91
1 32
1 18
1 62
1 93
1 89
1 52
1 27
1 185
1 133
1 181
1 199
1 94
1 174
1 15
2 64
2 123
2 198
2 40
2 121
2 14
2 22
2 200
2 156
2 104
2 144
2 140
2 50
2 12
2 62
2 86
2 191
2 125
2 131
2 107
2 130
2 66
2 147
2 77
2 183
2 152
2 9
2 49
2 109
2 17
2 119
2 135
2 132
2 4
2 3
2 165
2 169
2 110
2 47
2 150
2 126
2 80
2 26
2 137
2 36
2 188
2 25
2 136
2 52
2 196
3 74
3 114
3 33
3 166
3 29
3 55
3 26
3 151
3 136
3 98
3 142
3 191
3 190
3 92
3 107
3 81
3 162
3 176
3 51
3 195
3 72
3 83
3 134
3 129
3 34
3 18
3 65
3 86
3 183
3 78
3 116
3 24
3 70
3 36
3 177
3 109
3 168
3 188
3 30
3 43
3 198
3 184
3 121
3 138
3 58
3 48
3 185
3 15
3 77
3 64
4 113
4 114
4 117
4 58
4 195
4 122
4 185
4 60
4 163
4 75
4 170
4 10
4 32
4 167
4 187
4 54
4 152
4 150
4 138
4 45
4 161
4 93
4 102
4 56
4 39
4 131
4 171
4 16
4 158
4 169
4 192
4 14
4 71
4 139
4 159
4 186
4 44
4 168
4 70
4 43
4 8
4 19
4 146
4 88
4 66
4 63
4 179
4 47
4 86
4 34
4 140
5 57
5 189
5 195
5 157
5 98
5 100
5 21
5 191
5 67
5 40
5 176
5 46
5 128
5 41
5 120
5 7
5 141
5 148
5 143
5 56
5 37
5 97
5 101
5 87
5 30
5 63
5 14
5 45
5 152
5 33
5 183
5 135
5 113
5 130
5 42
5 173
5 126
5 10
5 50
5 77
5 192
5 2
5 68
5 59
5 96
5 61
5 54
5 146
6 60
6 122
6 82
6 120
6 115
6 181
6 97
6 98
6 31
6 161
6 43
6 54
6 105
6 189
6 12
6 91
6 94
6 163
6 176
6 123
6 143
6 106
6 78
6 29
6 71
6 173
6 124
6 186
6 23
6 77
6 195
6 55
6 110
6 92
6 57
6 179
6 8
6 47
6 85
6 117
6 24
7 195
7 44
7 1
7 29
7 181
7 191
7 63
7 87
7 161
7 134
7 107
7 17
7 127
7 79
7 143
7 86
7 88
7 144
7 66
7 58
7 41
7 137
7 12
7 150
7 118
7 149
7 65
7 162
7 100
7 121
7 91
7 186
7 3
7 115
7 93
7 124
7 147
7 47
7 116
7 99
7 102
7 52
7 113
7 62
7 19
7 48
7 74
7 16
7 75
7 151
7 182
8 137
8 99
8 165
8 55
8 186
8 81
8 32
8 145
8 42
8 57
8 78
8 138
8 115
8 50
8 2
8 178
8 171
8 151
8 34
8 62
8 26
8 169
8 7
8 155
8 116
8 20
8 63
8 136
8 177
8 183
8 157
8 84
8 68
8 39
8 198
8 184
8 200
8 3
8 120
8 126
8 154
8 179
8 193
8 105
8 103
8 135
8 97
8 94
8 190
8 72
9 182
9 159
9 63
9 96
9 7
9 29
9 168
9 20
9 17
9 128
9 169
9 85
9 21
9 82
9 74
9 64
9 155
9 126
9 176
9 180
9 62
9 145
9 84
9 98
9 23
9 104
9 190
9 86
9 136
9 138
9 53
9 89
9 16
9 156
9 51
9 109
9 119
9 22
9 71
9 188
9 1
9 129
9 91
9 152
9 195
9 40
9 27
9 100
9 87
9 134
9 112
9 52
10 3
10 195
10 25
10 13
10 192
10 165
10 87
10 45
10 125
10 70
10 112
10 147
10 150
10 32
10 39
10 62
10 166
10 41
10 104
10 151
10 28
10 116
10 109
10 144
10 128
10 75
10 64
10 161
10 179
10 130
10 140
10 187
10 164
10 190
10 92
10 23
10 136
10 101
10 51
10 100
10 79
10 111
10 42
10 142
10 188
10 135
10 193
10 56
10 8
11 164
11 71
11 192
11 145
11 104
11 21
11 195
11 76
11 130
11 53
11 193
11 138
11 109
11 1
11 24
11 131
11 190
11 65
11 144
11 169
11 44
11 56
11 114
11 187
11 39
11 16
11 30
11 41
11 84
11 25
11 73
11 7
11 72
11 119
11 38
11 14
11 36
11 142
11 70
11 4
11 139
11 156
11 175
11 42
11 178
11 172
12 13
12 101
12 144
12 97
12 95
12 38
12 178
12 35
12 126
12 120
12 125
12 76
12 108
12 25
12 151
12 188
12 194
12 55
12 158
12 91
12 145
12 138
12 90
12 142
12 17
12 3
12 171
12 103
12 9
12 147
12 24
12 42
12 20
12 18
12 72
12 4
12 33
12 47
12 31
12 197
12 154
12 170
12 107
12 36
12 167
12 164
12 172
12 67
12 143
12 59
12 88
12 146
12 179
13 142
13 153
13 154
13 22
13 150
13 120
13 4
13 185
13 157
13 98
13 84
13 109
13 32
13 59
13 144
13 44
13 3
13 197
13 25
13 6
13 127
13 177
13 28
13 170
13 145
13 95
13 104
13 99
13 41
13 128
13 77
13 27
13 141
13 50
13 187
13 173
13 47
13 155
13 24
13 93
13 161
13 9
13 68
13 200
13 158
13 19
13 124
14 180
14 172
14 95
14 134
14 38
14 154
14 71
14 163
14 79
14 183
14 51
14 111
14 40
14 25
14 3
14 121
14 145
14 102
14 189
14 133
14 198
14 13
14 66
14 65
14 12
14 64
14 59
14 36
14 54
14 186
14 175
14 23
14 169
14 78
14 90
14 21
14 63
14 8
14 77
14 80
14 192
14 142
14 92
14 32
14 148
14 143
14 43
14 199
15 46
15 200
15 101
15 92
15 143
15 54
15 193
15 48
15 114
15 9
15 119
15 157
15 127
15 107
15 12
15 62
15 67
15 87
15 103
15 71
15 78
15 39
15 23
15 56
15 13
15 77
15 187
15 35
15 44
15 20
15 190
15 11
15 40
15 50
15 125
15 31
15 19
15 149
15 10
15 93
15 164
15 27
15 189
15 83
16 65
16 184
16 126
16 3
16 162
16 57
16 146
16 78
16 111
16 122
16 196
16 23
16 110
16 67
16 55
16 138
16 38
16 120
16 178
16 114
16 86
16 183
16 200
16 36
16 121
16 68
16 37
16 30
16 192
16 135
16 180
16 59
16 21
16 61
16 60
16 148
16 140
16 149
16 105
16 51
16 100
16 50
16 133
16 97
16 84
16 139
16 161
17 84
17 193
17 65
17 164
17 71
17 68
17 29
17 5
17 73
17 94
17 119
17 67
17 47
17 28
17 10
17 78
17 147
17 43
17 189
17 198
17 66
17 174
17 100
17 135
17 179
17 102
17 196
17 191
17 57
17 171
17 122
17 3
17 58
17 114
17 89
17 8
17 109
17 19
17 143
17 50
17 22
17 155
17 75
17 13
17 130
18 155
18 196
18 107
18 133
18 103
18 128
18 62
18 16
18 142
18 69
18 89
18 113
18 74
18 176
18 189
18 54
18 96
18 199
18 46
18 57
18 169
18 17
18 80
18 159
18 27
18 101
18 24
18 184
18 197
18 185
18 66
18 95
18 166
18 162
18 105
18 65
18 115
18 190
18 70
18 177
18 78
18 109
18 154
18 15
18 63
18 30
18 64
18 183
18 20
19 85
19 155
19 96
19 176
19 40
19 66
19 141
19 160
19 80
19 153
19 67
19 91
19 12
19 196
19 75
19 10
19 71
19 171
19 9
19 187
19 146
19 2
19 125
19 92
19 97
19 34
19 55
19 147
19 39
19 47
19 119
19 200
19 23
19 188
19 189
19 54
19 111
19 149
19 73
19 51
19 138
19 63
19 165
19 44
19 103
19 120
19 82
19 1
19 184
19 183
19 3
19 164
19 8
19 197
19 88
19 36
20 110
20 26
20 96
20 82
20 172
20 167
20 184
20 79
20 161
20 88
20 119
20 152
20 92
20 32
20 192
20 145
20 102
20 176
20 185
20 118
20 47
20 189
20 111
20 7
20 150
20 148
20 195
20 112
20 190
20 187
20 123
20 52
20 85
20 61
20 41
20 75
20 68
20 164
20 11
20 43
20 21
20 63
20 90
20 155
21 32
21 45
21 38
21 13
21 50
21 95
21 46
21 179
21 140
21 137
21 24
21 124
21 134
21 15
21 131
21 27
21 108
21 184
21 152
21 89
21 136
21 199
21 84
21 74
21 93
21 17
21 52
21 90
21 146
21 142
21 102
21 176
21 57
21 116
21 19
21 67
21 37
21 55
21 145
21 192
21 127
21 147
21 106
21 164
21 148
21 98
21 122
21 62
21 113
21 40
21 82
21 119
22 136
22 53
22 10
22 23
22 100
22 39
22 114
22 171
22 15
22 5
22 90
22 142
22 196
22 185
22 40
22 37
22 49
22 121
22 181
22 38
22 165
22 199
22 141
22 31
22 111
22 156
22 186
22 86
22 123
22 200
22 95
22 166
22 25
22 4
22 11
22 153
22 115
22 148
22 168
22 29
22 41
22 59
22 132
22 62
22 96
22 116
22 67
22 24
22 125
22 16
22 56
23 133
23 40
23 35
23 183
23 116
23 64
23 4
23 69
23 70
23 110
23 134
23 55
23 87
23 11
23 179
23 77
23 174
23 101
23 137
23 113
23 47
23 44
23 150
23 18
23 167
23 142
23 52
23 163
23 24
23 121
23 199
23 197
23 60
23 49
23 62
23 177
23 156
23 109
23 188
23 98
23 135
23 67
23 42
23 91
24 190
24 181
24 118
24 25
24 197
24 5
24 57
24 116
24 150
24 198
24 35
24 158
24 148
24 127
24 147
24 117
24 115
24 189
24 32
24 27
24 178
24 95
24 76
24 30
24 77
24 50
24 134
24 64
24 149
24 15
24 51
24 129
24 4
24 112
24 156
24 113
24 38
24 63
24 20
24 200
24 90
24 54
24 33
24 152
24 111
24 160
24 10
24 17
24 140
24 92
25 160
25 57
25 104
25 117
25 99
25 51
25 1
25 5
25 110
25 131
25 171
25 52
25 185
25 181
25 136
25 15
25 42
25 37
25 195
25 91
25 194
25 186
25 183
25 127
25 150
25 6
25 145
25 106
25 4
25 124
25 197
25 39
25 36
25 159
25 166
25 112
25 173
25 165
25 168
25 137
25 96
25 128
25 80
25 38
25 53
25 7
25 199
25 141
25 200
25 188
25 90
25 67
26 18
26 197
26 103
26 43
26 16
26 36
26 1
26 51
26 176
26 75
26 154
26 115
26 53
26 69
26 80
26 99
26 22
26 59
26 144
26 58
26 148
26 193
26 135
26 139
26 173
26 180
26 102
26 73
26 74
26 21
26 29
26 179
26 116
26 184
26 127
26 147
26 118
26 82
26 4
26 158
26 10
26 165
26 93
26 188
26 5
26 133
26 160
26 66
26 167
26 95
26 60
27 188
27 25
27 103
27 148
27 126
27 76
27 151
27 69
27 177
27 35
27 175
27 87
27 74
27 125
27 134
27 72
27 155
27 40
27 113
27 194
27 17
27 171
27 20
27 52
27 3
27 145
27 2
27 65
27 107
27 123
27 164
27 99
27 101
27 128
27 47
27 150
27 86
27 94
27 56
27 182
27 190
27 49
27 80
27 110
27 192
27 7
27 104
27 48
27 98
27 149
28 66
28 54
28 144
28 69
28 108
28 65
28 187
28 7
28 153
28 5
28 71
28 150
28 129
28 86
28 57
28 137
28 36
28 177
28 93
28 180
28 41
28 163
28 113
28 158
28 196
28 110
28 156
28 18
28 117
28 31
28 64
28 161
28 27
28 178
28 191
28 4
28 3
28 147
28 133
28 12
28 37
28 102
28 67
28 186
28 47
28 51
28 80
28 48
28 184
28 49
29 111
29 128
29 114
29 41
29 37
29 61
29 5
29 14
29 148
29 52
29 48
29 125
29 97
29 152
29 13
29 21
29 50
29 163
29 110
29 185
29 39
29 156
29 90
29 25
29 49
29 19
29 178
29 181
29 82
29 85
29 80
29 89
29 74
29 119
29 113
29 104
29 71
29 137
29 55
29 108
29 31
29 123
29 72
29 36
29 83
29 69
29 43
29 23
30 28
30 77
30 56
30 170
30 181
30 116
30 104
30 83
30 102
30 4
30 31
30 71
30 122
30 155
30 196
30 9
30 162
30 186
30 183
30 22
30 146
30 182
30 88
30 35
30 150
30 129
30 58
30 85
30 72
30 161
30 135
30 51
30 76
30 6
30 12
30 25
30 153
30 149
30 100
30 98
30 144
30 141
30 103
30 131
30 10
30 151
30 26
30 127
30 166
30 41
30 8
30 45
30 178
31 20
31 150
31 142
31 106
31 166
31 193
31 108
31 171
31 174
31 183
31 56
31 137
31 116
31 168
31 94
31 13
31 127
31 75
31 62
31 125
31 141
31 63
31 45
31 49
31 195
31 153
31 101
31 149
31 17
31 86
31 102
31 160
31 74
31 65
31 122
31 159
31 111
31 16
31 113
31 112
31 52
31 46
31 41
31 163
31 32
31 138
31 98
31 67
31 105
31 164
31 121
31 25
31 81
31 55
31 92
32 34
32 80
32 26
32 170
32 5
32 155
32 139
32 156
32 132
32 143
32 99
32 41
32 126
32 39
32 45
32 78
32 111
32 2
32 196
32 119
32 46
32 180
32 57
32 117
32 148
32 16
32 200
32 115
32 11
32 81
32 121
32 191
32 50
32 104
32 76
32 130
32 157
32 94
32 171
32 18
32 91
32 19
32 123
32 120
32 47
32 141
32 98
32 93
32 90
32 112
32 146
32 42
33 80
33 50
33 30
33 38
33 177
33 149
33 19
33 43
33 42
33 15
33 114
33 25
33 162
33 40
33 187
33 83
33 61
33 111
33 129
33 142
33 148
33 126
33 191
33 200
33 180
33 182
33 7
33 156
33 32
33 99
33 29
33 169
33 196
33 104
33 138
33 55
33 139
33 84
33 127
33 11
33 161
33 79
33 8
33 28
33 155
33 151
33 97
34 145
34 24
34 28
34 60
34 128
34 71
34 142
34 83
34 39
34 27
34 66
34 127
34 55
34 121
34 92
34 99
34 141
34 25
34 164
34 162
34 5
34 178
34 10
34 61
34 97
34 112
34 93
34 29
34 200
34 69
34 94
34 117
34 22
34 2
34 63
34 186
34 68
34 12
34 133
34 67
34 31
34 110
34 123
34 80
34 104
34 72
34 21
34 196
34 188
34 168
34 7
35 78
35 123
35 105
35 31
35 192
35 95
35 194
35 25
35 21
35 11
35 54
35 40
35 136
35 68
35 8
35 187
35 75
35 166
35 37
35 124
35 81
35 103
35 161
35 41
35 52
35 133
35 34
35 42
35 79
35 141
35 5
35 60
35 162
35 6
35 146
35 138
35 2
35 177
35 116
35 178
35 186
35 3
35 51
35 176
35 67
35 108
35 199
35 118
35 170
35 36
35 169
35 113
35 132
36 47
36 154
36 141
36 89
36 171
36 81
36 59
36 187
36 173
36 135
36 69
36 188
36 31
36 162
36 184
36 96
36 17
36 52
36 22
36 172
36 115
36 20
36 45
36 54
36 145
36 110
36 175
36 30
36 94
36 9
36 63
36 140
36 150
36 148
36 124
36 157
36 75
36 183
36 18
36 111
36 131
36 79
36 48
36 98
36 113
36 180
36 195
36 5
36 118
36 90
36 72
37 73
37 7
37 13
37 139
37 20
37 148
37 9
37 27
37 122
37 38
37 105
37 107
37 103
37 197
37 34
37 19
37 118
37 194
37 149
37 185
37 154
37 30
37 92
37 80
37 47
37 142
37 61
37 110
37 33
37 195
37 59
37 52
37 179
37 200
37 188
37 115
37 131
37 127
37 6
38 101
38 103
38 174
38 66
38 93
38 150
38 177
38 106
38 121
38 89
38 7
38 18
38 19
38 55
38 70
38 172
38 116
38 183
38 30
38 32
38 175
38 143
38 198
38 65
38 191
38 4
38 9
38 71
38 189
38 17
38 136
38 142
38 114
38 92
38 41
38 128
38 75
38 134
38 162
38 187
38 144
38 120
38 51
38 82
38 138
38 15
38 154
38 77
38 10
38 50
38 74
38 193
38 192
38 194
38 135
38 13
38 107
38 68
39 79
39 40
39 148
39 56
39 117
39 57
39 71
39 63
39 193
39 162
39 61
39 199
39 196
39 106
39 139
39 90
39 9
39 7
39 78
39 170
39 13
39 186
39 88
39 35
39 190
39 184
39 98
39 124
39 119
39 38
39 30
39 108
39 161
39 121
39 82
39 67
39 97
39 26
39 192
39 125
39 105
39 181
39 84
39 174
39 14
39 31
39 175
39 104
39 197
39 81
39 54
39 146
39 17
40 157
40 111
40 148
40 70
40 164
40 46
40 102
40 199
40 92
40 186
40 112
40 189
40 151
40 31
40 71
40 106
40 126
40 113
40 7
40 117
40 114
40 41
40 166
40 84
40 48
40 100
40 24
40 44
40 86
40 195
40 152
40 118
40 136
40 115
40 168
40 130
40 68
40 63
40 25
40 187
40 59
40 83
40 176
40 194
40 167
40 101
40 190
40 72
40 192
40 61
40 132
40 11
41 6
41 160
41 58
41 46
41 148
41 3
41 60
41 164
41 189
41 49
41 4
41 173
41 14
41 27
41 21
41 128
41 112
41 39
41 192
41 55
41 145
41 34
41 84
41 63
41 97
41 75
41 98
41 81
41 105
41 42
41 169
41 37
41 83
41 99
41 199
41 176
41 72
41 53
41 150
41 9
41 195
41 166
41 115
41 110
41 121
41 186
41 138
41 161
41 24
41 147
41 114
41 69
41 132
41 50
41 126
41 51
41 170
41 139
42 40
42 128
42 139
42 138
42 3
42 135
42 127
42 153
42 111
42 6
42 124
42 88
42 108
42 49
42 129
42 94
42 196
42 70
42 177
42 133
42 173
42 54
42 151
42 9
42 74
42 112
42 184
42 57
42 38
42 30
42 39
42 100
42 122
42 200
42 189
42 140
42 163
42 31
42 58
42 97
42 59
42 95
42 154
42 179
42 149
42 170
42 24
42 193
42 103
43 45
43 74
43 86
43 192
43 153
43 151
43 36
43 53
43 88
43 42
43 64
43 27
43 2
43 82
43 159
43 135
43 93
43 105
43 181
43 90
43 24
43 175
43 163
43 184
43 97
43 52
43 87
43 124
43 38
43 129
43 180
43 109
43 18
43 149
43 34
43 9
43 8
43 154
43 167
43 113
43 178
43 72
43 21
43 68
43 126
43 188
43 197
43 61
43 12
43 166
44 168
44 156
44 153
44 193
44 111
44 171
44 84
44 69
44 162
44 16
44 88
44 189
44 110
44 149
44 188
44 8
44 166
44 2
44 182
44 200
44 83
44 43
44 32
44 12
44 102
44 129
44 141
44 177
44 165
44 37
44 34
44 176
44 125
44 175
44 6
44 128
44 78
44 38
44 63
44 197
44 93
44 195
44 87
44 36
45 143
45 56
45 76
45 119
45 64
45 132
45 129
45 123
45 184
45 96
45 13
45 140
45 52
45 107
45 173
45 58
45 113
45 91
45 33
45 147
45 93
45 35
45 22
45 85
45 181
45 196
45 34
45 101
45 116
45 139
45 193
45 165
45 117
45 55
45 80
45 142
45 27
45 19
45 148
45 168
45 26
45 24
45 46
45 105
45 97
45 18
45 83
45 11
45 98
46 116
46 159
46 128
46 136
46 88
46 29
46 198
46 141
46 102
46 175
46 78
46 170
46 17
46 99
46 83
46 118
46 157
46 59
46 24
46 42
46 135
46 13
46 91
46 113
46 191
46 70
46 192
46 168
46 92
46 123
46 89
46 34
46 63
46 184
46 180
46 122
46 72
46 39
46 35
46 68
46 183
46 98
46 85
46 160
46 2
46 44
46 25
46 48
47 58
47 60
47 44
47 38
47 34
47 122
47 75
47 35
47 182
47 26
47 50
47 15
47 65
47 56
47 200
47 87
47 159
47 24
47 168
47 114
47 167
47 119
47 150
47 76
47 145
47 88
47 169
47 100
47 57
47 91
47 137
47 59
47 132
47 184
47 128
47 79
47 80
47 186
47 11
47 68
47 99
47 85
47 115
47 157
47 31
47 8
47 188
47 97
47 179
47 111
47 105
47 5
47 196
47 152
47 41
47 70
48 120
48 176
48 6
48 18
48 45
48 39
48 195
48 33
48 122
48 50
48 59
48 108
48 191
48 118
48 79
48 93
48 14
48 22
48 154
48 140
48 91
48 64
48 31
48 35
48 103
48 41
48 193
48 137
48 188
48 2
48 47
48 109
48 44
48 178
48 198
48 163
48 25
48 190
48 182
48 125
48 38
48 196
48 85
48 169
48 112
49 183
49 167
49 180
49 34
49 19
49 68
49 132
49 113
49 169
49 39
49 56
49 119
49 82
49 73
49 65
49 99
49 116
49 147
49 38
49 100
49 60
49 62
49 150
49 110
49 128
49 165
49 154
49 177
49 64
49 55
49 69
49 58
49 137
49 187
49 54
49 179
49 84
49 14
49 87
49 157
49 30
49 72
49 170
49 81
49 92
49 97
49 1
49 78
49 115
49 47
49 195
50 126
50 6
50 3
50 181
50 73
50 22
50 172
50 185
50 129
50 23
50 163
50 148
50 161
50 127
50 97
50 135
50 194
50 26
50 153
50 43
50 98
50 146
50 191
50 102
50 145
50 169
50 18
50 177
50 83
50 56
50 184
50 141
50 9
50 36
50 116
50 7
50 82
50 133
50 182
50 52
50 132
50 197
50 86
50 113
50 79
50 134
50 11
51 158
51 31
51 8
51 137
51 27
51 147
51 59
51 92
51 74
51 22
51 186
51 13
51 94
51 172
51 86
51 42
51 60
51 4
51 67
51 49
51 149
51 188
51 47
51 1
51 56
51 157
51 11
51 161
51 110
51 135
51 183
51 117
51 36
51 114
51 18
51 5
51 133
51 81
51 118
51 87
51 168
51 32
51 162
51 169
51 121
51 33
51 68
51 108
51 76
51 109
51 155
52 178
52 19
52 85
52 60
52 131
52 110
52 4
52 173
52 34
52 72
52 30
52 33
52 167
52 186
52 3
52 199
52 53
52 145
52 149
52 97
52 179
52 191
52 114
52 38
52 196
52 165
52 174
52 26
52 139
52 96
52 162
52 176
52 200
52 89
52 47
52 70
52 130
52 192
52 161
52 101
52 95
52 116
52 170
52 189
52 171
52 177
52 93
52 88
52 15
52 74
52 41
52 13
52 136
52 151
52 158
52 144
53 163
53 50
53 93
53 55
53 40
53 19
53 197
53 39
53 59
53 147
53 89
53 32
53 35
53 27
53 18
53 44
53 194
53 74
53 183
53 47
53 36
53 152
53 199
53 128
53 146
53 5
53 86
53 112
53 111
53 16
53 20
53 78
53 13
53 14
53 118
53 159
53 196
53 17
53 2
53 23
53 121
53 110
53 24
53 195
53 70
53 8
53 10
53 120
53 177
53 124
53 4
53 48
54 174
54 118
54 76
54 23
54 110
54 126
54 86
54 146
54 56
54 88
54 62
54 80
54 162
54 193
54 200
54 89
54 123
54 87
54 40
54 8
54 164
54 99
54 111
54 103
54 172
54 1
54 78
54 12
54 127
54 46
54 145
54 84
54 81
54 187
54 181
54 58
54 7
54 44
54 124
54 22
54 53
54 2
54 196
54 30
54 83
54 72
54 144
54 198
54 45
54 194
54 70
54 48
54 149
54 21
54 132
54 47
55 117
55 11
55 40
55 112
55 85
55 93
55 35
55 176
55 67
55 47
55 146
55 180
55 60
55 119
55 83
55 175
55 52
55 102
55 145
55 200
55 30
55 189
55 25
55 174
55 51
55 88
55 128
55 133
55 2
55 149
55 58
55 37
55 87
55 65
55 57
55 94
55 96
55 69
55 61
55 134
55 196
55 78
55 5
55 156
55 142
55 195
55 191
55 62
56 37
56 21
56 115
56 76
56 23
56 101
56 58
56 48
56 180
56 8
56 100
56 111
56 91
56 40
56 75
56 184
56 146
56 119
56 145
56 153
56 18
56 148
56 167
56 92
56 29
56 42
56 102
56 68
56 182
56 82
56 64
56 178
56 62
56 185
56 73
56 89
56 43
56 125
56 124
56 7
56 85
56 175
56 187
56 127
56 141
56 172
56 65
56 1
56 152
56 35
56 174
56 96
56 106
56 117
56 170
57 139
57 133
57 154
57 196
57 147
57 34
57 53
57 99
57 124
57 61
57 146
57 48
57 69
57 192
57 7
57 23
57 151
57 4
57 162
57 3
57 51
57 130
57 156
57 63
57 157
57 198
57 26
57 199
57 11
57 127
57 123
57 74
57 64
57 168
57 148
57 45
57 136
57 106
57 43
57 187
57 195
57 164
57 85
57 117
57 92
57 50
57 71
58 167
58 92
58 183
58 182
58 104
58 20
58 13
58 89
58 51
58 8
58 140
58 86
58 174
58 145
58 102
58 27
58 142
58 50
58 134
58 57
58 164
58 193
58 161
58 53
58 2
58 115
58 143
58 160
58 100
58 16
58 114
58 156
58 128
58 76
58 178
58 25
58 110
58 199
58 81
58 73
58 68
58 39
58 31
58 23
58 135
58 37
58 71
58 131
58 36
58 33
59 200
59 116
59 103
59 184
59 160
59 189
59 144
59 58
59 70
59 154
59 165
59 105
59 49
59 31
59 196
59 76
59 92
59 8
59 1
59 140
59 121
59 50
59 74
59 60
59 54
59 151
59 4
59 188
59 110
59 90
59 197
59 52
59 30
59 19
59 2
59 158
59 130
59 29
59 155
59 15
59 157
59 124
59 57
59 10
59 123
59 131
59 175
59 77
59 43
59 61
60 107
60 177
60 25
60 182
60 195
60 185
60 30
60 88
60 106
60 57
60 128
60 173
60 167
60 101
60 90
60 156
60 136
60 171
60 137
60 154
60 157
60 198
60 9
60 145
60 184
60 176
60 86
60 80
60 56
60 19
60 33
60 5
60 31
60 14
60 134
60 192
60 178
60 98
60 95
60 141
60 144
60 172
61 83
61 183
61 196
61 118
61 42
61 128
61 65
61 175
61 103
61 3
61 180
61 100
61 132
61 60
61 109
61 85
61 140
61 139
61 112
61 35
61 2
61 141
61 38
61 116
61 73
61 188
61 49
61 64
61 169
61 44
61 19
61 199
61 115
61 97
61 78
61 27
61 156
61 36
61 136
61 174
61 121
61 160
61 194
62 52
62 86
62 68
62 11
62 136
62 186
62 40
62 174
62 166
62 161
62 144
62 59
62 119
62 127
62 39
62 74
62 107
62 157
62 33
62 17
62 148
62 44
62 32
62 47
62 73
62 194
62 91
62 20
62 58
62 42
62 176
62 135
62 189
62 81
62 37
62 43
62 83
62 193
62 200
62 115
62 156
62 45
62 126
62 98
62 94
62 50
62 180
62 78
62 34
62 164
62 53
62 149
62 95
63 191
63 3
63 188
63 199
63 190
63 61
63 155
63 167
63 28
63 138
63 92
63 88
63 182
63 193
63 25
63 76
63 130
63 17
63 189
63 108
63 96
63 75
63 85
63 1
63 73
63 58
63 105
63 104
63 102
63 22
63 56
63 89
63 60
63 26
63 99
63 131
63 163
63 128
63 43
63 123
63 197
63 2
63 48
63 170
63 122
63 33
63 84
63 178
63 27
63 186
63 71
63 55
63 47
63 97
64 129
64 76
64 198
64 175
64 194
64 133
64 65
64 1
64 54
64 35
64 146
64 78
64 199
64 22
64 58
64 36
64 134
64 19
64 89
64 34
64 51
64 99
64 29
64 33
64 193
64 30
64 126
64 11
64 87
64 107
64 161
64 197
64 131
64 91
64 84
64 116
64 20
64 83
64 16
64 47
64 158
64 17
64 31
64 147
64 167
64 160
64 141
64 98
64 143
64 148
64 63
65 21
65 90
65 23
65 94
65 92
65 34
65 63
65 168
65 105
65 118
65 156
65 4
65 159
65 195
65 102
65 45
65 54
65 194
65 188
65 126
65 122
65 114
65 101
65 154
65 95
65 43
65 189
65 109
65 152
65 192
65 146
65 46
65 72
65 66
65 116
65 41
65 184
65 158
65 110
65 35
65 172
65 20
65 135
65 25
65 198
65 106
65 51
65 177
65 179
65 52
65 112
65 13
66 72
66 43
66 76
66 157
66 16
66 165
66 33
66 52
66 49
66 13
66 189
66 39
66 155
66 87
66 177
66 151
66 58
66 104
66 118
66 12
66 133
66 5
66 153
66 138
66 27
66 135
66 121
66 83
66 31
66 59
66 79
66 25
66 120
66 160
66 141
66 11
66 191
66 116
66 107
66 197
66 32
66 114
67 24
67 83
67 187
67 68
67 107
67 168
67 29
67 198
67 103
67 145
67 158
67 194
67 99
67 121
67 11
67 165
67 30
67 56
67 95
67 78
67 27
67 137
67 33
67 10
67 164
67 118
67 123
67 57
67 50
67 195
67 189
67 152
67 110
67 44
67 14
67 175
67 41
67 127
67 192
67 49
67 135
67 197
67 149
67 191
67 97
67 144
67 61
67 46
68 4
68 151
68 18
68 139
68 131
68 95
68 112
68 171
68 126
68 108
68 156
68 196
68 89
68 110
68 92
68 24
68 150
68 192
68 55
68 154
68 105
68 148
68 157
68 123
68 155
68 101
68 181
68 60
68 63
68 61
68 111
68 97
68 9
68 191
68 65
68 143
68 124
68 187
68 175
68 73
68 198
68 106
68 85
68 121
68 173
68 41
68 107
68 39
68 114
68 44
68 117
68 189
69 131
69 158
69 181
69 103
69 172
69 190
69 54
69 47
69 129
69 38
69 95
69 107
69 166
69 43
69 4
69 121
69 12
69 152
69 148
69 2
69 143
69 141
69 97
69 140
69 32
69 31
69 45
69 9
69 74
69 173
69 56
69 42
69 25
69 134
69 111
69 21
69 132
69 179
69 185
69 94
69 160
69 127
69 68
69 19
69 169
69 8
70 36
70 64
70 8
70 39
70 58
70 109
70 122
70 22
70 67
70 186
70 96
70 131
70 17
70 19
70 113
70 43
70 27
70 103
70 49
70 174
70 192
70 188
70 157
70 155
70 34
70 6
70 128
70 78
70 177
70 108
70 57
70 12
70 152
70 75
70 104
70 100
70 68
70 35
70 106
70 28
70 32
70 183
70 50
70 156
70 132
70 33
70 60
70 163
70 138
70 62
70 115
70 150
70 118
71 165
71 62
71 157
71 164
71 104
71 144
71 79
71 3
71 83
71 152
71 151
71 12
71 154
71 177
71 52
71 8
71 94
71 105
71 161
71 54
71 185
71 196
71 82
71 167
71 122
71 139
71 130
71 32
71 26
71 44
71 24
71 184
71 31
71 68
71 142
71 73
71 53
71 140
71 22
71 190
71 85
71 47
71 41
71 65
71 108
71 200
71 126
71 56
71 70
71 163
71 119
71 91
71 150
71 141
71 132
72 112
72 134
72 101
72 178
72 179
72 114
72 107
72 74
72 198
72 7
72 186
72 53
72 160
72 158
72 57
72 105
72 185
72 170
72 145
72 132
72 150
72 55
72 122
72 117
72 154
72 4
72 77
72 131
72 87
72 70
72 147
72 48
72 173
72 19
72 148
72 166
72 71
72 95
72 126
72 171
72 103
72 121
72 58
72 84
72 152
72 62
72 168
72 35
72 51
72 17
72 191
72 69
72 44
73 75
73 78
73 57
73 24
73 114
73 15
73 34
73 103
73 91
73 9
73 198
73 59
73 35
73 6
73 186
73 40
73 125
73 188
73 193
73 85
73 123
73 81
73 39
73 182
73 27
73 184
73 138
73 38
73 107
73 192
73 45
73 8
73 199
73 51
73 150
73 170
73 22
73 161
73 168
73 10
73 132
73 28
73 16
73 92
73 41
73 143
73 99
73 20
73 48
73 3
73 30
73 162
73 80
73 83
73 87
73 115
73 134
73 88
74 118
74 66
74 183
74 17
74 109
74 15
74 185
74 152
74 10
74 14
74 193
74 155
74 65
74 148
74 117
74 157
74 41
74 179
74 140
74 141
74 48
74 33
74 91
74 16
74 97
74 151
74 92
74 54
74 98
74 196
74 78
74 160
74 94
74 50
74 167
74 198
74 176
74 102
74 129
74 159
74 165
74 138
74 90
74 136
74 73
74 70
74 127
74 181
74 126
74 189
74 63
74 128
74 122
75 11
75 150
75 112
75 162
75 99
75 180
75 96
75 24
75 65
75 156
75 54
75 160
75 79
75 132
75 181
75 85
75 12
75 167
75 23
75 155
75 9
75 169
75 108
75 91
75 53
75 177
75 28
75 72
75 18
75 124
75 97
75 57
75 174
75 2
75 46
75 52
75 43
75 199
75 182
75 140
75 166
75 62
75 82
75 125
75 131
75 27
75 151
75 86
76 10
76 3
76 70
76 109
76 38
76 195
76 48
76 94
76 96
76 127
76 88
76 75
76 53
76 83
76 192
76 155
76 69
76 115
76 50
76 22
76 20
76 122
76 141
76 171
76 158
76 140
76 71
76 65
76 9
76 93
76 1
76 37
76 74
76 15
76 116
76 184
76 8
76 49
76 162
76 86
76 82
76 137
76 194
76 72
77 63
77 33
77 71
77 125
77 147
77 105
77 153
77 142
77 151
77 144
77 155
77 26
77 50
77 163
77 8
77 198
77 196
77 21
77 45
77 129
77 7
77 76
77 68
77 181
77 60
77 58
77 190
77 27
77 177
77 35
77 67
77 81
77 56
77 29
77 186
77 47
77 167
77 156
77 9
77 99
77 52
77 37
77 100
77 32
77 39
77 139
77 44
77 146
77 180
77 55
77 119
77 197
77 53
77 166
77 42
77 122
78 104
78 50
78 183
78 158
78 2
78 40
78 5
78 100
78 151
78 93
78 58
78 180
78 24
78 140
78 79
78 95
78 77
78 126
78 134
78 26
78 101
78 137
78 160
78 63
78 90
78 56
78 155
78 109
78 92
78 110
78 71
78 112
78 194
78 124
78 190
78 25
78 72
78 86
78 103
78 47
78 30
78 23
78 36
78 51
78 176
78 19
78 76
78 179
78 57
78 21
78 136
78 108
78 159
78 75
78 172
78 12
79 123
79 57
79 94
79 90
79 139
79 95
79 34
79 186
79 113
79 164
79 9
79 64
79 19
79 111
79 1
79 168
79 18
79 172
79 92
79 106
79 153
79 183
79 180
79 58
79 114
79 142
79 74
79 80
79 22
79 38
79 120
79 109
79 60
79 51
79 31
79 170
79 187
79 82
79 167
79 190
79 185
79 11
79 30
79 173
79 24
79 163
79 192
80 140
80 84
80 112
80 138
80 7
80 149
80 155
80 175
80 35
80 90
80 92
80 129
80 78
80 156
80 12
80 46
80 91
80 135
80 166
80 139
80 65
80 6
80 187
80 121
80 75
80 182
80 190
80 86
80 62
80 77
80 50
80 42
80 9
80 99
80 161
80 83
80 85
80 106
80 66
80 81
80 51
80 11
80 136
80 53
80 144
80 198
80 61
80 133
81 1
81 194
81 188
81 106
81 44
81 56
81 128
81 159
81 61
81 20
81 76
81 4
81 112
81 169
81 12
81 94
81 14
81 86
81 141
81 113
81 120
81 21
81 104
81 175
81 166
81 57
81 147
81 72
81 181
81 135
81 50
81 43
81 164
81 38
81 152
81 45
81 26
81 190
81 67
81 158
81 78
81 156
81 161
81 42
81 171
81 187
81 40
81 110
81 55
82 92
82 87
82 48
82 188
82 111
82 133
82 69
82 102
82 166
82 89
82 34
82 124
82 187
82 70
82 41
82 30
82 155
82 170
82 10
82 52
82 164
82 148
82 146
82 72
82 16
82 11
82 144
82 93
82 194
82 63
82 142
82 4
82 156
82 125
82 116
82 66
82 107
82 2
82 183
82 185
82 160
82 5
82 57
82 162
82 101
82 172
82 77
82 123
82 169
82 110
82 94
83 17
83 133
83 110
83 185
83 170
83 136
83 199
83 182
83 18
83 49
83 200
83 52
83 106
83 16
83 128
83 24
83 88
83 47
83 165
83 184
83 12
83 93
83 125
83 28
83 176
83 65
83 134
83 192
83 85
83 81
83 107
83 78
83 23
83 7
83 141
83 91
83 72
83 178
83 22
83 9
83 19
83 151
83 156
83 27
83 126
83 122
83 163
83 135
83 187
83 95
83 102
83 25
83 98
83 70
83 123
84 89
84 32
84 149
84 127
84 52
84 172
84 81
84 128
84 191
84 7
84 130
84 73
84 42
84 142
84 122
84 185
84 25
84 43
84 162
84 117
84 132
84 87
84 108
84 62
84 153
84 179
84 55
84 47
84 28
84 109
84 57
84 88
84 164
84 76
84 168
84 140
84 186
84 152
84 187
84 30
84 136
84 4
84 198
84 174
85 153
85 69
85 115
85 18
85 84
85 53
85 96
85 70
85 118
85 106
85 178
85 14
85 173
85 37
85 127
85 3
85 155
85 39
85 59
85 129
85 89
85 189
85 145
85 179
85 109
85 143
85 5
85 134
85 34
85 93
85 77
85 21
85 25
85 194
85 187
85 32
85 120
85 15
85 2
85 98
85 82
85 54
85 78
85 140
85 113
85 154
85 195
85 100
85 43
85 185
85 38
85 111
85 184
86 30
86 99
86 167
86 26
86 14
86 147
86 21
86 64
86 137
86 6
86 200
86 162
86 39
86 89
86 189
86 34
86 112
86 96
86 44
86 131
86 97
86 69
86 103
86 190
86 68
86 18
86 122
86 193
86 73
86 135
86 12
86 79
86 25
86 90
86 36
86 197
86 66
86 144
86 83
86 32
86 168
86 38
86 170
86 178
86 104
86 161
86 55
86 158
86 100
86 166
86 152
86 123
86 195
86 182
87 41
87 161
87 117
87 118
87 200
87 143
87 50
87 38
87 74
87 106
87 129
87 75
87 130
87 32
87 21
87 20
87 90
87 70
87 152
87 177
87 97
87 138
87 83
87 63
87 124
87 79
87 40
87 33
87 48
87 147
87 153
87 26
87 62
87 98
87 162
87 168
87 132
87 190
87 35
87 103
87 86
87 187
87 31
87 173
87 125
87 36
87 193
87 116
87 115
88 179
88 189
88 198
88 81
88 176
88 41
88 138
88 15
88 181
88 101
88 149
88 106
88 45
88 72
88 56
88 10
88 22
88 94
88 174
88 175
88 3
88 64
88 105
88 164
88 110
88 40
88 143
88 97
88 166
88 37
88 49
88 14
88 86
88 38
88 18
88 57
88 156
88 65
88 132
88 96
88 154
88 172
88 67
88 9
88 16
88 100
88 13
88 178
89 132
89 28
89 171
89 146
89 175
89 14
89 153
89 103
89 43
89 98
89 178
89 61
89 164
89 71
89 149
89 31
89 179
89 165
89 119
89 173
89 160
89 73
89 69
89 182
89 121
89 80
89 159
89 194
89 47
89 114
89 74
89 186
89 50
89 143
89 172
89 59
89 40
89 190
89 177
89 99
89 95
89 24
89 11
89 32
89 170
89 148
90 170
90 163
90 134
90 89
90 166
90 93
90 27
90 62
90 54
90 73
90 23
90 51
90 61
90 159
90 5
90 141
90 157
90 44
90 10
90 6
90 181
90 172
90 28
90 178
90 161
90 38
90 56
90 185
90 183
90 9
90 46
90 196
90 152
90 116
90 142
90 194
90 197
90 72
90 69
90 135
90 53
90 85
90 68
90 83
90 147
90 76
90 66
90 139
90 1
90 144
90 18
90 19
91 154
91 5
91 181
91 3
91 16
91 100
91 167
91 138
91 136
91 123
91 118
91 103
91 21
91 134
91 97
91 149
91 4
91 18
91 115
91 113
91 54
91 121
91 22
91 10
91 63
91 164
91 109
91 133
91 176
91 143
91 82
91 127
91 112
91 43
91 90
91 189
91 51
91 183
91 68
91 162
91 35
91 153
91 57
91 93
91 29
91 84
91 13
92 175
92 60
92 192
92 70
92 16
92 17
92 195
92 170
92 2
92 33
92 26
92 100
92 96
92 107
92 114
92 23
92 52
92 39
92 145
92 48
92 163
92 76
92 47
92 85
92 32
92 109
92 86
92 178
92 29
92 98
92 112
92 1
92 140
92 142
92 169
92 41
92 155
92 120
92 62
92 173
92 181
92 187
92 159
92 77
92 191
92 188
92 152
92 64
92 13
92 113
92 81
92 8
92 42
92 104
92 176
93 99
93 191
93 3
93 126
93 33
93 181
93 77
93 46
93 10
93 190
93 80
93 73
93 11
93 114
93 150
93 74
93 187
93 177
93 134
93 67
93 51
93 81
93 70
93 131
93 36
93 162
93 47
93 29
93 96
93 25
93 151
93 20
93 65
93 115
93 103
93 9
93 117
93 19
93 178
93 30
93 63
93 89
93 92
93 120
93 71
93 68
93 182
93 127
94 50
94 162
94 44
94 101
94 193
94 114
94 70
94 28
94 132
94 89
94 91
94 53
94 35
94 115
94 84
94 64
94 190
94 145
94 61
94 25
94 96
94 39
94 99
94 137
94 152
94 54
94 5
94 170
94 86
94 29
94 119
94 41
94 129
94 180
94 135
94 167
94 197
94 9
94 155
94 45
94 192
94 175
94 116
94 21
94 195
94 52
95 29
95 48
95 11
95 198
95 86
95 103
95 168
95 195
95 37
95 64
95 28
95 71
95 164
95 36
95 186
95 167
95 94
95 39
95 54
95 9
95 16
95 32
95 199
95 58
95 77
95 38
95 173
95 158
95 146
95 17
95 117
95 102
95 27
95 50
95 73
95 161
95 128
95 46
95 134
95 130
95 137
95 70
95 66
95 126
95 81
95 97
95 111
95 114
95 183
95 55
96 194
96 110
96 148
96 24
96 162
96 131
96 144
96 11
96 142
96 115
96 153
96 80
96 199
96 65
96 112
96 126
96 84
96 156
96 7
96 48
96 134
96 81
96 21
96 31
96 34
96 82
96 77
96 198
96 51
96 38
96 69
96 176
96 147
96 129
96 29
96 107
96 165
96 57
96 196
96 103
96 121
96 143
96 59
96 175
96 118
96 87
96 155
96 10
97 181
97 129
97 106
97 147
97 17
97 3
97 118
97 90
97 187
97 51
97 104
97 11
97 107
97 184
97 160
97 126
97 134
97 89
97 59
97 180
97 109
97 80
97 56
97 121
97 1
97 194
97 133
97 193
97 23
97 98
97 116
97 20
97 175
97 82
97 66
97 186
97 28
97 77
97 27
97 183
97 22
97 7
97 83
97 15
97 10
97 26
97 35
97 64
97 58
98 189
98 86
98 184
98 71
98 100
98 80
98 82
98 128
98 66
98 58
98 12
98 175
98 158
98 187
98 185
98 26
98 59
98 162
98 78
98 108
98 38
98 22
98 47
98 127
98 114
98 44
98 136
98 52
98 72
98 168
98 188
98 103
98 138
98 161
98 10
98 169
98 15
98 57
98 166
98 68
98 16
98 153
98 35
98 20
98 191
98 18
98 150
98 130
98 137
98 154
99 146
99 185
99 62
99 70
99 10
99 189
99 101
99 174
99 194
99 173
99 100
99 42
99 95
99 171
99 87
99 126
99 114
99 124
99 130
99 92
99 108
99 138
99 188
99 197
99 66
99 36
99 160
99 74
99 90
99 15
99 11
99 83
99 140
99 60
99 184
99 153
99 68
99 119
99 135
99 98
99 81
99 167
99 53
99 187
99 195
99 58
99 180
99 199
99 121
100 62
100 157
100 32
100 24
100 155
100 165
100 140
100 6
100 35
100 148
100 195
100 68
100 65
100 73
100 187
100 63
100 89
100 159
100 71
100 154
100 1
100 193
100 176
100 112
100 173
100 200
100 33
100 125
100 54
100 4
100 151
100 31
100 174
100 80
100 180
100 152
100 41
100 182
100 14
100 147
100 197
100 38
100 48
100 76
100 46
100 128
100 12
100 93
100 2
101 86
101 2
101 110
101 79
101 113
101 172
101 30
101 74
101 198
101 39
101 7
101 44
101 179
101 154
101 16
101 19
101 105
101 128
101 49
101 67
101 53
101 139
101 186
101 129
101 85
101 75
101 22
101 28
101 73
101 70
101 188
101 93
101 98
101 106
101 47
101 181
101 118
101 13
101 132
101 168
101 177
101 137
101 97
101 91
101 37
101 133
101 26
101 140
101 147
101 33
101 87
102 54
102 24
102 168
102 189
102 19
102 33
102 64
102 5
102 118
102 71
102 106
102 140
102 146
102 98
102 42
102 49
102 182
102 12
102 84
102 78
102 128
102 53
102 52
102 178
102 136
102 103
102 2
102 22
102 32
102 47
102 38
102 160
102 127
102 165
102 69
102 121
102 8
102 36
102 179
102 171
102 139
102 37
102 45
102 60
103 138
103 32
103 21
103 173
103 28
103 193
103 75
103 68
103 79
103 111
103 112
103 185
103 39
103 129
103 169
103 163
103 58
103 133
103 200
103 125
103 45
103 158
103 117
103 47
103 144
103 65
103 147
103 22
103 62
103 145
103 110
103 6
103 81
103 16
103 44
103 170
103 119
103 121
103 113
103 49
103 159
103 14
103 74
103 171
103 82
103 3
103 60
103 182
103 7
103 90
103 172
103 106
103 88
103 109
103 53
103 151
103 161
103 77
103 116
104 26
104 24
104 144
104 101
104 112
104 56
104 122
104 188
104 44
104 147
104 6
104 172
104 190
104 50
104 140
104 158
104 159
104 38
104 82
104 87
104 99
104 65
104 96
104 123
104 53
104 146
104 113
104 175
104 12
104 46
104 121
104 28
104 59
104 115
104 200
104 180
104 177
104 155
104 64
104 192
104 15
104 193
104 31
104 136
105 22
105 9
105 58
105 55
105 108
105 165
105 167
105 178
105 64
105 52
105 171
105 157
105 86
105 104
105 21
105 193
105 160
105 182
105 199
105 100
105 138
105 169
105 3
105 122
105 168
105 84
105 188
105 97
105 132
105 109
105 185
105 50
105 95
105 195
105 81
105 82
105 141
105 51
105 70
105 12
105 15
105 73
105 149
105 113
105 96
105 127
105 87
105 166
105 156
105 30
105 49
105 99
106 91
106 92
106 176
106 29
106 121
106 199
106 182
106 47
106 12
106 22
106 4
106 144
106 181
106 35
106 42
106 123
106 15
106 100
106 116
106 173
106 46
106 163
106 53
106 51
106 34
106 23
106 75
106 187
106 9
106 28
106 122
106 66
106 157
106 161
106 115
106 166
106 146
106 105
106 55
106 186
106 10
106 158
106 82
106 72
106 179
106 132
106 98
106 43
106 127
106 135
106 195
107 102
107 112
107 151
107 61
107 134
107 158
107 136
107 128
107 52
107 172
107 34
107 130
107 188
107 124
107 117
107 85
107 106
107 21
107 162
107 25
107 77
107 111
107 91
107 30
107 105
107 1
107 178
107 24
107 169
107 56
107 43
107 95
107 175
107 139
107 150
107 50
107 131
107 168
107 138
107 63
107 70
107 26
107 5
107 53
107 170
108 56
108 80
108 138
108 36
108 127
108 152
108 147
108 38
108 49
108 171
108 155
108 102
108 27
108 183
108 107
108 54
108 173
108 160
108 113
108 165
108 22
108 67
108 5
108 74
108 129
108 176
108 195
108 101
108 62
108 172
108 189
108 13
108 40
108 192
108 144
108 41
108 81
108 91
108 133
108 132
108 52
109 95
109 5
109 56
109 159
109 150
109 112
109 193
109 33
109 93
109 45
109 19
109 26
109 90
109 6
109 177
109 72
109 176
109 169
109 178
109 60
109 129
109 46
109 64
109 188
109 135
109 190
109 77
109 52
109 173
109 171
109 144
109 151
109 4
109 160
109 53
109 130
109 126
109 59
109 55
109 196
109 73
109 181
109 21
109 22
109 44
109 81
109 14
109 113
110 108
110 166
110 104
110 181
110 159
110 71
110 195
110 38
110 105
110 80
110 192
110 33
110 40
110 185
110 188
110 174
110 79
110 152
110 15
110 64
110 187
110 3
110 198
110 172
110 114
110 45
110 146
110 74
110 118
110 89
110 171
110 182
110 50
110 14
110 30
110 119
110 122
110 69
110 169
110 178
110 47
110 168
110 55
110 94
110 43
110 48
110 85
110 99
110 63
110 125
110 167
110 109
111 39
111 23
111 183
111 84
111 174
111 114
111 158
111 130
111 18
111 199
111 99
111 5
111 118
111 7
111 70
111 178
111 58
111 122
111 62
111 139
111 188
111 2
111 75
111 191
111 176
111 98
111 119
111 49
111 64
111 34
111 163
111 41
111 46
111 136
111 193
111 125
111 159
111 12
111 59
111 175
111 83
111 117
111 4
111 157
111 190
111 128
111 71
112 106
112 108
112 11
112 125
112 18
112 185
112 160
112 183
112 27
112 166
112 120
112 167
112 33
112 164
112 133
112 35
112 151
112 174
112 101
112 142
112 124
112 28
112 180
112 163
112 116
112 19
112 138
112 85
112 58
112 172
112 26
112 3
112 74
112 90
112 115
112 70
112 36
112 12
112 140
112 79
112 200
112 157
112 152
112 60
112 69
112 56
112 144
112 13
112 127
112 193
112 76
112 46
113 98
113 179
113 12
113 152
113 135
113 11
113 42
113 130
113 199
113 138
113 82
113 53
113 111
113 133
113 71
113 90
113 80
113 107
113 145
113 75
113 190
113 167
113 73
113 185
113 96
113 171
113 38
113 13
113 48
113 160
113 180
113 65
113 184
113 32
113 139
113 142
113 52
113 3
113 94
113 64
113 131
113 121
113 197
113 155
113 137
113 126
113 41
113 87
113 154
113 57
113 54
113 157
113 95
113 51
114 161
114 76
114 84
114 56
114 31
114 106
114 23
114 189
114 195
114 28
114 48
114 149
114 151
114 2
114 176
114 190
114 78
114 100
114 164
114 126
114 34
114 54
114 71
114 123
114 157
114 43
114 87
114 7
114 82
114 74
114 88
114 155
114 197
114 18
114 49
114 130
114 20
114 97
114 5
114 42
114 196
114 45
114 132
114 163
114 177
114 19
114 9
114 174
114 64
114 137
114 101
114 108
114 69
114 30
114 81
114 27
114 112
114 13
114 113
114 90
114 181
115 151
115 177
115 114
115 154
115 77
115 163
115 82
115 147
115 75
115 35
115 145
115 182
115 100
115 146
115 11
115 191
115 72
115 65
115 69
115 95
115 173
115 12
115 16
115 179
115 42
115 123
115 197
115 120
115 188
115 162
115 101
115 108
115 63
115 43
115 156
115 86
115 48
115 55
115 79
115 102
115 133
115 144
115 137
115 181
115 44
115 129
116 43
116 62
116 2
116 128
116 56
116 73
116 60
116 135
116 36
116 5
116 44
116 124
116 104
116 79
116 183
116 130
116 81
116 156
116 113
116 138
116 166
116 181
116 182
116 152
116 39
116 144
116 151
116 33
116 16
116 17
116 155
116 58
116 167
116 14
116 165
116 91
116 20
116 75
116 199
116 169
116 11
116 96
116 68
116 70
116 188
116 109
116 142
116 101
116 42
116 127
116 99
116 180
117 152
117 123
117 3
117 167
117 136
117 60
117 61
117 81
117 198
117 36
117 164
117 16
117 30
117 85
117 5
117 59
117 159
117 18
117 149
117 133
117 137
117 150
117 113
117 194
117 76
117 12
117 54
117 192
117 105
117 83
117 65
117 173
117 80
117 14
117 73
117 79
117 62
117 52
117 131
117 10
117 91
117 37
117 193
117 38
117 168
117 116
117 22
118 127
118 178
118 28
118 155
118 191
118 158
118 197
118 19
118 131
118 137
118 30
118 100
118 14
118 75
118 63
118 57
118 6
118 50
118 18
118 153
118 108
118 181
118 184
118 83
118 25
118 88
118 142
118 8
118 9
118 86
118 183
118 136
118 45
118 188
118 114
118 41
118 78
118 115
118 56
118 5
118 180
118 58
118 47
119 69
119 157
119 84
119 100
119 152
119 61
119 66
119 194
119 112
119 191
119 13
119 125
119 54
119 193
119 176
119 46
119 87
119 22
119 31
119 68
119 198
119 95
119 88
119 144
119 18
119 73
119 114
119 162
119 150
119 12
119 98
119 163
119 133
119 8
119 59
119 35
119 122
119 135
119 80
119 172
119 116
119 7
119 200
119 129
119 1
119 97
119 183
119 58
119 153
120 198
120 42
120 139
120 37
120 68
120 174
120 74
120 46
120 111
120 103
120 104
120 167
120 30
120 1
120 40
120 200
120 172
120 41
120 129
120 10
120 159
120 7
120 189
120 80
120 24
120 179
120 64
120 123
120 150
120 45
120 132
120 137
120 11
120 15
120 107
121 82
121 169
121 44
121 81
121 12
121 95
121 78
121 108
121 100
121 197
121 149
121 125
121 24
121 28
121 57
121 74
121 138
121 137
121 150
121 85
121 154
121 26
121 195
121 159
121 151
121 141
121 8
121 33
121 9
121 46
121 180
121 79
121 84
121 124
121 94
121 48
121 18
121 60
121 70
121 167
121 190
121 166
121 131
121 92
121 42
121 118
121 105
121 160
121 10
121 25
121 133
121 136
121 29
121 128
121 4
121 90
121 83
121 21
121 143
121 43
121 117
121 116
122 44
122 50
122 149
122 85
122 136
122 43
122 52
122 29
122 91
122 156
122 107
122 153
122 138
122 164
122 60
122 133
122 59
122 169
122 69
122 41
122 115
122 40
122 89
122 180
122 183
122 103
122 97
122 73
122 51
122 176
122 2
122 116
122 19
122 79
122 5
122 36
122 157
122 178
122 147
122 143
122 9
122 66
122 14
122 18
122 93
122 95
122 90
122 34
122 197
122 128
123 97
123 151
123 101
123 23
123 116
123 103
123 198
123 176
123 94
123 93
123 127
123 146
123 144
123 177
123 173
123 33
123 72
123 44
123 124
123 131
123 197
123 90
123 143
123 21
123 13
123 70
123 130
123 87
123 8
123 42
123 169
123 166
123 77
123 107
123 76
123 180
123 200
123 96
123 4
123 15
124 67
124 93
124 152
124 156
124 8
124 113
124 11
124 86
124 105
124 199
124 62
124 49
124 190
124 141
124 188
124 96
124 4
124 155
124 175
124 16
124 181
124 85
124 15
124 24
124 70
124 10
124 97
124 115
124 88
124 94
124 136
124 125
124 131
124 51
124 22
124 3
124 169
124 135
124 81
124 110
124 149
124 174
124 111
124 46
124 77
124 91
124 5
125 171
125 55
125 51
125 115
125 162
125 11
125 91
125 199
125 195
125 93
125 120
125 126
125 188
125 67
125 6
125 176
125 21
125 169
125 86
125 69
125 37
125 71
125 32
125 107
125 167
125 118
125 17
125 152
125 90
125 197
125 42
125 159
125 4
125 26
125 43
125 156
125 153
125 101
125 13
125 105
125 18
125 94
125 157
125 35
125 191
125 186
125 28
125 193
126 130
126 92
126 124
126 193
126 52
126 189
126 17
126 34
126 119
126 110
126 136
126 15
126 49
126 98
126 10
126 158
126 174
126 86
126 75
126 67
126 182
126 145
126 4
126 105
126 169
126 23
126 13
126 116
126 111
126 24
126 147
126 181
126 60
126 171
126 29
126 132
126 90
126 3
126 63
126 173
126 56
126 140
126 85
126 122
126 108
126 91
126 38
126 167
126 20
126 30
127 53
127 10
127 11
127 114
127 137
127 99
127 8
127 82
127 81
127 142
127 181
127 153
127 111
127 35
127 61
127 150
127 119
127 179
127 2
127 51
127 4
127 164
127 169
127 29
127 165
127 87
127 188
127 159
127 122
127 6
127 172
127 43
127 60
127 52
127 192
127 170
127 23
127 125
127 78
127 73
127 177
127 41
127 134
127 58
127 147
127 9
127 40
127 90
127 117
127 100
128 94
128 59
128 3
128 120
128 156
128 82
128 62
128 48
128 119
128 68
128 105
128 73
128 36
128 78
128 148
128 157
128 69
128 39
128 79
128 200
128 194
128 112
128 181
128 54
128 158
128 22
128 182
128 20
128 4
128 115
128 177
128 1
128 114
128 147
128 197
128 140
128 123
128 110
128 109
128 52
128 16
128 40
128 15
128 170
128 19
128 97
128 113
128 96
128 154
128 141
128 153
128 85
128 43
128 92
128 77
129 184
129 131
129 126
129 38
129 183
129 99
129 73
129 6
129 83
129 15
129 151
129 199
129 135
129 104
129 125
129 121
129 113
129 25
129 198
129 163
129 148
129 180
129 112
129 35
129 16
129 88
129 181
129 65
129 57
129 40
129 39
129 84
129 186
129 139
129 168
129 194
129 110
129 21
129 31
129 169
129 157
129 55
129 116
129 154
129 68
129 189
129 158
129 153
129 70
130 38
130 92
130 103
130 43
130 1
130 24
130 19
130 35
130 125
130 27
130 79
130 104
130 23
130 122
130 30
130 46
130 96
130 74
130 156
130 112
130 9
130 15
130 41
130 48
130 124
130 61
130 197
130 140
130 82
130 77
130 89
130 189
130 120
130 91
130 175
130 171
130 26
130 44
130 94
130 127
130 37
130 20
130 18
130 144
130 93
130 170
130 25
130 28
130 83
130 39
131 105
131 190
131 85
131 185
131 67
131 126
131 154
131 149
131 35
131 62
131 159
131 136
131 9
131 87
131 137
131 116
131 125
131 198
131 199
131 19
131 109
131 165
131 83
131 100
131 22
131 54
131 14
131 140
131 51
131 195
131 146
131 82
131 24
131 135
131 191
131 7
131 31
131 43
131 160
131 197
131 142
131 45
131 101
131 104
131 148
131 174
131 99
132 76
132 139
132 93
132 77
132 24
132 104
132 53
132 121
132 10
132 66
132 156
132 136
132 118
132 153
132 95
132 199
132 131
132 149
132 154
132 107
132 1
132 82
132 102
132 9
132 179
132 200
132 12
132 59
132 195
132 55
132 19
132 135
132 190
132 109
132 159
132 145
132 112
132 155
132 74
132 141
132 38
132 140
132 52
132 51
132 191
132 133
132 97
132 127
132 86
132 57
133 114
133 25
133 170
133 67
133 48
133 20
133 45
133 137
133 196
133 10
133 40
133 107
133 125
133 105
133 129
133 56
133 158
133 185
133 139
133 159
133 62
133 39
133 188
133 161
133 155
133 47
133 32
133 46
133 199
133 65
133 197
133 73
133 88
133 13
133 72
133 154
133 165
133 118
133 126
133 98
133 190
133 54
133 173
133 167
134 49
134 143
134 79
134 111
134 67
134 165
134 51
134 190
134 65
134 41
134 160
134 126
134 29
134 149
134 200
134 32
134 191
134 25
134 28
134 110
134 142
134 113
134 133
134 196
134 124
134 30
134 99
134 146
134 138
134 86
134 148
134 194
134 48
134 68
134 151
134 2
134 109
134 106
134 88
134 42
134 57
134 171
134 161
134 193
135 185
135 177
135 33
135 123
135 196
135 91
135 45
135 166
135 114
135 47
135 76
135 78
135 101
135 112
135 92
135 194
135 199
135 138
135 84
135 192
135 82
135 6
135 169
135 142
135 165
135 79
135 105
135 73
135 55
135 7
135 29
135 64
135 71
135 170
135 172
135 89
135 157
135 53
135 103
135 35
135 175
135 72
135 15
135 155
135 168
135 159
135 156
135 28
135 134
135 68
135 182
136 166
136 116
136 87
136 150
136 42
136 173
136 71
136 114
136 7
136 6
136 135
136 70
136 134
136 144
136 112
136 63
136 159
136 194
136 59
136 28
136 77
136 27
136 200
136 185
136 153
136 138
136 79
136 69
136 119
136 26
136 76
136 145
136 30
136 48
136 109
136 199
136 19
136 172
136 96
136 34
136 186
136 55
136 165
136 72
136 176
136 66
136 67
136 108
136 180
136 177
136 195
137 93
137 169
137 33
137 125
137 108
137 184
137 175
137 164
137 119
137 200
137 58
137 146
137 26
137 132
137 147
137 66
137 24
137 14
137 159
137 1
137 84
137 196
137 15
137 165
137 13
137 54
137 166
137 181
137 35
137 30
137 87
137 39
137 124
137 61
137 68
137 17
137 140
137 52
137 148
137 65
137 199
137 170
137 38
137 22
137 89
137 10
137 128
137 154
137 46
137 90
137 139
137 141
137 73
137 27
138 162
138 28
138 176
138 61
138 131
138 110
138 75
138 140
138 40
138 56
138 49
138 76
138 71
138 23
138 47
138 101
138 157
138 139
138 77
138 171
138 26
138 129
138 182
138 5
138 10
138 119
138 117
138 152
138 17
138 194
138 86
138 124
138 1
138 200
138 154
138 2
138 149
138 167
138 188
138 170
138 137
138 22
138 62
138 96
138 93
138 123
138 132
138 14
138 92
138 172
138 46
138 58
138 48
138 195
138 54
138 24
139 35
139 100
139 153
139 175
139 164
139 67
139 195
139 103
139 6
139 151
139 130
139 131
139 95
139 177
139 176
139 49
139 147
139 54
139 158
139 94
139 135
139 109
139 154
139 23
139 82
139 66
139 24
139 119
139 117
139 92
139 40
139 5
139 114
139 12
139 83
139 62
139 140
139 8
139 60
139 199
139 21
139 28
139 189
139 20
139 105
139 167
139 156
139 185
139 25
139 22
139 188
140 134
140 30
140 86
140 22
140 63
140 1
140 120
140 114
140 192
140 8
140 121
140 70
140 32
140 90
140 108
140 153
140 117
140 96
140 57
140 184
140 28
140 34
140 166
140 19
140 46
140 72
140 159
140 199
140 194
140 38
140 27
140 25
140 178
140 122
140 195
140 33
140 73
140 116
140 79
140 123
140 37
140 110
140 183
140 106
140 13
140 40
140 98
140 6
140 53
140 136
141 68
141 26
141 72
141 21
141 118
141 28
141 86
141 99
141 169
141 130
141 103
141 164
141 79
141 135
141 148
141 116
141 115
141 157
141 187
141 171
141 16
141 160
141 167
141 47
141 123
141 80
141 192
141 67
141 142
141 42
141 39
141 54
141 107
141 63
141 12
141 49
141 125
141 108
141 199
141 40
141 120
141 95
141 14
141 150
141 100
141 195
141 152
141 2
141 145
141 190
141 111
142 8
142 119
142 114
142 49
142 1
142 62
142 159
142 41
142 83
142 7
142 81
142 120
142 111
142 148
142 88
142 42
142 137
142 74
142 163
142 164
142 35
142 126
142 44
142 6
142 110
142 177
142 46
142 66
142 195
142 139
142 85
142 103
142 175
142 178
142 197
142 198
142 179
142 199
142 173
142 91
142 170
142 122
142 117
142 89
142 190
142 184
142 160
142 54
142 94
142 53
142 191
142 63
142 64
143 42
143 72
143 104
143 181
143 158
143 139
143 129
143 167
143 40
143 105
143 22
143 82
143 141
143 52
143 86
143 13
143 175
143 161
143 146
143 110
143 77
143 95
143 26
143 133
143 193
143 124
143 9
143 27
143 83
143 106
143 112
143 190
143 191
143 20
143 74
143 183
143 184
143 145
143 200
143 196
143 195
143 142
144 100
144 99
144 89
144 143
144 121
144 110
144 9
144 117
144 63
144 36
144 183
144 87
144 131
144 20
144 132
144 152
144 43
144 105
144 15
144 84
144 1
144 141
144 50
144 97
144 6
144 171
144 172
144 138
144 191
144 72
144 8
144 29
144 65
144 118
144 78
144 23
144 88
144 101
144 122
144 197
144 85
144 95
144 73
144 114
144 142
144 49
144 102
144 190
144 127
144 94
145 51
145 127
145 65
145 4
145 194
145 70
145 64
145 173
145 185
145 26
145 160
145 117
145 178
145 166
145 88
145 35
145 174
145 66
145 175
145 128
145 101
145 83
145 59
145 106
145 75
145 68
145 73
145 46
145 164
145 86
145 93
145 156
145 112
145 110
145 37
145 133
145 96
145 171
145 79
145 169
145 28
145 157
145 138
145 139
145 121
145 2
145 137
146 193
146 86
146 36
146 117
146 43
146 6
146 31
146 23
146 191
146 49
146 170
146 94
146 132
146 169
146 1
146 112
146 192
146 162
146 176
146 107
146 116
146 165
146 105
146 130
146 28
146 13
146 14
146 154
146 26
146 48
146 9
146 119
146 197
146 166
146 101
146 121
146 167
146 183
146 92
146 66
146 68
146 78
146 124
147 25
147 16
147 146
147 132
147 189
147 31
147 67
147 151
147 30
147 6
147 192
147 148
147 134
147 4
147 121
147 23
147 42
147 114
147 138
147 177
147 144
147 142
147 18
147 143
147 169
147 125
147 110
147 84
147 102
147 140
147 34
147 62
147 58
147 130
147 172
147 78
147 83
147 38
147 178
147 152
147 46
147 120
147 141
147 73
147 9
147 164
147 150
147 32
147 197
147 158
148 192
148 19
148 55
148 166
148 9
148 1
148 97
148 99
148 130
148 184
148 113
148 78
148 54
148 151
148 116
148 149
148 58
148 112
148 79
148 67
148 49
148 122
148 77
148 197
148 90
148 92
148 186
148 38
148 70
148 124
148 52
148 139
148 125
148 198
148 180
148 34
148 170
148 157
148 71
148 31
148 194
148 114
148 179
148 98
148 169
148 88
148 109
148 84
148 94
148 121
148 156
148 75
148 3
148 193
148 30
149 197
149 119
149 104
149 102
149 139
149 136
149 98
149 129
149 34
149 20
149 74
149 116
149 101
149 40
149 86
149 64
149 171
149 146
149 137
149 143
149 183
149 77
149 75
149 147
149 160
149 18
149 152
149 198
149 100
149 186
149 182
149 59
149 35
149 73
149 181
149 187
149 189
149 36
149 128
149 125
149 61
149 179
149 28
149 142
149 174
149 21
149 178
149 32
149 159
150 16
150 51
150 189
150 46
150 193
150 129
150 74
150 132
150 190
150 158
150 15
150 103
150 157
150 106
150 184
150 180
150 160
150 96
150 57
150 101
150 99
150 56
150 14
150 137
150 118
150 174
150 139
150 102
150 12
150 95
150 185
150 100
150 3
150 149
150 134
150 45
150 32
150 135
150 40
150 60
150 21
150 192
150 140
150 115
150 63
150 83
151 196
151 183
151 117
151 62
151 89
151 198
151 63
151 32
151 176
151 122
151 193
151 14
151 154
151 94
151 138
151 9
151 149
151 37
151 90
151 81
151 132
151 157
151 54
151 19
151 2
151 166
151 145
151 67
151 113
151 200
151 79
151 41
151 167
151 158
151 51
151 192
151 64
151 104
151 136
151 95
151 84
151 92
151 111
151 142
151 53
151 172
151 101
151 17
151 180
151 164
151 160
152 15
152 166
152 176
152 195
152 105
152 177
152 193
152 120
152 17
152 197
152 19
152 175
152 62
152 156
152 41
152 26
152 66
152 106
152 49
152 121
152 127
152 137
152 11
152 104
152 168
152 129
152 37
152 148
152 174
152 39
152 45
152 75
152 159
152 59
152 52
152 30
152 91
152 136
152 28
152 58
152 68
152 173
152 126
152 14
152 43
152 13
152 180
152 170
152 103
152 178
153 14
153 189
153 194
153 94
153 26
153 63
153 93
153 130
153 90
153 113
153 95
153 49
153 70
153 33
153 61
153 24
153 37
153 41
153 88
153 160
153 162
153 7
153 59
153 67
153 163
153 106
153 137
153 40
153 121
153 48
153 198
153 72
153 17
153 131
153 54
153 9
153 47
153 73
153 111
153 78
153 126
153 32
153 161
153 74
153 114
153 21
154 135
154 79
154 21
154 108
154 186
154 118
154 29
154 125
154 107
154 78
154 102
154 62
154 77
154 149
154 105
154 152
154 73
154 130
154 162
154 173
154 76
154 51
154 80
154 140
154 16
154 109
154 182
154 153
154 197
154 145
154 169
154 82
154 160
154 195
154 63
154 122
154 25
154 103
154 167
154 120
154 4
154 1
154 47
154 6
154 171
154 175
154 134
154 45
155 128
155 52
155 24
155 119
155 172
155 56
155 25
155 39
155 168
155 187
155 62
155 167
155 120
155 159
155 89
155 71
155 165
155 95
155 7
155 67
155 121
155 15
155 130
155 148
155 144
155 11
155 16
155 156
155 140
155 160
155 38
155 106
155 122
155 40
155 65
155 22
155 88
155 43
155 69
155 79
155 131
155 112
155 184
155 83
155 5
155 72
155 55
155 178
155 193
156 27
156 7
156 46
156 53
156 78
156 8
156 10
156 162
156 134
156 185
156 76
156 54
156 166
156 117
156 35
156 30
156 101
156 20
156 18
156 174
156 180
156 92
156 111
156 51
156 146
156 17
156 129
156 87
156 140
156 6
156 34
156 181
156 190
156 63
156 126
156 13
156 114
156 154
156 1
156 97
156 161
156 41
156 142
156 141
156 195
156 133
156 106
156 71
156 73
156 39
156 45
156 160
156 14
156 120
156 136
156 164
156 38
156 31
157 19
157 142
157 139
157 91
157 17
157 185
157 39
157 120
157 98
157 29
157 1
157 194
157 53
157 43
157 152
157 75
157 144
157 121
157 21
157 147
157 93
157 42
157 80
157 78
157 154
157 31
157 162
157 45
157 81
157 137
157 55
157 25
157 133
157 20
157 191
157 187
157 84
157 76
157 143
157 179
157 50
157 200
157 9
157 41
157 27
157 94
157 109
157 87
157 99
157 24
157 89
157 35
158 7
158 85
158 178
158 170
158 61
158 134
158 16
158 194
158 55
158 154
158 75
158 105
158 112
158 10
158 70
158 192
158 68
158 179
158 83
158 115
158 71
158 77
158 47
158 181
158 54
158 14
158 177
158 90
158 92
158 31
158 149
158 100
158 180
158 93
158 45
158 121
158 135
158 66
158 63
158 156
158 87
158 114
158 197
158 82
158 142
158 173
158 101
158 17
158 2
159 23
159 182
159 200
159 105
159 70
159 54
159 96
159 88
159 173
159 174
159 156
159 2
159 114
159 76
159 157
159 124
159 28
159 162
159 60
159 146
159 191
159 199
159 119
159 143
159 141
159 56
159 94
159 79
159 161
159 26
159 85
159 186
159 29
159 160
159 12
159 82
159 41
159 69
159 22
159 113
159 62
159 138
159 147
159 153
159 8
159 27
160 124
160 178
160 181
160 152
160 83
160 130
160 36
160 23
160 87
160 76
160 107
160 71
160 182
160 79
160 14
160 184
160 49
160 162
160 11
160 115
160 135
160 88
160 34
160 62
160 22
160 51
160 169
160 42
160 33
160 165
160 84
160 30
160 133
160 21
160 180
160 125
160 12
160 148
160 85
160 122
160 164
160 3
160 114
160 101
160 45
160 104
160 158
160 139
160 138
160 7
160 40
161 122
161 158
161 82
161 18
161 101
161 136
161 144
161 56
161 19
161 76
161 165
161 26
161 126
161 38
161 43
161 49
161 138
161 21
161 199
161 137
161 191
161 23
161 160
161 119
161 107
161 140
161 155
161 131
161 173
161 166
161 149
161 77
161 47
161 177
161 25
161 99
161 31
161 79
161 27
161 63
161 167
161 129
161 65
161 152
161 88
161 186
162 169
162 65
162 20
162 103
162 66
162 104
162 64
162 95
162 177
162 165
162 124
162 171
162 148
162 163
162 172
162 168
162 130
162 8
162 105
162 113
162 136
162 89
162 53
162 191
162 32
162 102
162 132
162 137
162 188
162 41
162 45
162 111
162 60
162 43
162 145
162 198
162 72
162 1
162 147
162 142
162 190
162 80
162 196
162 19
162 78
162 101
162 68
163 59
163 151
163 65
163 138
163 196
163 174
163 2
163 105
163 191
163 179
163 8
163 78
163 99
163 33
163 193
163 100
163 56
163 1
163 147
163 49
163 136
163 161
163 178
163 189
163 113
163 73
163 146
163 128
163 185
163 164
163 58
163 180
163 131
163 195
163 3
163 166
163 107
163 175
163 139
163 121
163 143
164 2
164 53
164 63
164 132
164 74
164 77
164 4
164 133
164 14
164 187
164 5
164 99
164 168
164 92
164 197
164 111
164 64
164 18
164 179
164 194
164 45
164 93
164 134
164 98
164 13
164 56
164 119
164 186
164 130
164 65
164 28
164 126
164 118
164 39
164 121
164 177
164 169
164 106
164 102
164 96
164 131
164 196
164 73
164 159
164 42
164 59
164 172
164 22
164 182
164 109
164 61
164 97
164 103
165 9
165 51
165 187
165 119
165 92
165 14
165 39
165 56
165 110
165 1
165 48
165 17
165 64
165 75
165 35
165 198
165 7
165 140
165 3
165 163
165 36
165 27
165 143
165 148
165 188
165 166
165 5
165 173
165 90
165 130
165 31
165 61
165 58
165 190
165 118
165 103
165 82
165 81
165 164
165 4
165 121
165 158
165 101
165 40
166 5
166 96
166 117
166 39
166 7
166 124
166 178
166 109
166 89
166 115
166 198
166 180
166 200
166 174
166 2
166 73
166 120
166 23
166 169
166 103
166 57
166 179
166 162
166 185
166 170
166 126
166 32
166 160
166 54
166 155
166 55
166 12
166 78
166 149
166 95
166 134
166 164
166 143
166 118
166 67
166 11
166 36
166 20
166 34
166 114
166 71
166 194
166 50
166 138
166 139
166 142
166 59
166 99
166 128
167 31
167 98
167 189
167 191
167 128
167 119
167 144
167 32
167 37
167 19
167 103
167 53
167 142
167 170
167 108
167 69
167 25
167 157
167 114
167 122
167 164
167 5
167 174
167 149
167 106
167 29
167 27
167 159
167 147
167 107
167 175
167 59
167 84
167 89
167 148
167 15
167 35
167 158
167 134
167 177
167 28
167 140
167 62
167 131
167 73
167 129
167 92
167 83
167 81
167 165
167 163
167 192
167 82
167 97
167 193
167 93
167 80
168 77
168 113
168 175
168 68
168 145
168 147
168 80
168 39
168 151
168 112
168 30
168 128
168 36
168 160
168 28
168 18
168 108
168 200
168 138
168 89
168 109
168 41
168 75
168 139
168 70
168 60
168 49
168 157
168 37
168 172
168 2
168 161
168 26
168 153
168 97
168 83
168 12
168 91
168 125
168 131
168 99
168 29
168 198
168 106
168 141
168 197
168 121
169 159
169 171
169 190
169 179
169 106
169 189
169 194
169 67
169 83
169 95
169 142
169 131
169 143
169 37
169 31
169 73
169 195
169 71
169 10
169 86
169 174
169 152
169 64
169 54
169 149
169 90
169 85
169 113
169 177
169 168
169 5
169 30
169 25
169 6
169 89
169 77
169 165
169 170
169 65
169 88
169 43
169 136
169 191
169 163
169 181
169 22
169 7
169 138
169 16
169 46
169 158
169 38
169 72
169 29
169 27
169 53
170 96
170 100
170 180
170 185
170 87
170 140
170 165
170 34
170 179
170 81
170 95
170 57
170 66
170 143
170 80
170 14
170 144
170 122
170 178
170 75
170 184
170 188
170 124
170 117
170 36
170 112
170 149
170 88
170 74
170 190
170 37
170 105
170 132
170 33
170 27
170 45
170 181
170 186
170 21
170 111
170 18
170 125
170 157
170 141
170 183
170 104
170 11
170 38
170 47
170 171
171 88
171 121
171 151
171 180
171 117
171 79
171 33
171 188
171 100
171 163
171 187
171 67
171 114
171 48
171 64
171 175
171 101
171 77
171 191
171 112
171 63
171 147
171 116
171 35
171 136
171 59
171 14
171 129
171 24
171 40
171 137
171 183
171 46
171 85
171 3
171 93
171 53
171 62
171 1
171 164
171 49
171 69
171 128
171 92
171 73
171 56
172 55
172 1
172 81
172 111
172 177
172 72
172 32
172 58
172 87
172 132
172 86
172 160
172 37
172 148
172 128
172 167
172 106
172 166
172 61
172 16
172 99
172 143
172 10
172 169
172 126
172 29
172 184
172 31
172 196
172 195
172 94
172 74
172 139
172 131
172 190
172 71
172 3
172 176
172 154
172 75
172 186
172 197
172 19
172 68
172 49
172 26
172 40
173 71
173 184
173 122
173 57
173 29
173 43
173 131
173 93
173 75
173 56
173 55
173 153
173 150
173 21
173 199
173 168
173 40
173 192
173 157
173 35
173 32
173 67
173 98
173 143
173 80
173 113
173 170
173 139
173 127
173 28
173 110
173 11
173 20
173 128
173 51
173 83
173 121
173 156
173 84
173 8
173 155
173 140
173 73
173 119
173 172
173 129
173 132
173 34
173 10
173 198
174 144
174 179
174 82
174 129
174 142
174 157
174 103
174 139
174 6
174 195
174 65
174 135
174 158
174 92
174 140
174 78
174 68
174 130
174 172
174 41
174 180
174 83
174 8
174 27
174 21
174 34
174 161
174 72
174 5
174 19
174 170
174 47
174 50
174 51
174 178
174 18
174 3
174 185
174 63
174 15
174 59
174 183
174 193
174 90
174 91
175 103
175 102
175 42
175 166
175 162
175 29
175 118
175 120
175 19
175 72
175 144
175 176
175 108
175 197
175 173
175 41
175 174
175 126
175 33
175 87
175 160
175 147
175 52
175 25
175 65
175 141
175 54
175 90
175 32
175 86
175 161
175 4
175 60
175 157
175 82
175 151
175 50
175 194
175 3
175 181
175 156
175 77
175 128
175 109
175 170
175 129
175 150
175 79
175 113
175 22
175 1
175 5
175 45
176 87
176 95
176 118
176 163
176 53
176 169
176 113
176 8
176 147
176 117
176 174
176 43
176 72
176 198
176 137
176 49
176 171
176 54
176 79
176 133
176 97
176 115
176 37
176 130
176 103
176 159
176 110
176 27
176 65
176 126
176 56
176 193
176 188
176 75
176 66
176 38
176 129
176 127
176 57
176 47
176 121
176 98
176 142
176 177
176 70
176 141
176 85
176 46
176 12
176 156
176 128
177 173
177 85
177 159
177 92
177 69
177 88
177 137
177 113
177 160
177 110
177 125
177 143
177 40
177 58
177 30
177 168
177 187
177 103
177 15
177 194
177 51
177 106
177 73
177 56
177 131
177 126
177 29
177 95
177 10
177 107
177 54
177 130
177 46
177 141
177 80
177 170
177 98
177 149
177 102
177 132
177 19
177 156
177 175
177 81
177 96
177 146
177 1
177 174
177 155
177 7
177 180
177 179
177 74
177 188
177 117
177 140
178 172
178 161
178 176
178 41
178 31
178 141
178 77
178 117
178 64
178 18
178 127
178 81
178 188
178 179
178 131
178 3
178 106
178 184
178 135
178 103
178 22
178 167
178 153
178 4
178 132
178 112
178 97
178 26
178 173
178 37
178 15
178 17
178 124
178 139
178 104
178 80
178 96
178 144
178 39
178 133
178 190
178 181
178 130
178 57
178 100
178 74
178 200
178 47
178 20
178 50
178 73
178 148
179 81
179 38
179 168
179 137
179 5
179 46
179 175
179 162
179 187
179 15
179 156
179 30
179 155
179 9
179 98
179 123
179 129
179 167
179 2
179 145
179 55
179 172
179 124
179 128
179 95
179 87
179 160
179 91
179 20
179 114
179 103
179 176
179 122
179 134
179 44
179 77
179 66
179 7
179 100
179 154
179 68
179 105
179 90
179 61
179 185
179 104
179 33
179 121
179 13
179 192
179 199
180 115
180 133
180 44
180 155
180 189
180 138
180 81
180 164
180 64
180 176
180 69
180 38
180 41
180 23
180 141
180 80
180 192
180 175
180 71
180 10
180 45
180 143
180 76
180 19
180 51
180 106
180 89
180 173
180 167
180 11
180 4
180 31
180 132
180 70
180 127
180 182
180 111
180 194
180 63
180 162
180 159
180 101
180 34
180 82
180 195
180 86
180 29
180 96
180 52
180 2
180 105
180 103
181 141
181 186
181 96
181 21
181 112
181 83
181 132
181 87
181 117
181 9
181 104
181 125
181 102
181 62
181 63
181 26
181 107
181 34
181 41
181 70
181 64
181 108
181 72
181 152
181 17
181 187
181 66
181 95
181 148
181 12
181 61
181 36
181 157
181 33
181 155
181 59
181 199
181 19
181 164
181 55
181 144
181 67
181 2
181 8
181 86
181 10
181 130
181 52
181 119
181 103
181 150
181 153
182 109
182 46
182 41
182 52
182 112
182 147
182 85
182 129
182 200
182 144
182 168
182 17
182 76
182 14
182 53
182 4
182 65
182 71
182 24
182 123
182 177
182 26
182 122
182 146
182 8
182 78
182 141
182 67
182 166
182 191
182 36
182 179
182 87
182 16
182 114
182 199
182 54
182 167
182 188
182 34
182 132
183 187
183 163
183 65
183 105
183 44
183 117
183 188
183 156
183 182
183 69
183 152
183 77
183 85
183 198
183 94
183 12
183 131
183 67
183 110
183 167
183 148
183 124
183 175
183 132
183 72
183 34
183 99
183 114
183 7
183 145
183 96
183 164
183 20
183 139
183 103
183 166
183 176
183 60
183 32
183 4
183 138
183 126
183 83
183 17
183 196
183 45
183 199
183 56
183 26
183 200
184 12
184 103
184 194
184 169
184 5
184 193
184 53
184 128
184 81
184 161
184 88
184 64
184 86
184 157
184 121
184 108
184 24
184 100
184 29
184 44
184 41
184 191
184 52
184 37
184 154
184 61
184 114
184 163
184 107
184 176
184 141
184 57
184 164
184 177
184 23
184 174
184 136
184 127
184 78
184 171
184 77
184 6
184 126
184 54
184 17
184 96
184 144
184 104
184 33
184 135
184 48
185 70
185 144
185 66
185 75
185 158
185 34
185 8
185 138
185 59
185 160
185 190
185 119
185 30
185 48
185 132
185 44
185 100
185 14
185 92
185 188
185 21
185 167
185 151
185 164
185 134
185 197
185 41
185 123
185 36
185 15
185 102
185 16
185 11
185 141
185 175
185 153
185 191
185 107
185 111
185 38
185 124
185 161
185 171
185 19
185 106
185 35
185 189
185 57
185 137
186 61
186 69
186 128
186 115
186 185
186 171
186 5
186 59
186 169
186 90
186 193
186 177
186 92
186 27
186 127
186 26
186 150
186 94
186 156
186 44
186 91
186 145
186 45
186 56
186 117
186 46
186 138
186 96
186 103
186 65
186 2
186 71
186 80
186 194
186 157
186 10
186 49
186 88
186 42
186 130
186 167
186 98
186 168
186 110
186 20
186 134
187 199
187 139
187 105
187 114
187 59
187 144
187 180
187 121
187 25
187 1
187 153
187 77
187 23
187 127
187 151
187 66
187 124
187 43
187 52
187 176
187 39
187 6
187 129
187 61
187 74
187 89
187 185
187 111
187 76
187 101
187 69
187 8
187 173
187 47
187 71
187 150
187 96
187 26
187 108
187 73
187 125
187 148
187 58
187 78
187 9
187 168
187 29
187 31
187 167
188 186
188 128
188 117
188 74
188 164
188 71
188 31
188 1
188 129
188 181
188 8
188 159
188 16
188 32
188 13
188 22
188 137
188 62
188 120
188 189
188 80
188 64
188 11
188 7
188 88
188 131
188 180
188 192
188 184
188 91
188 14
188 84
188 102
188 106
188 148
188 187
188 60
188 33
188 50
188 166
188 134
188 78
188 28
188 85
188 140
188 45
188 49
188 6
188 66
188 24
188 145
188 53
188 29
188 4
188 83
188 135
188 41
189 148
189 13
189 109
189 117
189 75
189 199
189 82
189 46
189 111
189 49
189 127
189 182
189 54
189 187
189 78
189 134
189 53
189 184
189 73
189 137
189 56
189 48
189 193
189 70
189 83
189 87
189 198
189 156
189 80
189 144
189 23
189 90
189 84
189 200
189 133
189 141
189 179
189 92
189 170
189 21
189 71
189 121
189 31
189 172
189 142
189 77
189 119
189 3
189 7
189 1
189 135
190 119
190 129
190 184
190 82
190 153
190 74
190 91
190 7
190 130
190 173
190 171
190 28
190 35
190 85
190 6
190 45
190 160
190 53
190 194
190 12
190 117
190 145
190 199
190 2
190 148
190 102
190 65
190 116
190 200
190 137
190 17
190 88
190 198
190 123
190 105
190 60
190 189
190 101
190 5
190 115
190 99
190 83
190 138
190 151
190 26
190 95
190 67
190 168
190 21
190 92
191 150
191 53
191 87
191 49
191 25
191 80
191 137
191 61
191 4
191 102
191 15
191 13
191 149
191 27
191 179
191 158
191 165
191 153
191 64
191 156
191 71
191 195
191 121
191 130
191 113
191 189
191 69
191 109
191 10
191 74
191 18
191 31
191 175
191 180
191 154
191 145
191 116
191 122
191 91
191 36
191 151
191 97
191 88
191 75
191 186
191 173
191 166
191 40
191 81
192 121
192 55
192 106
192 33
192 156
192 130
192 165
192 53
192 102
192 160
192 126
192 28
192 77
192 181
192 7
192 123
192 45
192 129
192 62
192 71
192 136
192 3
192 86
192 155
192 34
192 61
192 185
192 163
192 142
192 72
192 93
192 25
192 64
192 109
192 91
192 183
192 29
192 138
192 170
192 12
192 125
192 118
192 195
192 184
192 50
192 186
192 85
192 42
192 169
192 81
193 33
193 121
193 157
193 18
193 129
193 13
193 76
193 137
193 35
193 101
193 183
193 77
193 124
193 2
193 72
193 156
193 59
193 56
193 179
193 198
193 118
193 52
193 49
193 106
193 197
193 79
193 154
193 181
193 71
193 16
193 37
193 85
193 108
193 88
193 114
193 158
193 92
193 136
193 68
193 169
193 19
193 32
193 96
193 173
193 177
193 170
193 22
193 61
193 187
193 135
193 116
193 51
193 89
194 149
194 16
194 139
194 172
194 196
194 45
194 102
194 75
194 143
194 8
194 100
194 19
194 167
194 151
194 60
194 72
194 21
194 141
194 29
194 47
194 146
194 31
194 7
194 93
194 32
194 13
194 80
194 165
194 193
194 161
194 110
194 77
194 182
194 120
194 114
194 137
194 83
194 200
194 44
194 36
194 69
194 74
194 84
194 94
194 150
194 98
194 39
194 112
194 48
194 59
195 176
195 127
195 32
195 54
195 130
195 47
195 119
195 73
195 128
195 79
195 23
195 162
195 113
195 145
195 78
195 29
195 58
195 74
195 146
195 178
195 84
195 59
195 52
195 87
195 39
195 68
195 148
195 158
195 77
195 135
195 38
195 153
195 183
195 177
195 16
195 168
195 111
195 21
195 175
195 179
195 122
195 42
195 98
195 90
195 151
195 123
195 166
195 157
195 150
195 64
195 2
195 12
195 8
195 46
195 155
195 56
195 28
195 104
195 75
196 156
196 85
196 73
196 107
196 169
196 115
196 168
196 103
196 36
196 44
196 152
196 179
196 113
196 158
196 76
196 138
196 136
196 20
196 142
196 188
196 184
196 97
196 106
196 26
196 69
196 153
196 193
196 165
196 116
196 94
196 108
196 171
196 105
196 12
196 180
196 175
196 86
196 119
196 173
196 14
196 63
196 27
196 100
197 177
197 20
197 102
197 156
197 85
197 29
197 132
197 89
197 98
197 189
197 176
197 137
197 33
197 150
197 191
197 166
197 119
197 28
197 40
197 10
197 104
197 124
197 161
197 138
197 80
197 93
197 181
197 55
197 199
197 162
197 141
197 91
197 178
197 108
197 159
197 174
197 30
197 200
197 16
197 58
197 31
197 165
197 17
197 151
197 127
197 69
197 109
197 136
197 14
197 3
197 74
197 34
198 125
198 116
198 107
198 23
198 121
198 39
198 40
198 177
198 99
198 130
198 199
198 62
198 31
198 180
198 93
198 109
198 106
198 194
198 192
198 55
198 179
198 191
198 178
198 85
198 1
198 61
198 27
198 150
198 195
198 158
198 185
198 42
198 76
198 175
198 145
198 115
198 90
198 18
198 4
198 143
198 174
198 184
198 36
198 69
198 28
198 186
198 16
198 133
199 90
199 169
199 31
199 9
199 62
199 67
199 30
199 34
199 154
199 56
199 148
199 87
199 79
199 42
199 151
199 36
199 143
199 45
199 175
199 168
199 77
199 72
199 11
199 24
199 178
199 167
199 46
199 174
199 6
199 122
199 17
199 78
199 13
199 81
199 55
199 71
199 146
199 70
199 152
199 200
199 48
199 191
199 68
199 163
199 172
199 147
199 185
199 130
199 164
199 49
199 170
199 109
199 166
199 12
200 48
200 177
200 170
200 73
200 21
200 167
200 90
200 76
200 193
200 124
200 63
200 95
200 84
200 58
200 188
200 105
200 184
200 158
200 40
200 175
200 125
200 53
200 121
200 192
200 49
200 174
200 101
200 130
200 35
200 113
200 82
200 180
200 114
200 139
200 20
200 69
200 162
200 142
200 145
200 72
200 17
200 28
200 39
200 94
200 89
200 173
200 29
200 163
200 31
200 149
200 38
200 18
