200 7961
1 182
1 177
1 49
1 25
1 74
1 34
1 108
1 180
1 149
1 18
1 99
1 94
1 73
1 56
1 116
1 165
1 189
1 106
1 78
1 81
1 64
1 129
1 22
1 38
1 157
1 191
1 93
1 101
1 88
1 176
1 87
1 187
1 31
1 36
1 80
1 55
1 132
1 4
1 29
1 126
1 20
1 72
2 169
2 182
2 113
2 162
2 173
2 64
2 200
2 188
2 77
2 177
2 74
2 124
2 171
2 117
2 172
2 129
2 176
2 185
2 23
2 90
2 107
2 190
2 73
2 51
2 52
2 198
2 123
2 25
2 137
2 21
2 1
2 5
2 192
2 30
2 153
2 18
2 147
2 27
2 121
2 37
2 150
2 180
2 13
2 61
3 148
3 65
3 61
3 85
3 56
3 121
3 187
3 14
3 55
3 23
3 42
3 77
3 97
3 41
3 160
3 96
3 31
3 27
3 114
3 169
3 66
3 156
3 62
3 150
3 70
3 186
3 2
3 116
3 124
3 51
3 122
3 190
3 184
3 48
3 36
3 22
3 72
3 49
3 93
3 192
3 132
3 142
3 180
4 36
4 192
4 163
4 160
4 200
4 48
4 104
4 73
4 74
4 3
4 114
4 126
4 102
4 169
4 62
4 137
4 99
4 25
4 147
4 159
4 188
4 139
4 19
4 92
4 189
4 140
4 111
4 187
4 76
4 168
4 190
4 182
4 21
4 68
4 35
4 143
4 22
4 28
4 91
4 16
4 105
4 71
4 172
4 96
5 68
5 76
5 31
5 180
5 1
5 115
5 181
5 124
5 46
5 140
5 150
5 118
5 197
5 55
5 144
5 176
5 51
5 81
5 185
5 92
5 77
5 52
5 153
5 16
5 94
5 114
5 133
5 103
5 120
5 126
5 178
5 156
5 189
5 41
5 129
6 47
6 75
6 167
6 166
6 59
6 37
6 149
6 130
6 44
6 63
6 41
6 186
6 190
6 7
6 184
6 48
6 2
6 70
6 162
6 11
6 107
6 19
6 14
6 134
6 171
6 13
6 97
6 100
6 3
6 174
6 169
6 21
6 148
6 140
6 151
6 28
6 72
6 165
6 160
6 96
7 99
7 189
7 130
7 191
7 197
7 96
7 19
7 80
7 42
7 36
7 49
7 126
7 9
7 186
7 4
7 66
7 119
7 193
7 141
7 120
7 68
7 153
7 132
7 43
7 129
7 156
7 73
7 183
7 69
7 75
7 70
7 108
7 56
7 176
7 139
7 181
7 72
8 161
8 65
8 187
8 5
8 45
8 147
8 77
8 108
8 177
8 85
8 117
8 28
8 163
8 195
8 90
8 67
8 144
8 26
8 156
8 118
8 24
8 27
8 137
8 1
8 169
8 149
8 102
8 157
8 3
8 114
8 73
8 4
8 20
8 104
8 138
8 79
8 170
9 75
9 68
9 90
9 187
9 134
9 99
9 179
9 195
9 101
9 190
9 185
9 155
9 92
9 129
9 6
9 147
9 165
9 12
9 196
9 71
9 142
9 121
9 145
9 19
9 18
9 64
9 13
9 136
9 74
9 28
9 53
9 38
9 125
9 26
9 59
9 93
9 176
9 1
9 114
10 144
10 126
10 36
10 109
10 32
10 89
10 148
10 35
10 62
10 170
10 190
10 43
10 180
10 44
10 181
10 154
10 132
10 192
10 84
10 195
10 95
10 194
10 156
10 78
10 171
10 19
10 23
10 164
10 183
10 48
10 107
10 173
11 187
11 46
11 53
11 80
11 83
11 12
11 66
11 169
11 117
11 144
11 86
11 101
11 104
11 177
11 84
11 133
11 32
11 150
11 10
11 162
11 23
11 99
11 112
11 197
11 179
11 149
11 115
11 194
11 153
11 60
11 59
11 103
11 14
11 146
11 75
11 108
11 130
11 8
11 24
11 74
11 192
11 102
11 132
11 166
12 193
12 198
12 69
12 46
12 58
12 43
12 53
12 130
12 184
12 189
12 152
12 55
12 110
12 108
12 118
12 180
12 135
12 114
12 86
12 177
12 83
12 105
12 138
12 96
12 101
12 7
12 73
12 106
12 37
12 85
12 92
12 158
12 1
12 146
12 103
12 196
12 75
12 179
12 166
12 87
12 45
12 142
12 160
12 173
13 160
13 76
13 25
13 22
13 170
13 159
13 179
13 59
13 51
13 15
13 43
13 95
13 54
13 3
13 49
13 83
13 178
13 18
13 105
13 42
13 110
13 102
13 36
13 12
13 19
13 26
13 80
13 124
13 168
13 27
13 87
13 148
13 156
13 162
13 114
13 91
13 75
13 28
13 68
14 54
14 105
14 132
14 5
14 179
14 138
14 36
14 175
14 189
14 50
14 45
14 37
14 64
14 199
14 118
14 8
14 190
14 84
14 74
14 135
14 44
14 186
14 177
14 99
14 187
14 126
14 20
14 58
14 98
14 22
14 158
14 71
14 109
14 157
14 159
14 4
15 81
15 25
15 128
15 49
15 168
15 167
15 61
15 83
15 5
15 12
15 116
15 36
15 75
15 118
15 1
15 97
15 26
15 141
15 42
15 46
15 27
15 164
15 72
15 146
15 88
15 149
15 32
15 109
15 50
15 60
15 115
15 111
15 194
15 30
15 14
16 165
16 171
16 59
16 192
16 14
16 101
16 157
16 126
16 10
16 15
16 23
16 104
16 51
16 178
16 181
16 96
16 25
16 68
16 81
16 32
16 100
16 83
16 151
16 163
16 147
16 188
16 149
16 74
16 40
16 160
16 66
16 17
16 103
16 48
16 167
16 176
16 156
17 155
17 89
17 193
17 72
17 8
17 10
17 133
17 41
17 167
17 142
17 24
17 173
17 191
17 118
17 34
17 63
17 185
17 65
17 40
17 160
17 182
17 21
17 66
17 152
17 144
17 31
17 132
17 1
17 69
17 119
17 186
17 165
17 139
17 140
17 104
17 175
17 97
17 164
17 45
17 137
17 145
17 105
17 194
18 32
18 123
18 194
18 193
18 45
18 172
18 156
18 145
18 191
18 184
18 58
18 66
18 115
18 31
18 175
18 36
18 149
18 183
18 142
18 28
18 181
18 39
18 126
18 68
18 35
18 97
18 165
18 61
18 141
18 73
18 157
18 87
18 139
18 16
18 81
18 140
18 63
18 44
19 145
19 8
19 120
19 162
19 92
19 69
19 78
19 169
19 34
19 175
19 74
19 76
19 159
19 2
19 168
19 79
19 51
19 75
19 179
19 194
19 84
19 90
19 66
19 198
19 152
19 57
19 106
19 55
19 17
19 1
19 129
19 156
19 52
19 151
19 35
19 87
19 189
19 108
19 163
19 67
19 116
20 61
20 19
20 89
20 31
20 40
20 141
20 67
20 21
20 193
20 80
20 85
20 96
20 84
20 187
20 148
20 13
20 174
20 132
20 112
20 194
20 126
20 131
20 7
20 59
20 53
20 41
20 70
20 52
20 177
20 66
20 120
20 15
20 11
20 98
20 104
20 182
20 192
20 154
20 142
20 76
20 197
20 200
20 60
21 140
21 24
21 198
21 163
21 36
21 159
21 103
21 56
21 130
21 176
21 93
21 71
21 60
21 170
21 102
21 78
21 115
21 69
21 116
21 3
21 37
21 25
21 92
21 118
21 156
21 180
21 82
21 55
21 188
21 190
21 64
21 200
21 109
21 149
21 67
21 33
21 57
21 193
21 199
21 121
21 12
21 84
21 138
21 85
21 136
22 88
22 95
22 108
22 102
22 56
22 179
22 139
22 16
22 123
22 156
22 158
22 176
22 140
22 189
22 20
22 60
22 27
22 11
22 89
22 164
22 49
22 142
22 72
22 18
22 190
22 39
22 127
22 64
22 114
22 71
22 197
22 8
22 30
22 46
22 2
22 118
22 193
22 178
22 137
23 179
23 14
23 165
23 29
23 176
23 83
23 99
23 155
23 120
23 50
23 75
23 90
23 162
23 62
23 119
23 4
23 96
23 198
23 115
23 102
23 86
23 103
23 150
23 79
23 174
23 130
23 1
23 59
23 144
23 44
23 72
23 107
23 65
23 81
23 199
23 131
23 178
23 126
23 60
24 89
24 182
24 76
24 135
24 165
24 45
24 41
24 67
24 19
24 71
24 28
24 36
24 192
24 178
24 34
24 35
24 136
24 103
24 6
24 93
24 9
24 38
24 98
24 162
24 111
24 170
24 102
24 88
24 118
24 195
24 174
24 104
24 40
24 143
24 97
24 130
24 150
24 63
24 90
24 75
24 16
24 152
25 159
25 173
25 55
25 67
25 128
25 129
25 86
25 63
25 42
25 120
25 183
25 95
25 47
25 150
25 188
25 116
25 75
25 139
25 43
25 87
25 34
25 46
25 36
25 133
25 104
25 35
25 142
25 152
25 138
25 123
25 197
25 32
25 30
25 106
25 161
25 189
26 70
26 196
26 11
26 173
26 170
26 107
26 5
26 6
26 19
26 85
26 121
26 193
26 119
26 130
26 109
26 145
26 92
26 72
26 122
26 174
26 75
26 108
26 183
26 132
26 44
26 7
26 143
26 190
26 127
26 1
26 198
26 31
26 167
26 102
26 166
26 111
26 180
26 192
27 178
27 142
27 92
27 9
27 128
27 186
27 155
27 153
27 151
27 139
27 60
27 104
27 150
27 65
27 23
27 167
27 158
27 99
27 69
27 83
27 147
27 121
27 10
27 135
27 47
27 118
27 106
27 43
27 16
27 166
27 174
27 40
27 115
27 78
27 77
27 87
27 196
27 111
27 17
27 144
28 152
28 187
28 10
28 23
28 21
28 145
28 179
28 116
28 90
28 115
28 48
28 110
28 126
28 200
28 14
28 64
28 44
28 60
28 22
28 167
28 124
28 151
28 127
28 197
28 63
28 148
28 31
28 40
28 101
28 2
28 170
28 130
28 95
28 192
28 70
29 72
29 130
29 48
29 70
29 185
29 40
29 127
29 6
29 33
29 98
29 67
29 151
29 128
29 91
29 197
29 24
29 76
29 49
29 183
29 77
29 35
29 90
29 32
29 145
29 46
29 143
29 43
29 89
29 63
29 95
29 84
29 19
29 154
29 135
29 139
29 193
30 135
30 139
30 122
30 93
30 61
30 92
30 131
30 63
30 46
30 60
30 21
30 24
30 20
30 164
30 118
30 11
30 5
30 154
30 33
30 177
30 166
30 174
30 47
30 175
30 158
30 62
30 69
30 37
30 48
30 27
30 143
30 116
30 34
30 14
30 123
30 179
30 97
30 165
30 112
30 59
30 196
31 122
31 37
31 180
31 128
31 22
31 30
31 82
31 167
31 47
31 40
31 10
31 106
31 110
31 44
31 129
31 93
31 56
31 134
31 107
31 152
31 121
31 155
31 192
31 154
31 194
31 36
31 2
31 65
31 162
31 115
31 114
31 184
31 153
31 85
31 74
31 119
31 68
31 124
31 80
31 53
31 177
31 9
31 59
31 142
31 103
31 137
32 108
32 92
32 119
32 70
32 84
32 27
32 17
32 121
32 44
32 12
32 182
32 135
32 188
32 13
32 61
32 35
32 174
32 71
32 90
32 3
32 200
32 164
32 89
32 26
32 155
32 102
32 69
32 168
32 194
32 43
32 46
32 125
32 99
32 45
32 184
32 85
33 8
33 6
33 12
33 140
33 51
33 125
33 110
33 57
33 154
33 92
33 65
33 73
33 99
33 192
33 1
33 36
33 7
33 104
33 120
33 153
33 42
33 145
33 150
33 45
33 182
33 176
33 23
33 63
33 66
33 98
33 183
34 121
34 86
34 38
34 185
34 138
34 184
34 96
34 166
34 85
34 84
34 4
34 106
34 98
34 163
34 97
34 44
34 167
34 137
34 21
34 20
34 117
34 112
34 46
34 154
34 140
34 110
34 190
34 23
34 33
34 2
34 49
34 168
34 29
34 95
34 22
34 151
34 176
34 119
34 160
35 164
35 116
35 38
35 111
35 78
35 141
35 171
35 155
35 150
35 54
35 145
35 17
35 47
35 96
35 107
35 130
35 15
35 37
35 85
35 3
35 148
35 179
35 9
35 126
35 134
35 61
35 89
35 95
35 200
35 87
35 183
35 154
35 93
35 188
35 105
35 129
35 14
35 170
35 64
35 197
35 112
35 186
36 19
36 178
36 68
36 90
36 28
36 29
36 179
36 151
36 141
36 44
36 43
36 17
36 57
36 16
36 195
36 52
36 67
36 192
36 66
36 184
36 156
36 116
36 169
36 98
36 119
36 148
36 30
36 136
36 187
36 197
36 129
36 110
36 117
36 168
36 71
36 160
36 133
36 125
36 69
36 131
36 191
36 165
36 113
36 79
37 143
37 5
37 69
37 23
37 167
37 57
37 97
37 26
37 70
37 158
37 77
37 115
37 163
37 112
37 43
37 61
37 196
37 145
37 18
37 123
37 106
37 59
37 124
37 64
37 99
37 41
37 36
37 135
37 34
37 119
37 114
37 154
37 22
37 199
37 144
37 108
37 100
37 101
37 42
38 33
38 39
38 140
38 161
38 54
38 98
38 27
38 4
38 153
38 37
38 71
38 164
38 172
38 126
38 143
38 10
38 180
38 11
38 90
38 119
38 77
38 173
38 97
38 67
38 174
38 105
38 68
38 91
38 128
38 127
38 41
38 146
38 132
38 100
38 184
38 20
38 30
38 104
38 19
39 46
39 13
39 181
39 82
39 182
39 131
39 21
39 30
39 93
39 168
39 99
39 180
39 171
39 106
39 167
39 98
39 31
39 88
39 130
39 145
39 200
39 117
39 178
39 156
39 5
39 71
39 132
39 150
39 6
39 103
39 44
39 20
39 97
39 7
39 141
39 17
39 75
39 123
39 9
39 189
39 49
40 189
40 123
40 167
40 149
40 41
40 175
40 111
40 86
40 131
40 11
40 126
40 36
40 60
40 158
40 1
40 70
40 46
40 81
40 194
40 120
40 165
40 47
40 19
40 187
40 85
40 58
40 97
40 64
40 84
40 95
40 88
40 50
40 83
40 9
40 148
40 197
40 32
40 164
40 62
40 51
40 76
40 94
40 7
40 200
40 172
41 137
41 45
41 127
41 194
41 192
41 39
41 161
41 174
41 87
41 82
41 36
41 154
41 124
41 57
41 178
41 164
41 29
41 162
41 64
41 32
41 129
41 142
41 54
41 136
41 128
41 81
41 11
41 140
41 73
41 103
41 100
41 15
41 189
41 190
41 52
41 158
41 80
41 134
41 111
41 148
41 110
41 132
41 77
42 114
42 102
42 91
42 21
42 182
42 62
42 151
42 82
42 169
42 141
42 56
42 22
42 175
42 94
42 180
42 8
42 18
42 133
42 112
42 52
42 187
42 104
42 1
42 41
42 38
42 71
42 47
42 19
42 83
42 149
42 103
42 43
42 174
42 50
42 59
42 10
42 69
42 185
42 107
42 23
42 197
42 140
43 129
43 114
43 125
43 150
43 147
43 172
43 56
43 21
43 132
43 140
43 181
43 24
43 123
43 118
43 186
43 87
43 141
43 130
43 74
43 184
43 124
43 122
43 195
43 136
43 104
43 20
43 148
43 28
43 18
43 17
43 134
43 30
43 180
43 50
43 33
43 146
43 121
43 93
43 44
43 109
43 149
43 34
43 191
43 15
43 46
43 199
43 177
43 35
43 4
43 22
44 113
44 99
44 124
44 41
44 175
44 12
44 106
44 126
44 136
44 131
44 134
44 132
44 68
44 125
44 63
44 108
44 77
44 17
44 153
44 38
44 188
44 186
44 119
44 21
44 85
44 145
44 13
44 22
44 123
44 92
44 154
44 194
44 144
44 117
44 159
44 67
44 15
44 87
44 199
44 65
44 29
44 174
44 166
44 187
45 186
45 130
45 51
45 74
45 123
45 28
45 145
45 139
45 128
45 56
45 125
45 160
45 23
45 83
45 155
45 137
45 27
45 176
45 122
45 79
45 143
45 26
45 175
45 72
45 138
45 190
45 75
45 90
45 30
45 158
45 113
45 34
45 40
45 182
45 188
45 58
45 70
45 59
45 167
45 20
45 53
45 199
46 100
46 57
46 73
46 143
46 102
46 65
46 106
46 17
46 119
46 193
46 38
46 184
46 91
46 2
46 182
46 169
46 115
46 168
46 108
46 166
46 49
46 163
46 159
46 199
46 190
46 41
46 80
46 123
46 104
46 98
46 50
46 160
46 194
46 122
46 134
46 52
46 23
46 121
46 27
47 190
47 103
47 145
47 86
47 126
47 50
47 165
47 20
47 182
47 166
47 197
47 189
47 78
47 132
47 124
47 1
47 57
47 53
47 24
47 177
47 19
47 93
47 90
47 39
47 28
47 157
47 134
47 55
47 131
47 56
47 76
47 163
47 82
47 94
47 70
47 64
47 88
47 83
47 150
47 63
48 176
48 23
48 35
48 87
48 175
48 135
48 191
48 51
48 9
48 170
48 58
48 88
48 101
48 138
48 34
48 53
48 125
48 115
48 142
48 103
48 19
48 94
48 21
48 190
48 184
48 132
48 197
48 145
48 144
48 116
48 177
48 107
48 90
48 24
48 152
48 192
48 17
48 15
49 43
49 91
49 109
49 121
49 107
49 53
49 197
49 114
49 131
49 178
49 130
49 28
49 55
49 184
49 90
49 79
49 157
49 9
49 142
49 196
49 99
49 125
49 127
49 8
49 176
49 37
49 163
49 69
49 92
49 86
50 98
50 36
50 57
50 71
50 83
50 118
50 17
50 3
50 141
50 44
50 194
50 54
50 90
50 127
50 192
50 48
50 16
50 183
50 64
50 159
50 2
50 37
50 63
50 137
50 115
50 111
50 132
50 74
50 49
50 101
50 82
50 164
50 155
50 70
50 78
50 136
50 117
50 20
50 109
50 32
51 107
51 41
51 106
51 84
51 128
51 102
51 22
51 116
51 12
51 56
51 127
51 151
51 36
51 160
51 21
51 89
51 181
51 60
51 101
51 61
51 85
51 139
51 35
51 149
51 88
51 114
51 132
51 25
51 104
51 47
51 118
51 31
51 174
51 158
51 87
51 115
51 103
51 190
52 191
52 35
52 146
52 75
52 114
52 63
52 86
52 179
52 183
52 125
52 84
52 47
52 74
52 16
52 85
52 39
52 49
52 143
52 50
52 4
52 14
52 124
52 72
52 136
52 164
52 140
52 200
52 134
52 6
52 54
52 104
52 195
52 31
52 30
53 56
53 27
53 26
53 147
53 32
53 112
53 51
53 85
53 7
53 4
53 109
53 94
53 79
53 173
53 91
53 110
53 144
53 151
53 73
53 148
53 38
53 193
53 58
53 30
53 153
53 176
53 146
53 72
53 138
53 198
53 33
53 18
53 162
53 129
53 62
53 152
53 157
53 54
53 17
53 71
53 172
54 51
54 58
54 45
54 154
54 131
54 180
54 43
54 129
54 75
54 73
54 161
54 10
54 12
54 193
54 187
54 158
54 194
54 143
54 156
54 115
54 150
54 98
54 87
54 145
54 123
54 165
54 119
54 89
54 20
54 184
54 46
54 139
54 124
54 109
54 2
54 95
54 172
55 30
55 99
55 65
55 15
55 171
55 199
55 13
55 174
55 157
55 130
55 164
55 155
55 48
55 67
55 56
55 69
55 147
55 111
55 150
55 106
55 59
55 141
55 139
55 92
55 153
55 78
55 188
55 71
55 39
55 102
55 135
55 61
55 182
55 51
55 159
55 70
56 167
56 88
56 109
56 131
56 13
56 12
56 54
56 39
56 103
56 194
56 146
56 99
56 48
56 169
56 119
56 20
56 26
56 165
56 199
56 41
56 147
56 40
56 94
56 18
56 84
56 186
56 200
56 181
56 73
56 63
56 195
56 14
56 67
56 133
56 127
56 123
56 173
56 172
56 118
56 34
56 139
56 15
56 108
56 25
57 166
57 60
57 11
57 119
57 197
57 145
57 138
57 58
57 139
57 146
57 177
57 78
57 17
57 107
57 184
57 127
57 29
57 105
57 56
57 175
57 176
57 174
57 111
57 140
57 27
57 43
57 12
57 136
57 173
57 2
57 20
57 65
57 9
57 181
57 52
57 75
57 4
57 64
57 14
57 28
57 128
58 199
58 118
58 38
58 128
58 11
58 6
58 180
58 41
58 139
58 158
58 134
58 55
58 176
58 189
58 1
58 153
58 91
58 81
58 76
58 21
58 93
58 182
58 13
58 184
58 97
58 33
58 165
59 134
59 112
59 148
59 58
59 75
59 22
59 167
59 100
59 190
59 200
59 145
59 33
59 122
59 144
59 195
59 39
59 125
59 161
59 4
59 192
59 128
59 66
59 127
59 69
59 173
59 193
59 131
59 21
59 186
59 36
59 135
59 155
59 126
59 185
59 18
59 25
59 17
59 91
59 12
59 163
59 70
59 157
59 101
59 15
60 74
60 188
60 166
60 102
60 56
60 157
60 106
60 191
60 123
60 176
60 85
60 189
60 93
60 4
60 89
60 168
60 58
60 184
60 96
60 87
60 3
60 66
60 111
60 35
60 55
60 105
60 143
60 147
60 31
60 120
60 16
60 94
60 50
60 77
60 46
60 75
61 93
61 5
61 43
61 83
61 21
61 31
61 188
61 137
61 122
61 73
61 13
61 85
61 74
61 17
61 125
61 64
61 101
61 179
61 195
61 80
61 157
61 106
61 99
61 134
61 189
61 150
61 105
61 111
61 169
61 78
61 171
61 148
61 151
61 40
61 60
61 199
61 121
61 58
61 100
61 33
61 14
61 129
61 26
61 95
61 141
61 54
62 109
62 165
62 94
62 162
62 136
62 140
62 95
62 7
62 57
62 54
62 127
62 35
62 31
62 132
62 58
62 114
62 195
62 99
62 171
62 34
62 69
62 43
62 118
62 41
62 112
62 175
62 187
62 45
62 71
62 197
62 32
62 111
62 153
62 137
62 80
62 16
62 176
62 59
62 64
62 83
62 166
62 70
63 23
63 14
63 96
63 39
63 154
63 125
63 81
63 67
63 48
63 82
63 131
63 109
63 128
63 133
63 187
63 104
63 172
63 124
63 106
63 112
63 134
63 64
63 36
63 38
63 90
63 19
63 114
63 43
63 86
63 53
63 21
63 199
63 15
63 193
63 194
63 22
63 41
63 178
63 27
63 37
63 71
63 2
63 137
63 73
63 159
64 163
64 76
64 89
64 164
64 55
64 66
64 199
64 39
64 195
64 32
64 102
64 135
64 109
64 54
64 79
64 180
64 117
64 16
64 175
64 171
64 157
64 42
64 85
64 159
64 48
64 30
64 148
64 177
64 11
64 18
64 155
64 60
64 146
64 111
64 125
64 93
64 170
64 53
64 133
64 127
64 6
64 173
65 80
65 152
65 151
65 97
65 24
65 63
65 176
65 47
65 30
65 84
65 129
65 155
65 61
65 125
65 34
65 132
65 113
65 71
65 62
65 150
65 5
65 181
65 161
65 49
65 41
65 94
65 101
65 138
65 160
65 66
65 37
65 18
65 87
65 32
66 128
66 179
66 153
66 94
66 161
66 2
66 48
66 45
66 71
66 133
66 196
66 54
66 182
66 42
66 108
66 144
66 181
66 143
66 126
66 12
66 170
66 84
66 38
66 110
66 57
66 39
66 15
66 40
66 102
66 31
66 162
66 145
66 98
66 148
66 124
66 146
66 62
66 88
66 119
66 184
66 53
67 83
67 13
67 82
67 116
67 137
67 112
67 92
67 170
67 81
67 100
67 17
67 127
67 6
67 51
67 106
67 28
67 107
67 12
67 146
67 15
67 76
67 133
67 86
67 199
67 152
67 102
67 113
67 188
67 120
67 41
67 42
67 49
67 47
67 22
67 73
67 72
67 183
67 43
67 87
67 79
67 129
67 132
67 136
68 34
68 127
68 130
68 15
68 107
68 172
68 67
68 112
68 109
68 152
68 147
68 162
68 42
68 80
68 145
68 122
68 158
68 105
68 143
68 65
68 153
68 52
68 138
68 43
68 85
68 192
68 144
68 78
68 11
68 45
68 91
68 175
68 134
68 1
68 184
68 137
68 110
68 121
68 111
68 93
68 195
68 196
69 1
69 81
69 109
69 14
69 149
69 162
69 183
69 193
69 68
69 11
69 57
69 48
69 195
69 51
69 136
69 129
69 24
69 147
69 77
69 175
69 3
69 91
69 176
69 26
69 28
69 53
69 20
69 179
69 92
69 140
69 180
69 126
69 165
69 18
69 47
69 40
69 171
69 168
69 75
69 172
69 115
69 98
69 112
69 118
69 63
69 146
70 110
70 69
70 131
70 36
70 170
70 193
70 198
70 9
70 38
70 136
70 89
70 96
70 154
70 157
70 182
70 53
70 5
70 163
70 130
70 21
70 133
70 88
70 42
70 137
70 97
70 43
70 39
70 115
70 24
70 107
70 127
70 67
70 179
70 122
70 78
70 164
70 118
70 168
70 172
70 15
70 98
70 31
70 169
70 140
70 57
70 191
70 34
70 79
71 157
71 174
71 90
71 146
71 191
71 161
71 35
71 156
71 183
71 116
71 115
71 139
71 29
71 41
71 99
71 31
71 172
71 162
71 155
71 186
71 197
71 6
71 148
71 109
71 89
71 70
71 108
71 59
71 96
71 3
71 1
71 98
71 20
71 33
71 130
71 44
71 30
71 57
71 43
71 131
71 95
72 11
72 86
72 4
72 104
72 135
72 139
72 101
72 25
72 160
72 198
72 46
72 122
72 59
72 137
72 80
72 184
72 129
72 175
72 149
72 194
72 69
72 31
72 109
72 195
72 188
72 44
72 200
72 35
72 41
72 21
72 174
72 63
72 85
72 187
72 8
72 10
72 189
72 13
72 27
72 131
72 151
72 116
72 64
72 9
73 82
73 163
73 62
73 178
73 135
73 83
73 68
73 198
73 147
73 10
73 187
73 157
73 3
73 188
73 184
73 107
73 154
73 115
73 34
73 181
73 174
73 149
73 38
73 31
73 105
73 110
73 138
73 142
73 92
73 64
73 70
73 93
73 168
73 192
73 90
73 116
73 69
73 72
73 176
74 195
74 6
74 193
74 168
74 160
74 73
74 115
74 114
74 24
74 124
74 83
74 163
74 200
74 179
74 65
74 46
74 37
74 96
74 30
74 101
74 192
74 3
74 40
74 86
74 48
74 172
74 111
74 28
74 196
74 95
74 18
74 189
74 20
74 38
74 56
74 22
74 199
75 162
75 33
75 185
75 31
75 40
75 118
75 150
75 27
75 116
75 172
75 65
75 107
75 85
75 53
75 193
75 198
75 5
75 87
75 186
75 35
75 149
75 30
75 18
75 47
75 181
75 154
75 61
75 50
75 125
75 104
75 161
75 148
75 44
75 113
75 152
75 171
75 89
75 55
75 70
75 88
75 158
75 105
75 64
75 2
75 29
75 135
75 112
75 20
76 181
76 61
76 39
76 101
76 21
76 109
76 162
76 44
76 166
76 26
76 119
76 145
76 139
76 154
76 85
76 1
76 57
76 82
76 167
76 146
76 42
76 193
76 69
76 72
76 117
76 176
76 79
76 77
76 159
76 114
76 102
76 6
77 192
77 167
77 30
77 171
77 196
77 140
77 78
77 53
77 68
77 132
77 88
77 49
77 34
77 31
77 28
77 54
77 55
77 65
77 23
77 63
77 182
77 157
77 162
77 134
77 194
77 184
77 183
77 119
77 110
77 85
77 87
77 40
77 72
77 51
77 15
77 166
77 149
77 36
78 127
78 103
78 190
78 97
78 145
78 20
78 170
78 152
78 105
78 33
78 196
78 163
78 122
78 146
78 79
78 62
78 18
78 48
78 69
78 189
78 45
78 156
78 37
78 74
78 177
78 161
78 94
78 67
78 110
78 32
78 154
78 100
78 87
78 123
78 60
78 84
78 7
78 30
78 63
78 46
78 6
78 140
79 73
79 150
79 101
79 31
79 156
79 9
79 169
79 175
79 88
79 54
79 113
79 21
79 167
79 80
79 99
79 162
79 174
79 6
79 63
79 71
79 61
79 158
79 153
79 65
79 144
79 179
79 40
79 4
79 186
79 199
79 171
79 30
79 92
79 72
79 103
79 86
79 46
79 77
79 200
79 93
79 126
79 34
80 172
80 154
80 166
80 124
80 108
80 123
80 19
80 194
80 37
80 141
80 134
80 53
80 146
80 128
80 90
80 44
80 84
80 106
80 25
80 82
80 158
80 27
80 111
80 113
80 199
80 105
80 107
80 139
80 127
80 29
80 85
80 8
80 38
80 51
80 150
80 3
80 159
81 197
81 114
81 122
81 22
81 47
81 159
81 90
81 150
81 94
81 126
81 4
81 57
81 75
81 34
81 60
81 119
81 78
81 72
81 102
81 128
81 100
81 61
81 176
81 86
81 44
81 70
81 172
81 152
81 174
81 56
81 65
81 144
81 82
81 53
81 11
81 59
81 158
81 28
81 115
81 35
81 12
81 104
81 30
81 6
82 35
82 87
82 147
82 75
82 57
82 32
82 69
82 150
82 90
82 40
82 180
82 107
82 161
82 8
82 113
82 132
82 175
82 195
82 98
82 189
82 45
82 109
82 149
82 36
82 61
82 125
82 6
82 129
82 17
82 19
82 7
82 58
82 68
82 101
82 5
82 70
82 110
82 51
82 187
82 186
83 21
83 174
83 3
83 70
83 34
83 46
83 149
83 147
83 186
83 37
83 2
83 107
83 4
83 72
83 18
83 105
83 184
83 82
83 87
83 157
83 183
83 137
83 178
83 99
83 20
83 135
83 146
83 78
83 190
83 194
83 76
83 191
83 150
83 176
83 182
83 108
83 7
83 90
83 8
83 19
84 60
84 180
84 24
84 71
84 159
84 53
84 144
84 62
84 68
84 111
84 174
84 27
84 147
84 124
84 70
84 169
84 90
84 123
84 2
84 193
84 153
84 45
84 148
84 54
84 121
84 67
84 48
84 161
84 131
84 108
84 79
84 61
84 138
84 15
84 69
84 172
84 189
84 64
84 157
84 114
84 44
84 96
84 23
85 41
85 92
85 18
85 17
85 87
85 186
85 24
85 156
85 123
85 56
85 121
85 100
85 135
85 67
85 149
85 23
85 188
85 133
85 117
85 170
85 81
85 63
85 166
85 2
85 74
85 9
85 116
85 159
85 120
85 118
85 5
85 1
85 70
85 151
85 169
85 154
85 173
85 110
85 171
85 59
85 177
85 50
86 77
86 162
86 88
86 97
86 189
86 113
86 117
86 108
86 159
86 20
86 178
86 101
86 132
86 151
86 89
86 125
86 54
86 36
86 68
86 4
86 8
86 154
86 2
86 167
86 7
86 59
86 50
86 141
86 35
86 83
86 56
86 122
86 168
86 150
86 39
86 6
87 95
87 173
87 79
87 119
87 120
87 24
87 4
87 76
87 53
87 109
87 89
87 115
87 142
87 7
87 200
87 197
87 182
87 189
87 63
87 16
87 31
87 153
87 11
87 73
87 61
87 143
87 58
87 192
87 166
87 8
87 64
87 86
87 23
87 193
87 107
87 190
87 167
87 68
87 2
87 198
87 55
87 144
87 103
88 16
88 72
88 7
88 101
88 177
88 4
88 102
88 42
88 120
88 117
88 20
88 122
88 106
88 184
88 28
88 37
88 83
88 50
88 181
88 68
88 197
88 175
88 81
88 148
88 130
88 61
88 26
88 195
88 53
88 146
88 163
88 199
88 97
88 33
88 10
88 155
88 123
88 13
88 176
88 115
88 169
89 31
89 7
89 121
89 114
89 92
89 96
89 73
89 112
89 196
89 6
89 173
89 40
89 5
89 126
89 105
89 192
89 141
89 179
89 48
89 62
89 144
89 59
89 157
89 25
89 161
89 4
89 69
89 147
89 1
89 36
89 66
89 26
89 120
90 62
90 180
90 192
90 21
90 31
90 55
90 121
90 67
90 96
90 163
90 41
90 172
90 153
90 12
90 20
90 95
90 160
90 131
90 133
90 189
90 167
90 66
90 13
90 145
90 27
90 30
90 115
90 56
90 46
90 128
90 143
90 156
90 113
90 79
90 11
90 64
90 158
90 10
90 112
91 198
91 8
91 115
91 144
91 87
91 43
91 86
91 41
91 101
91 24
91 19
91 97
91 79
91 75
91 132
91 17
91 121
91 184
91 48
91 63
91 133
91 185
91 127
91 30
91 45
91 93
91 82
91 96
91 21
91 164
91 141
91 81
91 1
91 50
91 88
91 51
92 10
92 82
92 38
92 3
92 145
92 7
92 77
92 20
92 123
92 158
92 58
92 57
92 29
92 48
92 118
92 87
92 6
92 177
92 46
92 150
92 2
92 70
92 17
92 45
92 178
92 117
92 59
92 13
92 140
92 179
92 100
92 195
92 148
92 125
92 153
92 129
92 43
92 56
92 76
92 142
92 35
92 137
92 191
92 144
92 37
93 106
93 131
93 163
93 115
93 118
93 28
93 2
93 34
93 160
93 101
93 111
93 22
93 84
93 99
93 71
93 139
93 119
93 40
93 14
93 154
93 53
93 189
93 194
93 168
93 18
93 120
93 98
93 142
93 110
93 19
93 57
93 193
93 133
93 8
93 74
94 139
94 73
94 11
94 160
94 148
94 136
94 195
94 127
94 77
94 190
94 17
94 84
94 200
94 163
94 133
94 140
94 31
94 194
94 89
94 16
94 33
94 178
94 137
94 151
94 123
94 76
94 102
94 130
94 34
94 107
94 86
94 161
94 132
94 191
94 180
94 9
94 103
95 123
95 136
95 110
95 173
95 93
95 141
95 125
95 131
95 69
95 121
95 39
95 117
95 135
95 32
95 170
95 66
95 8
95 31
95 129
95 137
95 81
95 196
95 114
95 26
95 124
95 111
95 199
95 107
95 122
95 50
95 197
95 37
95 103
95 119
95 6
95 159
95 108
96 158
96 42
96 26
96 29
96 149
96 65
96 153
96 178
96 97
96 28
96 112
96 123
96 122
96 138
96 119
96 105
96 22
96 108
96 151
96 104
96 172
96 78
96 27
96 50
96 161
96 113
96 55
96 166
96 193
96 72
96 38
96 61
96 144
96 69
96 101
96 150
96 92
96 68
96 167
96 86
96 14
97 2
97 55
97 99
97 35
97 94
97 83
97 178
97 80
97 199
97 89
97 158
97 4
97 165
97 175
97 103
97 140
97 81
97 162
97 25
97 11
97 59
97 71
97 194
97 66
97 73
97 95
97 114
97 146
97 106
97 127
97 33
97 154
97 84
97 8
97 61
97 125
97 177
97 102
97 156
97 105
97 16
97 181
97 132
97 157
97 128
98 97
98 152
98 35
98 47
98 3
98 192
98 28
98 12
98 1
98 53
98 57
98 83
98 142
98 77
98 112
98 190
98 183
98 84
98 86
98 63
98 73
98 68
98 147
98 167
98 138
98 127
98 164
98 118
98 32
98 185
98 105
98 61
98 128
98 171
98 17
98 9
99 96
99 165
99 182
99 86
99 133
99 88
99 112
99 198
99 167
99 28
99 110
99 12
99 151
99 159
99 179
99 173
99 169
99 153
99 197
99 60
99 47
99 142
99 127
99 31
99 59
99 38
99 65
99 22
99 81
99 89
99 141
99 77
99 10
99 85
99 136
99 132
99 111
99 181
99 67
99 51
99 25
99 2
99 149
100 12
100 99
100 180
100 47
100 64
100 135
100 13
100 57
100 82
100 106
100 168
100 89
100 124
100 44
100 156
100 79
100 121
100 43
100 68
100 160
100 134
100 118
100 3
100 98
100 60
100 72
100 193
100 126
100 183
100 73
100 150
100 159
100 56
100 102
101 141
101 64
101 136
101 56
101 109
101 22
101 27
101 103
101 188
101 124
101 196
101 164
101 192
101 145
101 6
101 18
101 15
101 131
101 19
101 52
101 140
101 40
101 83
101 174
101 187
101 146
101 104
101 23
101 134
101 80
101 42
101 157
101 21
101 4
101 100
101 24
101 197
101 85
101 5
101 97
101 92
102 63
102 96
102 31
102 33
102 5
102 114
102 182
102 79
102 153
102 20
102 143
102 103
102 125
102 119
102 99
102 41
102 177
102 180
102 106
102 85
102 90
102 78
102 72
102 141
102 59
102 29
102 192
102 137
102 113
102 175
102 163
102 165
102 181
102 187
102 176
102 61
102 101
102 109
102 37
102 170
103 25
103 148
103 73
103 145
103 98
103 43
103 9
103 113
103 144
103 191
103 169
103 196
103 171
103 109
103 159
103 50
103 164
103 77
103 187
103 18
103 143
103 46
103 163
103 68
103 20
103 15
103 83
103 190
103 36
103 60
103 67
103 29
103 91
103 65
103 105
103 198
103 141
104 196
104 159
104 174
104 74
104 164
104 41
104 109
104 180
104 3
104 70
104 114
104 44
104 79
104 13
104 117
104 181
104 127
104 135
104 31
104 129
104 108
104 2
104 145
104 69
104 40
104 59
104 54
104 155
104 82
104 45
104 106
104 166
104 152
104 103
104 168
105 44
105 25
105 41
105 69
105 189
105 18
105 30
105 188
105 174
105 118
105 3
105 81
105 93
105 90
105 20
105 112
105 130
105 135
105 176
105 22
105 198
105 142
105 196
105 128
105 45
105 195
105 36
105 125
105 143
105 66
105 154
105 100
105 34
105 109
105 88
105 24
105 70
105 175
105 56
105 155
105 31
105 27
105 54
106 65
106 155
106 78
106 59
106 176
106 21
106 6
106 50
106 11
106 29
106 179
106 107
106 98
106 3
106 167
106 112
106 48
106 191
106 68
106 91
106 81
106 57
106 120
106 24
106 15
106 166
106 160
106 10
106 181
106 70
106 118
106 42
106 40
106 200
106 147
106 18
106 127
106 187
106 74
106 8
106 115
106 41
106 136
106 140
106 16
107 117
107 105
107 74
107 142
107 143
107 69
107 162
107 97
107 159
107 9
107 15
107 92
107 25
107 18
107 196
107 165
107 113
107 12
107 44
107 100
107 32
107 147
107 187
107 53
107 71
107 22
107 3
107 72
107 183
107 152
107 150
107 200
107 89
107 62
107 39
107 182
107 112
107 33
107 171
107 77
107 40
107 16
107 124
107 179
107 1
108 115
108 38
108 99
108 126
108 160
108 182
108 25
108 187
108 59
108 123
108 166
108 102
108 33
108 107
108 35
108 60
108 106
108 188
108 24
108 68
108 76
108 157
108 36
108 61
108 13
108 158
108 97
108 117
108 15
108 10
108 62
108 18
108 101
108 64
108 77
108 85
108 200
108 149
108 47
108 73
108 29
108 100
108 148
108 27
108 197
108 21
108 89
108 54
109 132
109 70
109 2
109 123
109 196
109 136
109 1
109 65
109 142
109 148
109 185
109 98
109 16
109 86
109 143
109 97
109 141
109 115
109 157
109 8
109 114
109 67
109 160
109 39
109 186
109 188
109 94
109 59
109 138
109 184
109 92
109 131
109 17
109 129
109 121
109 44
109 112
109 152
109 162
109 146
110 168
110 30
110 155
110 158
110 56
110 134
110 175
110 11
110 43
110 136
110 153
110 165
110 67
110 39
110 48
110 160
110 197
110 141
110 6
110 1
110 87
110 105
110 80
110 130
110 128
110 81
110 35
110 179
110 5
110 172
110 3
110 123
110 76
110 106
110 171
110 137
110 2
110 44
110 184
111 78
111 119
111 29
111 187
111 196
111 11
111 44
111 97
111 112
111 131
111 105
111 173
111 189
111 66
111 178
111 69
111 18
111 96
111 194
111 132
111 137
111 10
111 23
111 79
111 115
111 147
111 9
111 43
111 171
111 134
111 139
111 7
111 87
111 172
111 5
111 56
111 25
111 89
111 108
112 40
112 66
112 16
112 9
112 102
112 140
112 174
112 94
112 131
112 163
112 87
112 153
112 39
112 43
112 24
112 92
112 6
112 136
112 78
112 126
112 113
112 3
112 56
112 141
112 4
112 133
112 154
112 143
112 191
112 125
112 167
112 54
112 26
112 146
112 60
112 155
112 83
112 189
112 164
112 166
112 38
113 156
113 47
113 155
113 197
113 52
113 56
113 137
113 77
113 88
113 154
113 99
113 53
113 64
113 110
113 42
113 183
113 169
113 71
113 118
113 109
113 129
113 60
113 22
113 29
113 55
113 68
113 13
113 12
113 8
113 153
113 122
113 198
113 145
113 97
113 35
114 133
114 61
114 188
114 47
114 112
114 64
114 1
114 113
114 168
114 189
114 53
114 147
114 122
114 157
114 77
114 193
114 137
114 134
114 155
114 117
114 182
114 45
114 50
114 28
114 172
114 85
114 2
114 66
114 35
114 19
114 82
114 67
114 36
114 11
114 72
114 152
114 164
114 190
114 65
114 106
114 20
114 98
115 79
115 162
115 184
115 49
115 107
115 113
115 95
115 130
115 149
115 76
115 169
115 177
115 66
115 92
115 12
115 153
115 174
115 58
115 20
115 136
115 82
115 155
115 193
115 176
115 89
115 116
115 134
115 56
115 19
115 161
115 167
115 112
115 124
115 145
115 62
115 40
115 8
115 63
115 171
115 42
115 131
115 80
115 157
115 175
115 164
115 43
115 143
116 84
116 52
116 74
116 24
116 194
116 54
116 170
116 193
116 80
116 103
116 178
116 6
116 167
116 131
116 97
116 23
116 142
116 132
116 18
116 39
116 121
116 59
116 32
116 186
116 175
116 199
116 16
116 127
116 141
116 140
116 171
116 98
116 144
116 45
116 55
116 37
116 79
116 108
116 156
116 7
116 195
116 26
116 38
117 116
117 58
117 153
117 45
117 71
117 25
117 22
117 137
117 82
117 80
117 142
117 145
117 171
117 75
117 112
117 131
117 57
117 23
117 28
117 59
117 135
117 185
117 21
117 52
117 184
117 181
117 150
117 14
117 72
117 13
117 3
117 172
117 94
117 29
117 41
117 102
117 60
117 155
117 197
117 195
117 51
117 55
118 200
118 117
118 160
118 47
118 59
118 29
118 37
118 39
118 199
118 83
118 32
118 134
118 168
118 18
118 110
118 91
118 178
118 154
118 53
118 66
118 6
118 130
118 133
118 194
118 146
118 44
118 55
118 127
118 41
118 48
118 52
118 94
118 60
118 72
118 2
118 45
118 71
118 99
118 65
118 74
118 49
118 34
118 137
118 97
118 88
119 104
119 50
119 74
119 35
119 139
119 161
119 173
119 33
119 148
119 188
119 185
119 94
119 181
119 124
119 129
119 4
119 141
119 11
119 189
119 183
119 150
119 40
119 6
119 174
119 154
119 179
119 100
119 13
119 116
119 112
119 170
119 162
119 192
119 108
119 97
119 63
119 65
119 126
119 70
119 117
119 61
119 182
119 165
120 24
120 178
120 16
120 58
120 91
120 90
120 54
120 63
120 45
120 107
120 113
120 46
120 32
120 64
120 95
120 61
120 17
120 158
120 168
120 94
120 99
120 79
120 111
120 2
120 43
120 97
120 71
120 112
120 44
120 80
120 108
121 39
121 40
121 17
121 98
121 36
121 120
121 80
121 138
121 153
121 172
121 72
121 56
121 60
121 82
121 58
121 168
121 144
121 137
121 30
121 127
121 150
121 70
121 66
121 164
121 124
121 102
121 16
121 139
121 186
121 165
121 35
121 101
121 63
121 76
121 96
121 194
121 14
121 104
121 75
121 180
122 18
122 69
122 110
122 66
122 172
122 107
122 55
122 175
122 159
122 155
122 186
122 4
122 129
122 182
122 12
122 82
122 108
122 152
122 111
122 164
122 25
122 191
122 51
122 124
122 60
122 57
122 35
122 150
122 174
122 195
122 94
122 11
122 185
122 22
123 26
123 178
123 105
123 98
123 8
123 101
123 119
123 81
123 16
123 121
123 138
123 11
123 1
123 14
123 143
123 174
123 13
123 61
123 167
123 111
123 93
123 21
123 31
123 41
123 136
123 185
123 154
123 169
123 66
123 10
123 118
123 135
123 38
123 194
123 186
123 59
123 184
123 86
123 68
123 164
123 47
123 71
123 134
124 111
124 14
124 83
124 178
124 7
124 64
124 76
124 104
124 58
124 72
124 180
124 177
124 56
124 102
124 103
124 34
124 25
124 160
124 87
124 70
124 57
124 17
124 136
124 81
124 61
124 27
124 6
124 163
124 97
124 137
124 142
124 4
124 50
124 155
124 48
124 127
124 109
124 105
124 85
124 60
124 1
124 172
124 55
124 53
124 42
125 7
125 170
125 23
125 119
125 189
125 25
125 176
125 136
125 124
125 109
125 180
125 80
125 177
125 168
125 27
125 116
125 42
125 138
125 103
125 158
125 85
125 188
125 196
125 184
125 130
125 38
125 69
125 145
125 50
125 190
125 114
125 2
125 140
125 139
125 47
125 126
125 39
125 94
125 37
126 194
126 167
126 22
126 162
126 27
126 65
126 183
126 77
126 19
126 50
126 132
126 157
126 122
126 148
126 146
126 147
126 29
126 195
126 8
126 118
126 78
126 155
126 105
126 36
126 115
126 121
126 165
126 90
126 34
126 43
126 123
126 114
126 26
126 11
126 104
126 182
126 85
126 62
126 142
126 32
126 143
126 145
126 107
126 84
126 172
126 70
127 4
127 175
127 9
127 55
127 19
127 189
127 84
127 20
127 42
127 13
127 36
127 166
127 83
127 88
127 105
127 126
127 7
127 183
127 43
127 114
127 199
127 11
127 142
127 27
127 1
127 18
127 85
127 112
127 82
127 52
127 100
127 200
127 187
127 192
127 145
127 123
127 47
127 35
128 13
128 190
128 79
128 120
128 159
128 126
128 117
128 62
128 68
128 1
128 119
128 78
128 156
128 116
128 99
128 125
128 44
128 187
128 71
128 167
128 95
128 54
128 176
128 151
128 37
128 67
128 153
128 36
128 34
128 184
128 138
128 160
128 53
128 20
128 102
128 161
128 118
128 182
129 14
129 183
129 71
129 117
129 42
129 171
129 79
129 75
129 74
129 70
129 88
129 96
129 148
129 62
129 187
129 56
129 52
129 165
129 84
129 140
129 170
129 76
129 39
129 152
129 135
129 99
129 10
129 181
129 200
129 24
129 12
129 26
129 153
129 87
129 114
129 29
129 147
129 64
129 128
129 15
129 55
129 81
129 144
129 101
130 91
130 133
130 89
130 146
130 96
130 36
130 182
130 82
130 140
130 147
130 3
130 168
130 178
130 54
130 162
130 10
130 192
130 197
130 132
130 172
130 164
130 15
130 40
130 155
130 175
130 166
130 149
130 142
130 156
130 75
130 62
130 184
130 170
130 81
130 47
130 173
130 123
130 27
130 61
130 13
131 154
131 41
131 83
131 151
131 3
131 105
131 99
131 149
131 27
131 68
131 133
131 31
131 166
131 32
131 104
131 58
131 143
131 46
131 52
131 119
131 13
131 61
131 125
131 50
131 2
131 17
131 26
131 57
131 134
131 195
131 89
131 43
131 172
131 103
131 79
131 81
131 12
131 37
131 182
131 53
131 6
132 120
132 23
132 54
132 136
132 128
132 122
132 192
132 169
132 180
132 35
132 163
132 107
132 72
132 2
132 46
132 144
132 140
132 68
132 187
132 183
132 134
132 188
132 33
132 129
132 149
132 80
132 12
132 166
132 138
132 37
132 195
132 196
132 124
132 152
132 9
132 125
132 171
132 174
132 101
132 178
133 15
133 45
133 108
133 154
133 46
133 97
133 95
133 40
133 103
133 176
133 68
133 165
133 113
133 55
133 78
133 8
133 126
133 20
133 147
133 69
133 125
133 178
133 28
133 194
133 4
133 77
133 2
133 81
133 196
133 122
133 161
133 21
133 1
133 75
133 9
134 180
134 182
134 53
134 98
134 78
134 13
134 195
134 62
134 20
134 30
134 190
134 90
134 83
134 174
134 102
134 36
134 95
134 119
134 109
134 11
134 142
134 145
134 162
134 124
134 84
134 103
134 27
134 92
134 70
134 133
134 38
134 72
134 160
134 120
134 163
134 117
134 130
134 79
134 165
134 42
135 101
135 74
135 84
135 62
135 94
135 17
135 187
135 22
135 66
135 67
135 166
135 185
135 115
135 25
135 126
135 120
135 68
135 189
135 200
135 114
135 153
135 113
135 80
135 33
135 125
135 143
135 116
135 46
135 8
135 167
135 192
135 180
135 159
135 118
135 150
135 121
135 108
136 53
136 79
136 22
136 56
136 128
136 185
136 119
136 153
136 198
136 111
136 149
136 135
136 194
136 155
136 78
136 84
136 18
136 117
136 97
136 20
136 179
136 177
136 76
136 68
136 42
136 159
136 31
136 34
136 14
136 151
136 160
136 116
136 4
136 88
136 91
136 114
136 73
136 108
136 19
136 8
137 57
137 11
137 140
137 66
137 82
137 198
137 174
137 157
137 14
137 7
137 192
137 104
137 184
137 143
137 138
137 73
137 188
137 12
137 127
137 16
137 122
137 106
137 191
137 75
137 5
137 93
137 133
137 130
137 173
137 97
137 176
137 29
137 49
137 85
137 48
137 135
137 43
137 179
138 37
138 159
138 16
138 3
138 19
138 173
138 92
138 49
138 165
138 144
138 78
138 67
138 110
138 95
138 82
138 145
138 7
138 156
138 114
138 81
138 41
138 171
138 17
138 69
138 97
138 107
138 124
138 116
138 38
138 178
138 181
138 118
138 100
138 83
138 6
138 35
138 43
138 163
138 166
139 175
139 148
139 87
139 24
139 117
139 37
139 83
139 92
139 86
139 181
139 84
139 38
139 199
139 108
139 96
139 68
139 177
139 112
139 176
139 132
139 185
139 9
139 62
139 44
139 113
139 46
139 101
139 106
139 91
139 109
139 64
139 52
139 161
139 40
139 105
139 12
139 11
139 75
139 69
139 110
140 66
140 108
140 24
140 178
140 135
140 53
140 26
140 67
140 115
140 169
140 187
140 3
140 180
140 136
140 121
140 20
140 117
140 95
140 198
140 172
140 23
140 161
140 200
140 165
140 124
140 173
140 45
140 138
140 48
140 118
140 157
140 159
140 59
140 166
140 156
140 158
140 185
140 25
140 81
140 55
140 193
140 37
141 17
141 197
141 48
141 172
141 189
141 14
141 135
141 44
141 3
141 106
141 30
141 117
141 195
141 73
141 9
141 10
141 76
141 62
141 64
141 97
141 63
141 127
141 26
141 66
141 146
141 129
141 121
141 19
141 179
141 200
141 74
141 69
141 107
141 196
141 113
141 45
141 29
141 130
141 94
142 90
142 53
142 26
142 10
142 138
142 2
142 88
142 36
142 106
142 83
142 56
142 11
142 62
142 1
142 91
142 198
142 8
142 199
142 161
142 111
142 61
142 178
142 115
142 154
142 7
142 23
142 190
142 4
142 51
142 181
142 100
142 96
142 143
142 131
142 135
142 174
142 196
142 52
142 185
143 184
143 43
143 12
143 168
143 149
143 192
143 146
143 108
143 111
143 51
143 63
143 50
143 95
143 173
143 72
143 99
143 165
143 84
143 71
143 197
143 156
143 34
143 134
143 106
143 32
143 129
143 70
143 80
143 59
143 118
143 117
143 78
143 180
143 119
143 193
143 88
143 116
144 124
144 128
144 42
144 153
144 122
144 65
144 123
144 102
144 6
144 15
144 188
144 134
144 111
144 43
144 47
144 162
144 130
144 72
144 14
144 82
144 140
144 199
144 182
144 166
144 191
144 19
144 156
144 54
144 118
144 133
144 136
144 71
144 148
144 34
144 67
144 163
144 125
144 117
144 146
144 28
144 46
145 22
145 167
145 181
145 193
145 114
145 151
145 179
145 119
145 198
145 98
145 61
145 62
145 118
145 95
145 93
145 170
145 200
145 86
145 130
145 63
145 116
145 184
145 141
145 12
145 128
145 81
145 195
145 14
145 49
145 70
145 123
145 74
145 135
145 75
145 129
145 21
145 190
145 144
145 106
145 53
145 191
145 110
145 36
145 150
146 58
146 171
146 50
146 159
146 8
146 18
146 62
146 42
146 123
146 47
146 81
146 79
146 99
146 165
146 169
146 27
146 113
146 192
146 45
146 29
146 89
146 104
146 70
146 132
146 82
146 190
146 63
146 168
146 128
146 20
146 131
146 107
146 44
146 166
146 90
146 74
146 26
146 139
146 92
146 54
147 52
147 39
147 143
147 91
147 50
147 134
147 79
147 150
147 54
147 179
147 62
147 40
147 183
147 94
147 77
147 67
147 78
147 32
147 178
147 153
147 177
147 170
147 29
147 181
147 90
147 49
147 5
147 182
147 66
147 99
147 87
147 119
147 92
147 64
147 46
147 28
147 167
148 49
148 78
148 30
148 106
148 19
148 123
148 97
148 87
148 16
148 176
148 7
148 177
148 105
148 70
148 149
148 189
148 14
148 153
148 33
148 21
148 185
148 100
148 51
148 160
148 55
148 133
148 22
148 60
148 191
148 11
148 27
148 145
148 42
148 110
148 188
148 178
148 77
148 200
148 37
149 118
149 79
149 12
149 7
149 124
149 170
149 54
149 185
149 197
149 180
149 24
149 153
149 144
149 200
149 35
149 168
149 22
149 62
149 37
149 102
149 88
149 98
149 122
149 26
149 176
149 53
149 158
149 27
149 2
149 105
149 126
149 135
149 189
149 20
149 156
149 183
149 41
149 4
149 160
150 87
150 155
150 149
150 67
150 52
150 130
150 199
150 154
150 182
150 124
150 63
150 15
150 110
150 4
150 45
150 128
150 26
150 160
150 77
150 152
150 171
150 31
150 69
150 140
150 165
150 193
150 46
150 21
150 169
150 138
150 186
150 183
150 103
150 184
150 34
150 32
150 115
150 38
150 127
150 158
150 99
150 29
150 17
151 125
151 3
151 31
151 93
151 57
151 7
151 88
151 75
151 39
151 139
151 67
151 126
151 87
151 12
151 2
151 52
151 118
151 188
151 90
151 47
151 144
151 166
151 21
151 116
151 18
151 109
151 9
151 157
151 10
151 124
151 17
151 73
151 56
151 78
152 105
152 8
152 123
152 187
152 172
152 84
152 99
152 124
152 72
152 146
152 194
152 39
152 163
152 92
152 191
152 16
152 13
152 167
152 43
152 138
152 176
152 7
152 87
152 160
152 77
152 165
152 3
152 145
152 181
152 94
152 121
152 101
152 50
153 173
153 122
153 86
153 193
153 131
153 192
153 191
153 60
153 132
153 49
153 107
153 46
153 32
153 1
153 21
153 111
153 185
153 146
153 80
153 16
153 168
153 56
153 109
153 104
153 52
153 88
153 54
153 137
153 14
153 71
153 82
153 23
153 186
153 41
153 105
153 20
153 36
153 17
153 155
153 97
153 47
153 73
153 125
153 141
153 75
154 188
154 11
154 164
154 166
154 120
154 91
154 5
154 108
154 107
154 18
154 191
154 128
154 62
154 168
154 40
154 121
154 12
154 179
154 98
154 114
154 38
154 176
154 83
154 72
154 27
154 45
154 129
154 162
154 178
154 2
154 127
154 136
154 139
154 39
154 149
154 26
154 4
154 77
154 3
154 95
154 50
154 141
154 196
155 119
155 43
155 51
155 95
155 165
155 2
155 101
155 169
155 60
155 5
155 61
155 131
155 141
155 33
155 198
155 158
155 184
155 46
155 38
155 39
155 87
155 143
155 154
155 161
155 190
155 62
155 13
155 84
155 42
155 129
155 200
155 192
155 52
155 111
155 69
155 179
155 85
155 4
156 94
156 4
156 87
156 59
156 81
156 24
156 132
156 74
156 154
156 75
156 127
156 64
156 126
156 178
156 82
156 142
156 47
156 186
156 6
156 17
156 52
156 45
156 86
156 88
156 158
156 44
156 197
156 117
156 120
156 107
156 125
156 162
156 168
156 157
156 42
156 181
156 106
157 150
157 129
157 123
157 182
157 181
157 122
157 155
157 141
157 197
157 39
157 195
157 3
157 134
157 44
157 170
157 124
157 153
157 56
157 51
157 50
157 99
157 29
157 42
157 19
157 43
157 178
157 169
157 188
157 74
157 96
157 128
157 80
157 21
157 149
157 106
157 31
157 35
157 9
157 154
157 113
158 3
158 145
158 126
158 33
158 195
158 67
158 133
158 175
158 47
158 173
158 194
158 154
158 13
158 183
158 139
158 57
158 72
158 46
158 146
158 59
158 7
158 100
158 137
158 187
158 105
158 109
158 42
158 10
158 63
158 153
158 73
158 176
158 23
158 102
158 171
158 61
158 77
158 86
159 102
159 62
159 51
159 72
159 162
159 57
159 52
159 42
159 134
159 82
159 156
159 91
159 126
159 78
159 113
159 169
159 175
159 38
159 116
159 174
159 10
159 23
159 177
159 114
159 123
159 96
159 34
159 40
159 31
159 75
159 178
159 183
159 12
159 110
159 101
159 47
159 142
159 94
159 117
159 79
159 71
159 120
159 15
160 171
160 119
160 21
160 38
160 173
160 8
160 135
160 80
160 48
160 66
160 73
160 24
160 132
160 143
160 31
160 2
160 187
160 92
160 131
160 192
160 178
160 186
160 61
160 101
160 52
160 37
160 25
160 18
160 157
160 23
160 43
160 81
160 168
160 99
160 76
160 79
161 131
161 34
161 196
161 32
161 117
161 137
161 97
161 42
161 62
161 200
161 81
161 64
161 36
161 22
161 116
161 144
161 190
161 57
161 181
161 31
161 188
161 168
161 163
161 44
161 197
161 107
161 56
161 72
161 125
161 85
161 60
161 111
161 198
161 68
162 136
162 34
162 170
162 5
162 7
162 148
162 82
162 158
162 84
162 83
162 122
162 87
162 16
162 140
162 90
162 30
162 44
162 35
162 116
162 108
162 64
162 121
162 141
162 93
162 132
162 59
162 29
162 104
162 171
162 17
162 147
162 190
162 9
162 193
162 189
162 102
163 146
163 195
163 39
163 41
163 156
163 160
163 26
163 30
163 77
163 42
163 129
163 23
163 96
163 82
163 183
163 189
163 159
163 14
163 56
163 11
163 67
163 121
163 28
163 150
163 137
163 12
163 185
163 52
163 200
163 75
163 128
163 123
163 194
163 179
163 87
163 184
163 126
163 169
164 6
164 133
164 124
164 43
164 11
164 3
164 182
164 12
164 86
164 159
164 59
164 175
164 145
164 143
164 107
164 125
164 116
164 16
164 53
164 84
164 19
164 45
164 139
164 93
164 85
164 189
164 170
164 42
164 163
164 172
164 51
164 75
165 64
165 159
165 7
165 141
165 55
165 125
165 65
165 41
165 35
165 100
165 153
165 42
165 91
165 96
165 74
165 113
165 193
165 142
165 161
165 67
165 31
165 190
165 63
165 157
165 164
165 33
165 166
165 101
165 128
165 61
165 92
165 108
165 173
165 3
165 84
165 43
165 39
165 106
165 14
165 114
165 135
165 158
165 89
165 81
165 188
165 34
165 131
166 86
166 196
166 198
166 54
166 169
166 185
166 193
166 115
166 93
166 155
166 136
166 156
166 98
166 126
166 74
166 49
166 170
166 37
166 25
166 159
166 182
166 68
166 79
166 51
166 13
166 152
166 88
166 21
166 17
166 102
166 192
166 81
166 120
166 139
166 195
166 148
166 39
166 35
166 190
167 92
167 158
167 10
167 74
167 121
167 23
167 8
167 75
167 44
167 118
167 108
167 67
167 150
167 91
167 60
167 101
167 171
167 110
167 154
167 21
167 172
167 65
167 2
167 58
167 81
167 18
167 103
167 185
167 199
167 170
167 173
167 169
167 12
167 32
167 89
167 36
167 107
167 146
167 84
168 126
168 116
168 107
168 182
168 21
168 196
168 64
168 192
168 12
168 16
168 91
168 92
168 159
168 85
168 172
168 48
168 58
168 76
168 51
168 140
168 40
168 148
168 67
168 129
168 155
168 137
168 9
168 11
168 128
168 142
168 96
168 150
168 75
168 94
168 8
168 5
168 79
168 185
168 38
169 55
169 127
169 69
169 170
169 60
169 43
169 23
169 25
169 182
169 62
169 174
169 12
169 133
169 197
169 81
169 102
169 80
169 13
169 72
169 152
169 65
169 142
169 161
169 94
169 117
169 75
169 126
169 151
169 49
169 52
169 108
169 135
169 31
169 40
169 119
169 10
169 138
169 118
170 50
170 62
170 43
170 163
170 40
170 184
170 134
170 55
170 79
170 68
170 71
170 30
170 63
170 141
170 59
170 120
170 47
170 118
170 165
170 69
170 72
170 194
170 12
170 112
170 146
170 31
170 159
170 110
170 198
170 114
170 84
170 81
170 192
170 138
170 76
170 136
171 29
171 130
171 120
171 127
171 71
171 192
171 9
171 126
171 114
171 157
171 188
171 106
171 200
171 23
171 151
171 65
171 43
171 63
171 82
171 154
171 31
171 84
171 152
171 60
171 176
171 180
171 181
171 17
171 57
171 190
171 156
171 14
171 199
171 145
171 41
171 155
171 119
172 5
172 9
172 91
172 174
172 144
172 73
172 184
172 23
172 107
172 95
172 134
172 24
172 173
172 139
172 27
172 181
172 26
172 87
172 113
172 94
172 1
172 97
172 16
172 78
172 178
172 77
172 36
172 109
172 47
172 7
172 183
172 17
172 155
172 169
172 88
172 163
172 149
172 66
172 105
173 147
173 105
173 82
173 200
173 145
173 118
173 62
173 142
173 93
173 94
173 37
173 80
173 79
173 123
173 100
173 168
173 159
173 68
173 66
173 195
173 144
173 55
173 190
173 54
173 98
173 8
173 32
173 92
173 71
173 161
173 139
173 169
173 33
173 179
174 9
174 5
174 193
174 129
174 165
174 141
174 4
174 64
174 67
174 61
174 56
174 198
174 187
174 96
174 37
174 194
174 144
174 163
174 147
174 45
174 136
174 7
174 29
174 185
174 91
174 95
174 131
174 39
174 138
174 21
174 181
174 111
174 1
174 15
174 76
174 148
174 133
174 176
174 184
174 109
174 11
174 3
175 112
175 41
175 75
175 147
175 80
175 160
175 3
175 141
175 58
175 163
175 132
175 12
175 111
175 63
175 59
175 168
175 198
175 193
175 13
175 2
175 49
175 65
175 161
175 27
175 70
175 22
175 146
175 149
175 36
175 189
175 98
175 151
175 55
175 35
175 15
176 142
176 167
176 109
176 168
176 46
176 135
176 95
176 186
176 131
176 66
176 27
176 200
176 47
176 78
176 129
176 127
176 194
176 54
176 92
176 51
176 145
176 165
176 181
176 112
176 130
176 164
176 107
176 10
176 17
176 189
176 40
176 59
176 86
176 180
176 68
176 3
176 121
176 111
176 140
176 117
176 4
176 172
176 136
176 94
176 70
177 103
177 5
177 99
177 146
177 198
177 108
177 69
177 28
177 106
177 152
177 129
177 9
177 6
177 128
177 112
177 134
177 4
177 173
177 179
177 25
177 75
177 52
177 196
177 56
177 54
177 3
177 73
177 119
177 169
177 138
177 21
178 59
178 40
178 50
178 103
178 19
178 33
178 191
178 102
178 136
178 177
178 161
178 34
178 11
178 6
178 30
178 104
178 126
178 15
178 88
178 26
178 153
178 3
178 186
178 122
178 108
178 175
178 152
178 129
178 70
178 106
178 9
178 93
178 196
178 89
178 58
178 170
178 117
178 25
178 110
178 121
178 183
178 200
178 42
178 74
178 67
179 183
179 112
179 63
179 27
179 45
179 51
179 121
179 193
179 157
179 24
179 190
179 122
179 165
179 88
179 62
179 75
179 129
179 37
179 182
179 78
179 97
179 194
179 124
179 4
179 93
179 71
179 116
179 125
179 29
179 44
179 90
179 15
179 192
179 187
179 159
179 148
179 59
179 25
179 40
179 117
179 10
179 31
179 64
180 76
180 174
180 151
180 71
180 51
180 191
180 57
180 120
180 130
180 115
180 98
180 150
180 86
180 165
180 95
180 169
180 131
180 162
180 61
180 159
180 14
180 24
180 179
180 53
180 148
180 92
180 79
180 157
180 7
180 116
180 33
180 4
180 170
180 55
180 87
180 152
180 110
180 80
180 46
180 194
180 20
181 153
181 163
181 8
181 103
181 70
181 179
181 164
181 194
181 46
181 196
181 114
181 3
181 192
181 2
181 24
181 148
181 112
181 64
181 17
181 183
181 199
181 133
181 69
181 77
181 146
181 26
181 84
181 22
181 168
181 34
181 143
181 101
181 122
181 79
181 49
181 53
181 93
181 11
181 83
181 30
181 48
181 116
182 185
182 38
182 100
182 109
182 140
182 9
182 184
182 178
182 129
182 80
182 21
182 81
182 200
182 111
182 196
182 115
182 30
182 11
182 96
182 183
182 92
182 75
182 180
182 189
182 82
182 95
182 181
182 173
182 151
182 40
182 106
182 149
182 116
182 89
182 48
182 53
182 123
182 62
182 8
182 124
182 23
182 22
182 171
182 57
183 38
183 157
183 19
183 153
183 16
183 21
183 72
183 9
183 66
183 12
183 8
183 184
183 166
183 40
183 151
183 133
183 73
183 139
183 75
183 198
183 91
183 95
183 195
183 70
183 39
183 74
183 140
183 122
183 152
183 121
183 99
183 138
183 88
183 124
183 108
183 148
183 162
183 173
183 142
184 151
184 192
184 70
184 168
184 1
184 152
184 44
184 100
184 15
184 136
184 186
184 131
184 92
184 101
184 119
184 144
184 33
184 29
184 121
184 134
184 42
184 81
184 28
184 138
184 20
184 108
184 52
184 161
184 112
184 171
184 30
184 165
184 24
184 178
184 146
184 105
184 198
184 4
184 96
184 196
184 39
184 51
184 200
184 19
184 89
184 65
184 139
185 71
185 82
185 83
185 178
185 118
185 198
185 143
185 97
185 171
185 47
185 68
185 32
185 110
185 30
185 175
185 92
185 93
185 195
185 104
185 73
185 35
185 115
185 44
185 161
185 48
185 45
185 63
185 176
185 43
185 69
185 156
185 113
185 196
185 160
185 183
186 42
186 11
186 32
186 168
186 148
186 111
186 181
186 26
186 144
186 179
186 88
186 87
186 112
186 147
186 25
186 157
186 67
186 191
186 74
186 9
186 138
186 119
186 5
186 93
186 72
186 100
186 120
186 23
186 24
186 61
186 188
186 182
186 104
186 113
187 85
187 19
187 45
187 172
187 138
187 78
187 141
187 177
187 22
187 143
187 182
187 61
187 105
187 130
187 176
187 150
187 115
187 6
187 90
187 184
187 195
187 116
187 149
187 167
187 25
187 30
187 24
187 65
187 117
187 12
187 133
187 77
187 70
187 2
187 49
187 100
187 165
187 50
187 166
187 92
187 110
187 29
188 69
188 81
188 57
188 128
188 78
188 91
188 145
188 19
188 120
188 59
188 103
188 138
188 66
188 80
188 1
188 86
188 28
188 51
188 191
188 153
188 84
188 39
188 200
188 174
188 184
188 94
188 158
188 107
188 140
188 116
188 185
188 17
188 92
188 41
188 134
189 177
189 165
189 107
189 195
189 45
189 95
189 171
189 29
189 123
189 98
189 42
189 158
189 108
189 121
189 115
189 147
189 34
189 131
189 57
189 124
189 85
189 70
189 181
189 76
189 32
189 79
189 116
189 52
189 91
189 37
189 155
189 174
189 161
189 43
189 106
189 50
189 198
189 23
189 109
189 83
189 183
189 166
189 56
190 27
190 144
190 106
190 107
190 147
190 81
190 44
190 24
190 11
190 188
190 39
190 194
190 198
190 96
190 57
190 91
190 113
190 101
190 151
190 36
190 140
190 126
190 32
190 124
190 139
190 170
190 100
190 191
190 49
190 13
190 136
190 105
190 199
190 5
190 115
190 97
190 67
190 84
190 117
190 138
191 149
191 88
191 100
191 84
191 124
191 96
191 69
191 30
191 47
191 24
191 78
191 158
191 61
191 139
191 108
191 130
191 44
191 151
191 129
191 26
191 115
191 68
191 111
191 198
191 13
191 40
191 41
191 185
191 167
191 126
191 159
191 187
191 62
192 138
192 72
192 163
192 115
192 9
192 200
192 134
192 129
192 183
192 186
192 187
192 91
192 126
192 167
192 83
192 108
192 51
192 191
192 30
192 197
192 14
192 158
192 109
192 123
192 99
192 162
192 106
192 18
192 69
192 105
192 147
192 17
192 94
192 118
192 56
192 154
192 165
192 100
192 88
192 122
192 62
192 180
192 199
192 38
192 144
192 116
193 130
193 83
193 45
193 92
193 32
193 144
193 37
193 50
193 146
193 13
193 108
193 137
193 28
193 120
193 88
193 9
193 117
193 66
193 178
193 181
193 48
193 176
193 164
193 56
193 196
193 39
193 149
193 200
193 10
193 86
193 4
193 185
193 91
193 61
193 19
193 156
193 142
193 68
193 182
193 78
193 187
194 67
194 105
194 85
194 51
194 160
194 60
194 186
194 155
194 110
194 14
194 200
194 57
194 165
194 193
194 130
194 154
194 150
194 38
194 24
194 184
194 166
194 108
194 45
194 82
194 195
194 61
194 16
194 169
194 99
194 161
194 1
194 25
194 187
194 115
194 173
194 197
194 147
194 49
194 2
194 48
194 26
194 98
195 20
195 73
195 86
195 79
195 22
195 112
195 110
195 95
195 5
195 198
195 113
195 78
195 100
195 137
195 40
195 135
195 42
195 108
195 63
195 97
195 171
195 106
195 91
195 90
195 38
195 81
195 31
195 29
195 193
195 180
195 96
195 192
195 48
195 47
195 136
195 70
195 178
195 26
195 46
195 144
195 143
195 161
196 28
196 96
196 41
196 76
196 6
196 114
196 113
196 128
196 150
196 11
196 186
196 75
196 139
196 124
196 86
196 199
196 24
196 35
196 7
196 136
196 174
196 179
196 73
196 94
196 187
196 5
196 67
196 183
196 50
196 54
196 91
196 25
196 140
196 130
196 157
196 20
196 52
196 13
197 174
197 165
197 162
197 82
197 115
197 6
197 191
197 195
197 153
197 126
197 159
197 128
197 151
197 105
197 138
197 163
197 50
197 39
197 147
197 79
197 90
197 69
197 139
197 190
197 185
197 75
197 19
197 16
197 63
197 123
197 196
197 34
197 119
197 102
197 43
197 134
197 135
197 1
198 48
198 33
198 61
198 80
198 131
198 78
198 181
198 4
198 178
198 119
198 125
198 193
198 141
198 84
198 45
198 121
198 57
198 179
198 117
198 14
198 169
198 13
198 101
198 50
198 63
198 85
198 1
198 77
198 200
198 154
198 88
198 5
198 199
198 180
198 128
198 104
199 170
199 90
199 35
199 100
199 185
199 5
199 66
199 191
199 57
199 28
199 134
199 186
199 10
199 151
199 179
199 137
199 103
199 152
199 180
199 40
199 110
199 24
199 96
199 145
199 133
199 15
199 71
199 158
199 113
199 189
199 48
199 131
199 115
199 141
199 93
200 45
200 26
200 16
200 88
200 157
200 142
200 156
200 175
200 117
200 5
200 54
200 165
200 43
200 1
200 76
200 77
200 83
200 75
200 55
200 66
200 78
200 125
200 154
200 96
200 41
200 27
200 116
200 53
200 63
200 95
200 57
200 80
200 110
200 170
200 47
200 7
200 50
200 38
200 179
200 195
200 6
200 159
200 180
