200 3980
1 89
1 39
1 47
1 75
1 189
1 59
1 32
1 95
1 102
1 27
1 143
1 90
1 131
1 110
1 21
1 40
1 38
1 56
1 187
1 139
1 184
2 191
2 109
2 101
2 41
2 36
2 8
2 1
2 54
2 168
2 75
2 185
2 39
2 196
2 151
2 79
2 115
2 7
2 82
3 197
3 17
3 14
3 194
3 192
3 11
3 57
3 36
3 42
3 53
3 195
3 71
3 135
3 47
3 18
3 80
3 187
3 51
4 124
4 60
4 71
4 156
4 37
4 84
4 163
4 55
4 2
4 118
4 20
4 130
4 162
4 72
4 157
4 88
4 106
4 91
4 110
4 94
4 112
4 77
4 121
4 11
4 32
5 116
5 68
5 137
5 50
5 166
5 156
5 123
5 189
5 79
5 35
5 195
5 120
5 107
5 108
5 145
5 4
5 78
5 95
5 119
5 146
5 165
6 166
6 189
6 126
6 83
6 7
6 128
6 186
6 52
6 141
6 79
6 120
6 27
6 158
6 74
6 25
6 47
6 137
6 156
6 70
6 55
7 126
7 10
7 20
7 137
7 188
7 30
7 107
7 153
7 184
7 88
7 124
7 66
7 141
7 97
7 43
7 180
7 44
7 74
7 177
7 4
8 11
8 161
8 184
8 178
8 175
8 14
8 83
8 77
8 21
8 107
8 75
8 57
8 92
8 129
8 58
8 23
8 171
8 100
9 184
9 148
9 15
9 46
9 27
9 152
9 89
9 103
9 47
9 97
9 94
9 42
9 157
9 8
9 17
9 45
9 164
9 190
9 35
9 166
9 90
10 75
10 139
10 28
10 176
10 103
10 9
10 184
10 143
10 173
10 102
10 41
10 125
10 196
10 21
10 158
10 74
10 62
10 199
10 12
10 15
10 194
10 140
11 151
11 57
11 65
11 9
11 28
11 116
11 175
11 192
11 160
11 113
11 55
11 33
11 89
11 7
11 128
12 158
12 126
12 102
12 28
12 80
12 175
12 152
12 3
12 91
12 143
12 39
12 78
12 75
12 109
12 17
12 23
12 172
12 187
12 70
12 48
12 1
13 83
13 163
13 130
13 170
13 16
13 10
13 9
13 14
13 180
13 117
14 59
14 92
14 50
14 108
14 149
14 132
14 2
14 143
14 11
14 4
14 117
14 94
14 20
14 194
14 172
14 68
14 125
14 196
14 60
15 80
15 154
15 89
15 184
15 127
15 63
15 23
15 161
15 97
15 59
15 179
15 29
15 168
15 200
15 120
15 162
15 50
15 17
16 190
16 32
16 136
16 134
16 129
16 155
16 98
16 22
16 74
16 200
16 186
16 68
16 197
16 176
16 150
16 27
16 170
17 150
17 188
17 72
17 168
17 68
17 189
17 125
17 187
17 116
17 159
17 177
17 57
17 43
17 167
17 184
17 122
17 8
17 196
17 111
18 14
18 140
18 77
18 56
18 159
18 122
18 117
18 164
18 193
18 15
18 109
18 141
18 152
18 135
18 103
18 177
18 35
18 130
18 149
19 130
19 192
19 97
19 44
19 109
19 135
19 79
19 148
19 15
19 31
19 140
19 93
19 149
19 166
19 82
19 133
19 39
19 114
19 127
20 112
20 22
20 35
20 53
20 89
20 6
20 181
20 73
20 50
20 102
20 161
20 54
20 156
20 172
20 165
20 52
20 90
20 111
20 81
20 186
20 44
21 50
21 163
21 128
21 157
21 131
21 30
21 154
21 113
21 181
21 60
21 23
21 178
21 104
21 82
21 120
21 57
21 194
21 139
21 138
21 122
22 169
22 168
22 139
22 97
22 71
22 186
22 10
22 45
22 53
22 92
22 128
22 189
22 94
22 96
22 18
22 148
22 171
22 134
22 91
22 46
23 143
23 197
23 150
23 90
23 177
23 132
23 30
23 133
23 19
23 51
23 113
23 56
23 123
23 196
23 114
23 187
23 184
23 59
23 2
24 47
24 157
24 161
24 136
24 30
24 41
24 26
24 182
24 28
24 134
24 174
24 7
24 31
24 109
24 76
24 99
24 129
24 3
24 123
24 108
25 141
25 2
25 76
25 178
25 91
25 10
25 185
25 47
25 188
25 151
25 145
25 108
25 118
25 171
25 72
25 88
25 21
25 191
25 192
25 130
25 3
25 200
25 81
26 193
26 127
26 72
26 192
26 15
26 114
26 106
26 154
26 56
26 7
26 58
26 143
26 189
26 187
26 53
27 99
27 117
27 124
27 107
27 127
27 159
27 32
27 7
27 147
27 2
27 69
27 67
27 174
27 90
27 160
27 100
27 176
27 142
27 101
27 63
27 56
27 42
27 167
28 51
28 54
28 141
28 151
28 194
28 157
28 109
28 129
28 18
28 152
28 190
28 121
28 108
28 20
28 198
28 192
28 136
28 162
28 104
28 65
28 103
28 41
28 90
28 84
28 106
29 154
29 100
29 143
29 90
29 187
29 77
29 191
29 40
29 42
29 134
29 76
30 29
30 43
30 6
30 62
30 182
30 172
30 169
30 131
30 83
30 20
30 82
30 171
30 5
30 8
30 11
30 198
30 74
30 141
30 3
30 196
30 56
30 59
30 25
31 90
31 16
31 124
31 5
31 181
31 199
31 170
31 84
31 25
31 182
31 74
31 128
31 187
31 197
31 87
31 42
31 70
31 97
32 87
32 102
32 40
32 186
32 134
32 173
32 171
32 57
32 124
32 138
32 121
32 155
32 144
32 152
32 67
32 60
32 28
32 97
33 139
33 99
33 21
33 38
33 79
33 88
33 67
33 141
33 121
33 120
33 37
33 151
33 48
33 73
33 30
33 9
33 198
33 190
33 108
33 122
34 35
34 182
34 184
34 93
34 71
34 65
34 188
34 69
34 30
34 181
34 146
34 23
34 20
34 107
34 144
34 94
34 169
34 91
34 118
34 162
35 53
35 164
35 49
35 162
35 101
35 134
35 99
35 176
35 132
35 61
35 187
35 140
35 77
35 67
35 74
35 3
35 118
35 105
35 127
36 156
36 51
36 53
36 46
36 80
36 5
36 146
36 93
36 165
36 121
36 145
36 175
36 200
36 182
36 25
36 4
36 163
36 111
36 13
36 195
36 149
36 138
36 92
37 165
37 152
37 139
37 3
37 177
37 110
37 191
37 114
37 89
37 32
37 176
37 171
37 10
37 15
37 119
37 117
37 148
37 69
37 187
37 6
37 66
38 167
38 98
38 165
38 112
38 60
38 142
38 76
38 93
38 141
38 117
38 100
38 154
38 107
38 121
38 139
38 21
38 198
38 12
38 66
39 37
39 164
39 175
39 75
39 49
39 122
39 16
39 83
39 166
39 32
39 174
39 159
39 43
39 141
39 142
39 196
39 6
39 35
39 179
40 129
40 109
40 153
40 68
40 27
40 35
40 149
40 181
40 31
40 166
40 148
40 158
40 16
40 54
40 11
40 52
40 107
40 4
40 105
40 19
40 145
41 15
41 106
41 173
41 180
41 138
41 68
41 110
41 80
41 58
41 179
41 8
41 62
41 99
41 69
41 200
41 57
41 88
41 135
42 102
42 36
42 45
42 100
42 75
42 7
42 154
42 56
42 35
42 199
42 115
42 152
42 147
42 191
42 175
42 162
42 88
42 160
42 153
42 173
42 97
42 70
42 33
42 125
42 128
42 172
43 196
43 181
43 41
43 34
43 110
43 178
43 77
43 112
43 180
43 61
43 124
43 94
43 190
43 148
43 71
43 134
43 26
43 200
43 150
43 179
43 1
43 53
44 160
44 198
44 124
44 142
44 179
44 150
44 55
44 73
44 1
44 195
44 156
44 40
44 111
44 23
44 60
44 145
44 143
44 86
44 163
45 176
45 28
45 54
45 123
45 98
45 154
45 82
45 150
45 116
45 147
45 36
45 13
46 148
46 28
46 171
46 47
46 38
46 78
46 2
46 103
46 149
46 142
46 184
46 52
46 170
46 67
46 121
46 68
47 120
47 60
47 119
47 144
47 10
47 169
47 72
47 38
47 99
47 57
47 126
47 58
47 128
47 112
47 89
47 39
47 80
48 13
48 119
48 67
48 160
48 127
48 81
48 113
48 140
48 97
48 72
48 172
48 51
48 36
48 71
48 173
48 5
48 142
49 55
49 78
49 108
49 159
49 89
49 154
49 116
49 30
49 14
49 63
49 56
49 8
49 125
49 52
49 77
49 152
49 174
49 153
49 195
50 66
50 138
50 188
50 124
50 184
50 197
50 54
50 167
50 126
50 52
50 182
50 179
50 195
50 10
50 187
51 12
51 109
51 42
51 194
51 16
51 188
51 86
51 198
51 22
51 11
51 21
51 139
51 187
51 50
51 89
51 137
51 189
51 107
51 87
51 152
52 172
52 70
52 123
52 75
52 110
52 170
52 8
52 153
52 4
52 132
52 60
52 25
52 157
52 115
52 57
52 22
52 101
52 160
52 27
52 105
52 35
53 195
53 7
53 89
53 144
53 170
53 152
53 51
53 79
53 197
53 120
53 196
53 47
53 160
53 25
53 16
53 44
53 72
53 131
53 56
53 184
53 8
53 71
53 189
53 84
53 21
53 97
53 61
54 188
54 150
54 15
54 42
54 130
54 167
54 79
54 107
54 192
54 139
54 184
54 151
54 117
54 60
54 160
54 142
54 127
54 53
55 61
55 43
55 135
55 57
55 7
55 89
55 91
55 151
55 92
55 100
55 167
55 21
55 123
55 140
55 80
55 62
55 78
55 189
56 63
56 107
56 113
56 165
56 22
56 82
56 80
56 127
56 121
56 123
56 152
56 177
56 101
56 162
56 131
56 106
56 99
56 194
56 135
56 128
56 189
56 3
56 196
56 116
56 59
56 151
56 164
56 96
56 198
57 64
57 138
57 172
57 18
57 197
57 192
57 153
57 132
57 155
57 130
57 46
57 177
57 88
57 114
57 65
57 9
57 74
57 188
57 87
57 82
57 1
57 148
57 28
57 97
57 104
58 70
58 67
58 105
58 94
58 33
58 176
58 198
58 162
58 6
58 62
58 175
58 92
58 143
59 137
59 39
59 149
59 64
59 147
59 99
59 44
59 122
59 26
59 50
59 33
59 38
59 151
59 177
59 86
59 102
59 5
59 197
59 178
59 188
59 97
59 76
59 181
59 170
59 159
59 192
59 55
60 98
60 1
60 158
60 33
60 12
60 146
60 194
60 87
60 132
60 20
60 55
60 141
60 110
60 53
60 40
60 48
60 108
60 145
60 197
60 69
61 96
61 91
61 103
61 193
61 141
61 72
61 181
61 160
61 83
61 154
61 56
61 130
61 14
61 125
61 88
61 75
61 26
62 25
62 197
62 93
62 194
62 167
62 34
62 191
62 102
62 104
62 28
62 168
62 37
62 8
62 91
62 190
62 140
62 162
63 133
63 200
63 1
63 85
63 74
63 181
63 26
63 70
63 82
63 198
63 153
63 40
63 194
63 84
63 10
63 33
63 44
63 165
63 38
63 109
63 199
63 43
63 16
63 62
63 144
63 22
63 132
63 35
64 104
64 93
64 108
64 34
64 26
64 198
64 151
64 51
64 103
64 80
64 176
64 56
64 117
64 101
64 171
65 27
65 165
65 183
65 116
65 155
65 14
65 101
65 64
65 24
65 39
65 133
65 3
65 110
65 186
65 98
65 22
65 79
65 80
66 144
66 150
66 92
66 12
66 9
66 192
66 146
66 49
66 116
66 6
66 167
66 151
66 129
66 173
67 6
67 21
67 159
67 62
67 118
67 149
67 78
67 70
67 198
67 139
67 111
67 144
67 14
67 39
67 171
67 178
68 182
68 196
68 198
68 163
68 3
68 33
68 86
68 111
68 67
68 53
68 200
68 25
68 13
68 23
68 59
68 90
68 160
68 197
68 82
68 153
69 115
69 29
69 172
69 19
69 126
69 62
69 59
69 194
69 108
69 106
69 86
69 132
69 72
69 53
69 182
69 186
69 66
69 162
69 18
69 138
69 14
70 18
70 186
70 153
70 196
70 101
70 54
70 50
70 142
70 189
70 37
70 88
70 154
70 68
70 120
70 176
70 199
70 81
70 161
70 129
70 27
70 4
70 35
70 10
71 149
71 8
71 157
71 173
71 46
71 197
71 130
71 14
71 1
71 121
71 126
71 17
71 30
71 85
71 194
71 54
71 100
71 159
72 49
72 97
72 77
72 99
72 137
72 179
72 21
72 165
72 6
72 150
72 142
72 110
72 134
72 52
72 73
72 170
72 183
72 166
72 181
73 86
73 10
73 49
73 92
73 166
73 52
73 111
73 182
73 4
73 25
73 55
73 104
73 114
74 134
74 184
74 164
74 156
74 13
74 145
74 143
74 59
74 17
74 99
74 161
74 52
74 130
74 179
74 109
74 114
74 28
74 175
74 2
75 108
75 59
75 27
75 63
75 99
75 182
75 176
75 5
75 196
75 155
75 154
75 56
75 30
75 107
75 48
75 62
75 89
75 93
75 166
75 18
76 152
76 166
76 150
76 95
76 47
76 22
76 56
76 64
76 10
76 145
76 127
76 148
76 126
76 89
76 143
76 133
77 123
77 62
77 57
77 162
77 126
77 30
77 168
77 17
77 65
77 161
77 50
77 160
77 28
77 97
77 80
77 91
77 139
77 181
77 53
77 24
77 153
77 36
77 188
77 173
77 122
77 105
78 181
78 143
78 146
78 14
78 34
78 91
78 158
78 72
78 11
78 126
78 144
78 192
78 27
78 140
78 133
78 57
78 185
78 115
78 21
78 114
78 60
79 92
79 180
79 26
79 153
79 107
79 50
79 182
79 134
79 77
79 145
79 42
79 177
79 34
79 44
79 68
79 147
79 125
79 169
79 123
79 166
79 161
80 121
80 39
80 31
80 197
80 66
80 87
80 18
80 152
80 81
80 156
80 24
80 112
80 196
80 20
80 28
80 42
80 150
80 30
80 149
80 5
80 199
80 6
80 137
80 25
81 45
81 91
81 44
81 167
81 77
81 165
81 14
81 99
81 76
81 1
81 30
82 186
82 12
82 5
82 159
82 144
82 93
82 160
82 139
82 1
82 7
82 24
82 173
82 25
82 156
82 193
82 180
82 53
82 14
82 118
82 23
82 129
83 5
83 109
83 20
83 155
83 86
83 25
83 65
83 23
83 52
83 37
83 60
83 134
83 4
83 26
83 17
83 41
83 7
84 44
84 77
84 83
84 121
84 109
84 189
84 168
84 136
84 185
84 90
84 192
84 174
84 98
84 113
84 91
84 43
85 153
85 89
85 39
85 180
85 62
85 115
85 155
85 15
85 40
85 3
85 178
85 116
86 54
86 84
86 164
86 151
86 17
86 146
86 41
86 100
86 25
86 117
86 21
86 148
86 64
86 153
87 117
87 90
87 120
87 172
87 132
87 139
87 36
87 130
87 185
87 9
87 186
87 182
87 24
87 52
87 164
87 170
87 191
88 62
88 111
88 58
88 99
88 187
88 124
88 53
88 31
88 40
88 6
88 19
88 170
88 108
88 83
88 11
89 17
89 54
89 101
89 161
89 164
89 35
89 36
89 102
89 10
89 180
89 44
89 119
89 24
89 33
89 64
89 154
89 4
89 127
89 40
89 7
89 43
89 149
89 184
89 106
89 16
89 3
89 84
89 29
89 66
89 58
89 172
90 138
90 96
90 161
90 6
90 15
90 176
90 19
90 157
90 196
90 80
90 53
90 184
90 122
90 22
90 32
90 162
90 101
91 155
91 56
91 136
91 168
91 173
91 197
91 161
91 83
91 99
91 109
91 113
91 8
91 135
91 198
91 151
91 51
91 75
91 134
91 192
91 63
91 28
91 98
92 114
92 137
92 151
92 156
92 78
92 44
92 105
92 183
92 87
92 19
92 116
92 167
92 54
92 175
92 95
92 74
92 184
92 159
92 131
92 56
92 147
92 168
92 46
92 49
92 142
92 196
93 159
93 96
93 187
93 139
93 67
93 180
93 78
93 56
93 102
93 182
93 45
93 130
93 60
93 23
93 18
93 162
93 178
93 171
94 84
94 112
94 193
94 181
94 44
94 189
94 66
94 41
94 102
94 116
94 161
94 79
94 98
94 144
94 89
95 168
95 155
95 166
95 180
95 99
95 190
95 141
95 25
95 86
95 71
95 98
95 103
95 36
95 80
96 164
96 87
96 64
96 171
96 76
96 58
96 11
96 43
96 190
96 77
96 84
96 42
96 1
96 52
96 152
96 30
96 48
96 41
96 71
97 93
97 115
97 105
97 61
97 181
97 44
97 91
97 127
97 140
97 193
97 85
97 169
97 75
97 89
97 68
97 158
97 107
97 4
97 171
97 135
98 9
98 189
98 46
98 127
98 104
98 105
98 51
98 92
98 109
98 196
98 70
98 18
98 34
98 28
98 4
98 89
98 5
98 59
98 158
98 73
99 142
99 8
99 83
99 60
99 189
99 170
99 120
99 52
99 26
99 118
99 69
99 97
99 133
99 167
99 7
99 115
99 92
99 28
99 198
99 144
99 76
99 102
99 10
99 70
99 79
99 173
99 49
100 136
100 179
100 93
100 133
100 143
100 63
100 131
100 54
100 69
100 151
100 196
100 57
100 122
100 113
100 44
100 158
100 53
100 181
100 167
101 198
101 20
101 193
101 189
101 172
101 168
101 171
101 182
101 92
101 167
101 154
101 185
101 117
101 180
101 24
101 16
101 49
101 130
101 195
101 9
102 109
102 16
102 171
102 60
102 116
102 53
102 131
102 172
102 82
102 29
102 30
102 127
102 63
102 142
102 154
102 134
102 36
102 31
102 74
102 41
102 135
103 68
103 183
103 97
103 73
103 138
103 23
103 131
103 136
103 71
103 70
103 89
103 133
103 172
103 69
103 63
103 101
103 108
103 4
103 25
103 196
103 74
104 82
104 187
104 138
104 77
104 8
104 100
104 160
104 42
104 176
104 195
104 79
104 171
104 191
104 146
104 198
104 196
104 67
104 111
105 171
105 95
105 22
105 45
105 96
105 110
105 23
105 78
105 136
105 1
105 49
105 178
105 128
105 139
105 63
106 128
106 43
106 92
106 141
106 163
106 168
106 125
106 167
106 131
106 184
106 149
106 8
106 103
106 176
106 38
106 96
106 33
106 133
107 65
107 91
107 193
107 52
107 179
107 152
107 55
107 33
107 100
107 150
107 116
107 167
107 24
107 41
107 181
107 12
107 85
107 128
107 161
107 42
107 184
108 81
108 39
108 59
108 158
108 27
108 138
108 193
108 80
108 188
108 137
108 99
108 110
108 189
108 53
108 194
108 116
108 56
108 32
108 37
108 170
108 61
108 172
109 180
109 27
109 175
109 195
109 25
109 99
109 129
109 115
109 154
109 11
109 90
109 157
109 31
109 54
109 71
109 166
109 103
109 187
109 145
109 101
109 38
109 116
109 10
110 2
110 197
110 89
110 142
110 92
110 61
110 6
110 70
110 57
110 10
110 164
110 77
110 106
110 147
110 146
110 169
110 170
110 96
110 158
111 40
111 126
111 143
111 114
111 71
111 12
111 70
111 116
111 117
111 66
111 92
111 127
111 190
111 61
111 113
111 142
111 79
111 188
111 32
111 42
111 187
111 15
111 57
112 72
112 55
112 146
112 193
112 125
112 144
112 37
112 28
112 117
112 149
112 123
112 191
112 178
112 36
112 194
112 150
112 5
112 107
112 82
112 26
113 200
113 157
113 112
113 7
113 55
113 3
113 8
113 33
113 15
113 20
113 38
113 44
113 172
113 62
113 191
113 22
113 130
114 28
114 69
114 80
114 88
114 145
114 99
114 188
114 59
114 185
114 25
114 48
114 100
114 27
114 129
114 68
114 76
114 155
114 18
114 42
114 159
114 55
114 98
115 32
115 72
115 16
115 19
115 145
115 89
115 47
115 54
115 9
115 39
115 12
115 169
115 84
115 74
115 141
115 130
115 56
115 122
115 126
116 105
116 199
116 169
116 77
116 89
116 174
116 73
116 96
116 151
116 134
116 31
116 22
116 128
116 68
116 34
116 40
116 54
116 14
116 121
116 103
116 69
116 74
116 115
116 133
117 113
117 109
117 43
117 172
117 99
117 46
117 49
117 148
117 119
117 180
117 135
117 171
117 122
117 63
117 59
117 138
117 76
117 143
117 176
117 192
118 192
118 47
118 48
118 31
118 151
118 189
118 198
118 171
118 178
118 89
118 68
118 169
118 190
118 70
118 112
118 24
119 34
119 46
119 188
119 170
119 76
119 115
119 111
119 91
119 178
119 120
119 30
119 98
119 152
120 71
120 194
120 43
120 139
120 162
120 92
120 64
120 130
120 56
120 108
120 59
120 30
120 184
120 143
120 159
120 193
120 58
120 37
120 38
120 123
121 48
121 74
121 95
121 193
121 132
121 39
121 171
121 109
121 87
121 106
121 170
121 19
121 173
121 17
121 124
121 117
121 15
121 70
121 22
122 22
122 116
122 85
122 178
122 163
122 32
122 145
122 99
122 184
122 27
122 147
122 143
122 61
122 43
122 83
122 19
122 52
122 49
122 168
122 78
122 42
122 53
123 178
123 138
123 107
123 158
123 153
123 134
123 36
123 111
123 80
123 46
123 172
123 8
123 15
123 126
123 65
123 118
123 119
124 30
124 75
124 97
124 80
124 77
124 78
124 122
124 96
124 82
124 84
124 57
124 39
124 187
124 38
124 140
124 163
124 105
124 79
125 101
125 65
125 20
125 38
125 164
125 43
125 121
125 145
125 180
125 185
125 35
125 66
125 51
125 143
125 2
125 67
125 114
125 56
126 16
126 82
126 167
126 164
126 176
126 90
126 45
126 114
126 137
126 124
126 25
126 129
126 199
126 1
126 42
126 186
126 198
126 195
126 55
126 2
127 140
127 64
127 9
127 168
127 196
127 21
127 183
127 16
127 42
127 162
127 189
127 173
127 1
127 123
127 118
127 106
127 169
127 80
127 100
127 24
127 23
127 79
127 40
127 72
127 52
128 78
128 33
128 140
128 162
128 195
128 37
128 193
128 16
128 57
128 40
128 53
128 198
128 38
128 23
128 20
128 158
128 131
128 124
128 88
129 43
129 103
129 181
129 115
129 152
129 12
129 165
129 71
129 98
129 106
129 156
129 168
129 69
129 189
129 6
129 130
129 38
129 68
129 143
130 185
130 43
130 179
130 70
130 147
130 51
130 196
130 60
130 142
130 38
130 47
130 89
130 63
130 122
130 157
130 103
130 189
130 175
130 24
130 114
130 36
130 195
130 5
131 10
131 9
131 152
131 93
131 194
131 188
131 140
131 34
131 110
131 64
131 126
131 169
131 156
131 104
131 67
131 17
131 42
132 39
132 89
132 65
132 92
132 32
132 56
132 190
132 174
132 107
132 27
132 158
132 93
132 5
132 82
132 46
132 2
132 171
133 38
133 59
133 42
133 35
133 177
133 34
133 10
133 52
133 198
133 86
133 141
133 134
133 88
133 81
133 85
133 28
133 185
134 97
134 87
134 39
134 140
134 174
134 40
134 176
134 34
134 56
134 136
134 94
134 120
134 200
134 17
134 15
134 61
134 111
134 63
134 149
134 4
134 199
134 171
134 59
134 113
135 1
135 95
135 49
135 165
135 69
135 194
135 14
135 61
135 54
135 119
135 10
135 104
135 26
135 180
135 22
135 30
135 136
135 96
135 57
136 131
136 156
136 31
136 153
136 164
136 89
136 124
136 79
136 30
136 72
136 115
136 175
136 110
136 80
136 199
136 186
136 85
136 68
136 50
137 183
137 104
137 106
137 107
137 82
137 27
137 165
137 173
137 181
137 78
137 75
137 120
137 4
137 186
137 48
137 185
137 66
137 65
137 161
137 200
138 145
138 188
138 77
138 98
138 91
138 5
138 182
138 2
138 151
138 157
138 94
138 1
138 106
138 89
138 39
138 101
138 17
138 37
138 180
138 130
139 103
139 8
139 78
139 7
139 153
139 126
139 197
139 100
139 56
139 129
139 112
139 183
139 102
139 109
139 158
139 122
139 174
139 186
139 106
139 148
139 81
139 52
140 122
140 57
140 32
140 163
140 86
140 77
140 170
140 90
140 196
140 92
140 81
140 114
140 12
140 174
140 177
140 9
140 113
140 73
140 70
140 42
141 173
141 10
141 150
141 74
141 153
141 135
141 191
141 72
141 68
141 195
141 59
141 42
141 83
141 138
141 24
141 98
141 78
141 80
141 50
141 199
141 128
141 155
142 19
142 176
142 192
142 15
142 41
142 151
142 63
142 174
142 178
142 57
142 166
142 136
142 159
142 40
142 2
142 134
142 114
142 58
142 186
142 154
142 96
143 135
143 49
143 196
143 69
143 108
143 77
143 104
143 3
143 25
143 82
143 31
143 115
143 53
143 167
143 90
143 37
143 83
143 61
143 7
143 89
143 59
143 101
143 141
143 175
144 79
144 118
144 188
144 197
144 45
144 29
144 158
144 196
144 37
144 131
144 64
144 164
144 46
144 60
144 199
144 27
144 49
144 142
145 106
145 23
145 179
145 196
145 85
145 18
145 92
145 17
145 20
145 6
145 102
145 86
145 186
145 12
145 100
145 194
145 59
145 144
145 198
146 125
146 139
146 147
146 94
146 4
146 134
146 93
146 95
146 127
146 194
146 193
146 141
146 16
146 7
146 163
146 136
146 26
146 21
146 48
146 170
147 31
147 188
147 133
147 40
147 71
147 159
147 171
147 126
147 141
147 72
147 139
147 99
147 137
148 60
148 176
148 101
148 35
148 137
148 127
148 54
148 134
148 92
148 187
148 7
148 157
148 44
148 39
148 67
148 133
148 108
148 114
148 78
148 65
148 21
149 177
149 70
149 176
149 135
149 25
149 117
149 33
149 114
149 63
149 171
149 121
149 127
149 72
149 51
149 150
149 47
149 164
149 43
149 75
149 169
150 8
150 28
150 177
150 200
150 96
150 81
150 103
150 151
150 22
150 132
150 69
150 36
150 166
150 183
150 155
150 176
150 122
150 127
150 172
150 89
151 26
151 46
151 6
151 119
151 174
151 103
151 44
151 99
151 122
151 157
151 65
151 45
151 51
151 75
151 4
151 175
151 115
151 63
151 114
151 15
151 161
151 176
151 177
151 1
151 37
151 187
152 118
152 11
152 168
152 154
152 193
152 139
152 102
152 21
152 111
152 108
152 112
152 156
152 120
152 178
152 29
152 198
152 163
152 106
152 144
152 3
152 123
153 69
153 162
153 22
153 32
153 45
153 95
153 19
153 103
153 185
153 192
153 113
153 133
153 110
153 80
153 56
153 171
153 44
153 46
153 184
154 119
154 9
154 175
154 168
154 197
154 126
154 107
154 166
154 72
154 103
154 62
154 195
154 24
154 138
154 161
154 35
154 196
154 129
154 144
155 42
155 105
155 17
155 117
155 199
155 152
155 51
155 34
155 127
155 137
155 30
155 170
155 110
155 174
155 2
155 63
155 185
155 74
155 143
156 179
156 91
156 28
156 120
156 141
156 75
156 165
156 190
156 195
156 18
156 63
156 145
156 172
156 161
156 160
156 154
156 53
156 57
156 37
156 183
156 146
157 36
157 56
157 22
157 156
157 127
157 199
157 166
157 34
157 189
157 17
157 150
157 192
157 91
157 179
157 129
157 1
157 87
157 162
157 172
157 83
157 185
157 50
157 74
158 73
158 199
158 190
158 143
158 79
158 46
158 169
158 195
158 189
158 77
158 167
158 13
158 196
158 4
158 127
158 141
158 31
158 91
159 163
159 58
159 135
159 177
159 108
159 45
159 156
159 55
159 181
159 12
159 200
159 189
159 134
159 118
159 98
159 19
159 96
160 88
160 29
160 63
160 169
160 51
160 162
160 111
160 18
160 116
160 191
160 90
160 187
160 96
160 7
160 122
160 192
160 136
161 194
161 139
161 110
161 29
161 104
161 78
161 95
161 65
161 157
161 19
161 34
161 25
161 22
161 101
161 180
161 173
161 6
161 51
161 12
161 100
161 9
161 175
161 127
161 153
162 33
162 70
162 84
162 99
162 148
162 6
162 31
162 97
162 136
162 104
162 152
162 47
162 75
162 87
162 167
162 126
162 166
162 194
162 36
162 129
162 122
162 121
162 68
162 55
162 165
163 127
163 67
163 19
163 178
163 183
163 128
163 59
163 40
163 69
163 137
163 199
163 104
163 77
163 18
163 33
163 126
163 88
163 188
163 175
163 20
164 58
164 20
164 1
164 85
164 139
164 63
164 140
164 172
164 162
164 160
164 108
164 99
164 33
164 36
164 27
164 51
164 16
164 195
165 187
165 11
165 185
165 139
165 148
165 33
165 102
165 4
165 47
165 157
165 140
165 150
165 155
165 194
165 142
165 130
165 34
166 199
166 135
166 32
166 119
166 31
166 138
166 20
166 42
166 200
166 98
166 116
166 102
166 170
166 28
166 53
166 122
166 161
166 124
166 61
166 87
167 175
167 111
167 148
167 69
167 114
167 48
167 188
167 59
167 200
167 40
167 11
167 176
167 138
167 157
167 170
167 145
167 12
167 180
167 129
167 89
167 52
167 71
168 189
168 20
168 81
168 163
168 143
168 98
168 199
168 37
168 35
168 157
168 26
168 63
168 4
168 118
168 186
168 113
168 41
168 167
168 114
168 3
168 162
168 151
169 24
169 185
169 186
169 9
169 155
169 48
169 144
169 175
169 136
169 196
169 173
169 65
169 54
169 98
169 12
169 159
169 184
169 163
169 137
169 193
170 161
170 174
170 117
170 151
170 178
170 198
170 116
170 73
170 85
170 176
170 28
170 150
170 143
170 92
170 60
170 199
170 163
170 82
170 33
170 23
170 181
170 164
170 133
170 156
171 110
171 9
171 142
171 41
171 172
171 184
171 182
171 65
171 33
171 28
171 112
171 18
171 92
171 136
171 168
171 181
171 163
171 36
171 133
171 23
171 86
171 17
171 90
171 131
171 49
171 63
171 191
171 53
172 107
172 183
172 11
172 134
172 96
172 155
172 70
172 125
172 21
172 165
172 58
172 181
172 28
172 95
172 177
172 198
172 61
172 199
172 60
172 149
172 169
172 94
172 140
172 24
173 67
173 171
173 61
173 27
173 93
173 57
173 34
173 126
173 146
173 133
173 132
173 36
173 128
173 131
173 151
173 140
173 111
173 4
173 12
173 24
173 188
174 57
174 195
174 92
174 194
174 148
174 6
174 181
174 32
174 38
174 115
174 125
174 187
174 77
174 67
174 173
174 178
174 105
175 20
175 51
175 80
175 63
175 49
175 104
175 78
175 194
175 5
175 99
175 100
175 183
175 119
175 112
175 3
175 105
175 26
175 35
175 101
175 124
175 137
175 129
176 23
176 9
176 59
176 171
176 77
176 47
176 109
176 137
176 116
176 179
176 172
176 118
176 13
176 42
176 101
176 62
176 83
176 144
176 6
176 91
176 112
176 31
176 192
176 89
176 121
177 95
177 169
177 93
177 141
177 82
177 105
177 65
177 4
177 128
177 49
177 182
177 104
177 157
177 9
177 124
177 25
177 2
177 69
177 80
177 156
177 83
178 157
178 117
178 168
178 71
178 53
178 151
178 149
178 62
178 130
178 162
178 175
178 2
178 4
178 87
178 192
178 86
178 84
178 180
178 75
178 77
178 136
178 104
179 85
179 29
179 137
179 120
179 183
179 200
179 61
179 195
179 146
179 148
179 158
179 101
179 94
179 18
179 124
179 53
179 30
179 141
179 19
179 149
180 162
180 121
180 63
180 158
180 173
180 142
180 130
180 132
180 112
180 10
180 17
180 156
180 14
180 102
180 168
180 64
180 160
180 59
180 36
180 170
180 21
181 3
181 120
181 19
181 109
181 125
181 196
181 118
181 155
181 198
181 138
181 110
181 132
181 29
181 156
181 96
181 184
181 10
181 37
181 5
181 161
181 30
181 87
181 127
182 56
182 43
182 42
182 108
182 32
182 118
182 49
182 146
182 5
182 19
182 179
182 33
182 107
182 59
182 103
182 162
182 3
182 51
183 76
183 129
183 69
183 125
183 13
183 148
183 44
183 66
183 87
183 169
183 112
183 184
183 48
183 177
184 4
184 99
184 121
184 64
184 102
184 142
184 70
184 22
184 148
184 2
184 111
184 159
184 134
184 123
184 117
184 150
184 84
184 56
184 138
184 75
184 179
184 127
184 79
184 112
184 190
184 161
185 111
185 116
185 135
185 57
185 128
185 37
185 31
185 121
185 174
185 96
185 178
185 103
185 150
185 186
185 134
185 147
185 5
185 68
185 170
186 7
186 52
186 177
186 98
186 166
186 56
186 174
186 5
186 40
186 190
186 92
186 178
186 167
186 57
186 50
186 51
186 157
186 187
186 41
186 128
186 165
186 135
186 59
187 147
187 137
187 177
187 144
187 117
187 70
187 27
187 180
187 102
187 18
187 125
187 156
187 65
187 91
187 179
187 171
187 189
187 10
187 195
187 24
187 168
187 43
187 136
187 112
188 91
188 123
188 146
188 48
188 155
188 53
188 14
188 42
188 1
188 157
188 64
188 149
188 100
188 69
188 92
188 96
188 161
188 186
188 36
188 35
188 56
188 169
188 66
189 174
189 151
189 186
189 95
189 2
189 188
189 24
189 182
189 48
189 86
189 111
189 4
189 175
189 43
189 179
189 76
189 142
189 191
189 136
189 153
189 146
189 125
189 167
189 115
189 37
189 82
189 59
190 21
190 123
190 161
190 23
190 152
190 171
190 125
190 188
190 73
190 137
190 63
190 200
190 106
190 34
190 1
191 146
191 68
191 106
191 178
191 102
191 128
191 183
191 27
191 108
191 79
191 31
191 28
191 177
191 84
191 93
191 166
192 41
192 163
192 110
192 79
192 55
192 14
192 161
192 63
192 105
192 92
192 12
192 111
192 112
192 62
192 115
192 16
192 73
192 34
192 199
192 13
192 186
193 52
193 27
193 148
193 113
193 14
193 155
193 43
193 157
193 58
193 84
193 116
193 9
193 36
193 93
193 70
193 19
193 41
193 164
193 149
194 77
194 87
194 45
194 55
194 116
194 85
194 155
194 34
194 30
194 12
194 37
194 38
194 179
194 49
194 140
194 20
194 61
194 47
194 93
194 180
194 5
194 76
194 48
194 78
194 109
195 74
195 170
195 40
195 176
195 185
195 80
195 94
195 132
195 146
195 75
195 186
195 135
195 168
195 163
195 48
195 111
195 200
195 143
195 99
195 113
195 193
196 94
196 5
196 149
196 111
196 63
196 15
196 114
196 151
196 78
196 13
196 194
196 55
196 135
196 129
196 27
196 88
196 64
196 97
196 132
196 6
196 124
196 38
196 12
196 108
196 18
196 119
196 73
196 82
196 131
196 36
197 170
197 43
197 77
197 145
197 120
197 138
197 109
197 173
197 112
197 114
197 20
197 111
197 69
197 191
197 63
197 134
197 185
197 25
197 78
198 132
198 19
198 120
198 191
198 34
198 100
198 140
198 130
198 176
198 12
198 41
198 103
198 122
198 24
198 173
198 148
198 71
198 32
198 123
198 109
198 131
198 76
198 163
198 125
198 40
199 46
199 122
199 60
199 154
199 83
199 193
199 162
199 104
199 147
199 146
199 130
199 189
199 98
199 72
199 76
199 113
199 185
199 94
199 115
199 160
199 177
200 100
200 175
200 66
200 145
200 39
200 146
200 107
200 120
200 24
200 95
200 79
200 37
200 89
200 9
200 193
200 50
200 197
200 169
