200 13931
1 79
1 120
1 54
1 98
1 65
1 52
1 84
1 138
1 30
1 56
1 127
1 180
1 165
1 136
1 159
1 61
1 144
1 188
1 64
1 81
1 73
1 171
1 82
1 143
1 181
1 137
1 106
1 157
1 172
1 195
1 34
1 190
1 20
1 31
1 11
1 176
1 70
1 123
1 36
1 111
1 151
1 160
1 194
1 19
1 67
1 91
1 197
1 113
1 47
1 199
1 27
1 77
1 13
1 133
1 12
1 3
1 6
1 60
1 21
1 139
1 18
1 17
1 185
1 132
1 104
1 129
1 94
1 191
1 186
2 97
2 184
2 31
2 102
2 40
2 155
2 42
2 172
2 174
2 83
2 95
2 105
2 190
2 181
2 171
2 101
2 4
2 100
2 74
2 136
2 159
2 79
2 146
2 137
2 118
2 13
2 86
2 14
2 98
2 88
2 169
2 144
2 148
2 176
2 80
2 186
2 112
2 133
2 93
2 84
2 121
2 125
2 72
2 30
2 85
2 182
2 94
2 33
2 27
2 107
2 23
2 24
2 48
2 28
2 29
2 73
2 163
2 52
2 142
2 65
2 9
2 89
2 129
2 197
2 64
2 91
2 135
2 50
2 32
3 47
3 37
3 187
3 4
3 191
3 20
3 133
3 42
3 195
3 141
3 24
3 114
3 70
3 54
3 30
3 88
3 48
3 6
3 34
3 131
3 99
3 87
3 140
3 121
3 31
3 149
3 167
3 188
3 116
3 89
3 128
3 58
3 10
3 134
3 111
3 179
3 69
3 143
3 196
3 84
3 153
3 98
3 104
3 194
3 59
3 138
3 75
3 144
3 170
3 41
3 66
3 176
3 12
3 45
3 175
3 122
3 90
3 169
3 132
3 49
3 200
3 16
3 9
3 40
3 183
3 80
3 139
3 76
3 172
3 86
3 2
4 78
4 96
4 110
4 113
4 142
4 106
4 18
4 134
4 187
4 115
4 33
4 120
4 23
4 148
4 175
4 191
4 16
4 118
4 86
4 136
4 84
4 173
4 105
4 32
4 138
4 178
4 1
4 14
4 151
4 140
4 200
4 116
4 65
4 143
4 27
4 127
4 20
4 144
4 99
4 117
4 49
4 163
4 167
4 63
4 71
4 9
4 131
4 125
4 197
4 13
4 109
4 22
4 69
4 85
4 152
4 130
4 95
4 159
4 68
4 164
4 38
4 34
4 45
4 83
4 108
4 50
4 11
4 12
4 165
4 150
4 124
4 139
5 81
5 101
5 195
5 73
5 24
5 196
5 3
5 78
5 32
5 175
5 146
5 182
5 136
5 187
5 105
5 117
5 2
5 98
5 149
5 50
5 161
5 12
5 134
5 151
5 72
5 166
5 156
5 52
5 65
5 190
5 152
5 79
5 185
5 34
5 112
5 94
5 126
5 160
5 179
5 41
5 71
5 14
5 45
5 163
5 135
5 139
5 38
5 69
5 92
5 174
5 183
5 95
5 137
5 153
5 85
5 54
5 110
5 88
5 124
5 144
5 108
5 173
5 6
5 66
5 197
5 89
5 171
5 162
5 46
6 188
6 93
6 118
6 73
6 142
6 200
6 141
6 87
6 19
6 2
6 192
6 130
6 13
6 38
6 17
6 49
6 177
6 42
6 83
6 135
6 194
6 64
6 28
6 168
6 199
6 79
6 80
6 159
6 100
6 29
6 150
6 70
6 65
6 171
6 154
6 52
6 50
6 12
6 103
6 167
6 75
6 140
6 112
6 109
6 121
6 178
6 62
6 95
6 166
6 120
6 41
6 57
6 86
6 137
6 155
6 11
6 191
6 74
6 113
6 107
6 8
6 55
6 51
6 147
6 187
6 129
6 119
6 184
6 132
6 144
6 156
6 85
6 182
7 58
7 97
7 183
7 186
7 141
7 120
7 117
7 71
7 37
7 162
7 81
7 52
7 150
7 200
7 122
7 1
7 35
7 127
7 15
7 176
7 187
7 123
7 87
7 128
7 113
7 47
7 11
7 164
7 190
7 22
7 156
7 16
7 178
7 93
7 43
7 153
7 66
7 163
7 6
7 51
7 89
7 102
7 157
7 68
7 116
7 40
7 191
7 185
7 91
7 70
7 80
7 114
7 199
7 64
7 173
7 96
7 5
7 74
7 88
7 151
7 179
7 166
7 118
7 106
7 174
8 31
8 99
8 21
8 174
8 196
8 53
8 166
8 64
8 39
8 186
8 83
8 132
8 104
8 72
8 25
8 74
8 192
8 68
8 137
8 175
8 17
8 191
8 190
8 4
8 120
8 145
8 197
8 41
8 102
8 193
8 51
8 10
8 81
8 119
8 85
8 136
8 3
8 100
8 49
8 71
8 180
8 184
8 171
8 127
8 141
8 16
8 1
8 40
8 173
8 7
8 18
8 124
8 176
8 134
8 14
8 54
8 29
8 111
8 96
8 65
8 199
8 194
8 142
8 164
8 146
8 162
8 122
8 44
8 35
8 112
8 9
8 200
8 26
8 110
8 5
8 140
8 79
9 29
9 28
9 106
9 199
9 153
9 182
9 159
9 139
9 35
9 110
9 193
9 152
9 181
9 70
9 99
9 200
9 19
9 85
9 80
9 66
9 174
9 12
9 151
9 82
9 47
9 160
9 194
9 34
9 131
9 63
9 6
9 38
9 156
9 26
9 175
9 37
9 184
9 31
9 88
9 140
9 64
9 30
9 196
9 189
9 115
9 146
9 143
9 41
9 45
9 150
9 104
9 77
9 27
9 78
9 13
9 69
9 105
9 101
9 10
9 172
9 127
9 61
9 21
9 48
9 165
9 1
9 79
9 23
9 147
9 75
10 127
10 143
10 161
10 123
10 152
10 156
10 182
10 140
10 184
10 170
10 16
10 107
10 6
10 189
10 158
10 169
10 198
10 112
10 105
10 117
10 196
10 97
10 24
10 144
10 88
10 104
10 70
10 142
10 5
10 85
10 31
10 40
10 42
10 175
10 36
10 128
10 183
10 163
10 154
10 52
10 17
10 115
10 153
10 55
10 137
10 120
10 84
10 62
10 95
10 108
10 32
10 11
10 66
10 90
10 192
10 2
10 93
10 13
10 172
10 44
10 72
10 18
10 100
10 69
10 39
10 151
10 4
10 133
10 79
11 49
11 197
11 81
11 196
11 110
11 14
11 179
11 134
11 30
11 34
11 183
11 96
11 125
11 143
11 117
11 182
11 194
11 71
11 159
11 38
11 198
11 88
11 39
11 127
11 130
11 44
11 98
11 102
11 154
11 15
11 87
11 167
11 170
11 79
11 185
11 177
11 78
11 147
11 176
11 9
11 55
11 121
11 174
11 69
11 17
11 40
11 178
11 80
11 42
11 131
11 106
11 200
11 132
11 58
11 128
11 104
11 199
11 118
11 19
11 59
11 2
11 114
11 145
11 32
11 163
11 173
11 158
11 112
11 24
11 35
11 5
12 46
12 180
12 74
12 153
12 41
12 33
12 37
12 63
12 191
12 147
12 53
12 45
12 92
12 165
12 117
12 170
12 199
12 34
12 2
12 36
12 167
12 140
12 27
12 135
12 22
12 76
12 163
12 148
12 154
12 32
12 176
12 118
12 88
12 183
12 151
12 103
12 96
12 113
12 58
12 23
12 164
12 7
12 84
12 185
12 16
12 101
12 196
12 8
12 187
12 15
12 67
12 11
12 56
12 120
12 177
12 82
12 141
12 30
12 145
12 152
12 80
12 26
12 99
12 112
12 29
12 116
12 79
12 121
12 51
12 47
12 10
12 86
12 61
12 126
12 81
13 182
13 99
13 129
13 92
13 164
13 122
13 95
13 176
13 188
13 156
13 134
13 84
13 12
13 86
13 110
13 147
13 54
13 170
13 78
13 181
13 148
13 75
13 55
13 125
13 65
13 179
13 7
13 81
13 68
13 5
13 167
13 29
13 50
13 135
13 41
13 53
13 100
13 105
13 119
13 157
13 165
13 40
13 107
13 117
13 137
13 106
13 194
13 145
13 196
13 149
13 80
13 97
13 114
13 16
13 143
13 56
13 22
13 146
13 118
13 158
13 15
14 161
14 184
14 52
14 87
14 51
14 65
14 152
14 15
14 42
14 79
14 199
14 57
14 131
14 175
14 132
14 168
14 123
14 90
14 125
14 166
14 172
14 149
14 95
14 10
14 81
14 18
14 26
14 88
14 143
14 45
14 159
14 43
14 190
14 148
14 140
14 3
14 188
14 41
14 118
14 129
14 137
14 128
14 54
14 23
14 64
14 135
14 91
14 27
14 180
14 165
14 155
14 196
14 96
14 141
14 24
14 200
14 126
14 12
14 46
14 136
14 9
14 6
14 100
14 124
14 25
14 85
14 169
14 98
14 55
14 107
14 1
14 122
14 75
14 112
15 38
15 118
15 46
15 149
15 110
15 31
15 155
15 66
15 50
15 29
15 162
15 152
15 99
15 47
15 82
15 48
15 198
15 145
15 93
15 86
15 160
15 40
15 5
15 176
15 104
15 2
15 133
15 142
15 68
15 148
15 8
15 72
15 44
15 113
15 102
15 24
15 135
15 9
15 25
15 159
15 150
15 181
15 131
15 103
15 147
15 163
15 96
15 42
15 117
15 156
15 183
15 139
15 188
15 32
15 116
15 175
15 169
15 122
15 185
15 55
15 54
15 120
15 151
15 63
15 182
15 177
15 4
15 187
15 128
15 167
16 194
16 44
16 38
16 90
16 163
16 6
16 64
16 63
16 126
16 69
16 112
16 96
16 185
16 14
16 131
16 106
16 51
16 113
16 17
16 162
16 49
16 83
16 11
16 109
16 199
16 92
16 55
16 182
16 46
16 193
16 192
16 30
16 37
16 164
16 150
16 122
16 183
16 54
16 31
16 48
16 105
16 108
16 99
16 190
16 68
16 161
16 135
16 200
16 155
16 144
16 196
16 175
16 129
16 171
16 184
16 165
16 77
16 76
16 27
16 65
16 23
16 174
16 177
16 187
16 88
16 62
16 66
16 145
16 116
16 98
16 5
16 86
16 28
17 9
17 45
17 28
17 18
17 73
17 71
17 36
17 91
17 111
17 200
17 155
17 4
17 43
17 29
17 189
17 30
17 173
17 175
17 193
17 47
17 61
17 109
17 89
17 167
17 144
17 138
17 169
17 35
17 132
17 92
17 39
17 131
17 74
17 105
17 140
17 192
17 108
17 171
17 146
17 49
17 181
17 100
17 72
17 88
17 2
17 12
17 32
17 197
17 147
17 160
17 166
17 168
17 64
17 172
17 22
17 119
17 157
17 156
17 187
17 152
17 84
17 50
17 79
17 70
17 106
17 194
17 14
17 5
17 95
17 85
17 177
18 86
18 12
18 161
18 107
18 167
18 158
18 186
18 136
18 63
18 182
18 42
18 165
18 92
18 104
18 73
18 159
18 192
18 93
18 24
18 6
18 102
18 46
18 56
18 191
18 137
18 109
18 110
18 124
18 30
18 108
18 190
18 83
18 153
18 135
18 171
18 57
18 97
18 130
18 3
18 146
18 177
18 26
18 2
18 128
18 5
18 45
18 111
18 91
18 38
18 82
18 52
18 157
18 168
18 179
18 16
18 58
18 138
18 23
18 196
18 114
18 62
18 51
18 9
18 22
18 59
18 35
18 43
18 53
18 187
18 19
18 152
19 13
19 55
19 122
19 24
19 4
19 3
19 140
19 32
19 179
19 170
19 77
19 160
19 16
19 8
19 149
19 111
19 43
19 71
19 94
19 68
19 20
19 191
19 181
19 148
19 69
19 38
19 126
19 176
19 56
19 119
19 161
19 33
19 62
19 169
19 124
19 135
19 10
19 66
19 116
19 59
19 196
19 22
19 134
19 100
19 174
19 14
19 165
19 27
19 180
19 21
19 185
19 137
19 133
19 136
19 107
19 108
19 92
19 76
19 63
19 37
19 34
19 114
19 12
19 31
19 102
19 198
19 184
19 197
20 21
20 40
20 196
20 174
20 49
20 75
20 198
20 115
20 55
20 124
20 11
20 25
20 116
20 59
20 9
20 177
20 126
20 88
20 79
20 52
20 43
20 147
20 166
20 16
20 170
20 188
20 133
20 5
20 106
20 78
20 160
20 38
20 172
20 70
20 15
20 120
20 150
20 132
20 182
20 86
20 7
20 189
20 42
20 181
20 13
20 103
20 44
20 39
20 155
20 168
20 54
20 66
20 146
20 154
20 12
20 197
20 41
20 122
20 26
20 62
20 171
20 121
20 8
20 18
21 11
21 170
21 174
21 80
21 25
21 149
21 75
21 143
21 100
21 162
21 2
21 171
21 133
21 198
21 36
21 118
21 121
21 85
21 137
21 29
21 26
21 64
21 101
21 144
21 145
21 134
21 13
21 35
21 54
21 151
21 183
21 176
21 15
21 12
21 146
21 95
21 57
21 78
21 22
21 3
21 49
21 116
21 94
21 44
21 186
21 104
21 166
21 173
21 161
21 127
21 4
21 87
21 122
21 150
21 140
21 65
21 129
21 107
21 70
21 124
21 158
21 38
21 46
21 45
21 86
21 37
22 20
22 154
22 115
22 45
22 112
22 159
22 149
22 57
22 195
22 199
22 128
22 87
22 134
22 171
22 76
22 176
22 55
22 160
22 145
22 117
22 83
22 69
22 72
22 132
22 183
22 64
22 179
22 188
22 101
22 71
22 123
22 30
22 15
22 109
22 155
22 167
22 8
22 147
22 104
22 121
22 148
22 97
22 11
22 174
22 107
22 193
22 54
22 36
22 39
22 189
22 113
22 116
22 29
22 191
22 27
22 44
22 141
22 92
22 122
22 131
22 181
23 54
23 178
23 63
23 128
23 100
23 112
23 33
23 110
23 118
23 95
23 21
23 174
23 127
23 88
23 83
23 8
23 137
23 198
23 141
23 184
23 67
23 124
23 161
23 59
23 70
23 104
23 195
23 56
23 19
23 20
23 68
23 74
23 132
23 64
23 17
23 181
23 176
23 40
23 65
23 80
23 93
23 48
23 196
23 6
23 142
23 123
23 156
23 180
23 79
23 169
23 90
23 81
23 187
23 87
23 183
23 121
23 182
23 146
23 25
23 62
23 3
23 22
23 122
23 108
23 10
23 135
23 154
23 76
23 136
23 157
23 49
23 77
23 13
23 37
23 102
24 92
24 181
24 195
24 51
24 98
24 42
24 97
24 124
24 82
24 89
24 23
24 147
24 72
24 94
24 8
24 71
24 67
24 101
24 164
24 106
24 21
24 50
24 161
24 189
24 177
24 133
24 115
24 117
24 182
24 47
24 154
24 55
24 25
24 110
24 4
24 151
24 183
24 166
24 146
24 12
24 16
24 200
24 54
24 155
24 17
24 57
24 125
24 134
24 59
24 132
24 91
24 1
24 35
24 73
24 6
24 78
24 150
24 158
24 102
24 83
24 148
24 141
24 171
24 173
24 120
24 185
25 1
25 196
25 6
25 167
25 3
25 36
25 136
25 32
25 133
25 33
25 48
25 94
25 98
25 144
25 155
25 42
25 28
25 127
25 162
25 165
25 137
25 187
25 5
25 115
25 54
25 53
25 34
25 22
25 88
25 138
25 175
25 41
25 37
25 19
25 90
25 76
25 17
25 192
25 52
25 159
25 120
25 59
25 117
25 109
25 58
25 125
25 169
25 92
25 110
25 173
25 38
25 18
25 174
25 114
25 168
25 82
25 7
25 69
25 163
25 143
25 80
25 184
25 50
25 140
25 150
25 139
25 81
25 145
25 130
25 12
26 143
26 135
26 172
26 178
26 118
26 139
26 159
26 82
26 87
26 100
26 192
26 104
26 78
26 46
26 150
26 6
26 198
26 199
26 173
26 73
26 116
26 99
26 120
26 176
26 165
26 184
26 164
26 85
26 52
26 39
26 13
26 22
26 51
26 19
26 17
26 122
26 149
26 54
26 158
26 63
26 68
26 190
26 86
26 2
26 53
26 91
26 146
26 183
26 121
26 71
26 43
26 200
26 108
26 154
26 16
26 7
26 59
26 132
26 32
26 80
26 66
26 117
26 77
26 163
26 69
27 76
27 165
27 166
27 82
27 136
27 198
27 67
27 179
27 131
27 189
27 162
27 5
27 185
27 54
27 60
27 138
27 7
27 40
27 192
27 186
27 132
27 199
27 120
27 118
27 175
27 113
27 74
27 80
27 21
27 20
27 188
27 116
27 129
27 196
27 123
27 159
27 139
27 51
27 197
27 141
27 46
27 13
27 151
27 24
27 114
27 147
27 128
27 144
27 15
27 127
27 59
27 193
27 66
27 145
27 18
27 30
27 156
27 106
27 178
27 32
27 23
27 148
27 42
27 26
27 121
27 43
27 73
27 62
28 14
28 60
28 26
28 170
28 100
28 172
28 48
28 149
28 169
28 110
28 11
28 191
28 40
28 188
28 155
28 142
28 176
28 45
28 36
28 185
28 54
28 194
28 69
28 42
28 64
28 146
28 174
28 8
28 27
28 124
28 62
28 34
28 53
28 114
28 66
28 162
28 138
28 72
28 90
28 79
28 24
28 196
28 160
28 80
28 156
28 163
28 12
28 106
28 59
28 140
28 158
28 19
28 179
28 103
28 173
28 126
28 83
28 77
28 193
28 148
28 128
28 133
28 159
28 119
28 180
28 47
29 139
29 159
29 5
29 81
29 63
29 155
29 174
29 143
29 36
29 56
29 90
29 138
29 57
29 182
29 37
29 153
29 75
29 179
29 152
29 136
29 58
29 7
29 188
29 193
29 82
29 32
29 85
29 41
29 113
29 40
29 26
29 14
29 169
29 74
29 95
29 39
29 125
29 99
29 70
29 38
29 109
29 44
29 64
29 119
29 118
29 144
29 130
29 106
29 89
29 124
29 185
29 107
29 53
29 137
29 157
29 102
29 33
29 165
29 146
29 132
29 128
29 28
29 79
29 181
29 177
29 10
29 150
29 164
30 190
30 10
30 172
30 91
30 92
30 191
30 151
30 78
30 24
30 67
30 199
30 48
30 59
30 130
30 168
30 21
30 102
30 38
30 45
30 69
30 23
30 142
30 41
30 197
30 164
30 75
30 50
30 37
30 152
30 129
30 111
30 163
30 76
30 39
30 181
30 62
30 61
30 7
30 20
30 123
30 135
30 185
30 126
30 79
30 180
30 139
30 58
30 13
30 148
30 80
30 4
30 192
30 144
30 121
30 77
30 119
30 8
30 200
30 26
30 166
30 74
30 93
30 127
30 65
30 6
30 100
30 182
30 145
30 175
30 97
31 151
31 96
31 53
31 78
31 105
31 91
31 198
31 174
31 61
31 130
31 41
31 147
31 110
31 131
31 59
31 85
31 44
31 108
31 74
31 120
31 169
31 63
31 57
31 33
31 184
31 142
31 101
31 64
31 37
31 102
31 171
31 43
31 79
31 40
31 186
31 125
31 134
31 93
31 25
31 128
31 179
31 14
31 109
31 84
31 136
31 107
31 80
31 104
31 86
31 22
31 29
31 97
31 168
31 27
31 156
31 153
31 162
31 17
31 12
31 47
31 99
31 68
31 35
31 88
31 121
31 148
31 23
31 166
31 163
31 81
31 189
31 140
31 158
32 44
32 132
32 45
32 13
32 163
32 176
32 55
32 182
32 67
32 37
32 75
32 92
32 125
32 122
32 56
32 186
32 150
32 115
32 149
32 156
32 65
32 171
32 53
32 9
32 28
32 111
32 69
32 135
32 61
32 110
32 139
32 112
32 41
32 77
32 180
32 71
32 62
32 104
32 98
32 24
32 124
32 177
32 85
32 178
32 96
32 23
32 105
32 89
32 21
32 42
32 39
32 187
32 101
32 6
32 153
32 173
32 76
32 49
32 146
32 123
32 54
32 116
32 22
32 138
32 181
32 34
32 142
32 107
32 83
32 43
32 3
33 77
33 186
33 72
33 21
33 119
33 194
33 84
33 32
33 136
33 108
33 26
33 151
33 196
33 20
33 173
33 15
33 17
33 185
33 103
33 13
33 115
33 130
33 114
33 56
33 126
33 14
33 167
33 177
33 18
33 191
33 122
33 30
33 138
33 1
33 60
33 168
33 107
33 49
33 3
33 112
33 50
33 117
33 65
33 16
33 155
33 158
33 90
33 81
33 24
33 133
33 92
33 87
33 95
33 11
33 41
33 163
33 104
33 154
33 180
33 85
33 98
33 6
33 51
33 150
33 96
33 5
33 71
33 63
33 195
33 198
33 22
34 146
34 128
34 78
34 74
34 84
34 165
34 51
34 194
34 40
34 63
34 37
34 68
34 77
34 137
34 144
34 53
34 100
34 99
34 160
34 130
34 7
34 89
34 67
34 79
34 72
34 35
34 59
34 119
34 102
34 140
34 120
34 173
34 180
34 46
34 189
34 41
34 98
34 126
34 64
34 52
34 131
34 199
34 112
34 167
34 111
34 33
34 139
34 92
34 29
34 31
34 191
34 30
34 38
34 42
34 166
34 14
34 16
34 123
34 47
34 65
34 110
34 122
34 103
34 60
34 176
34 96
34 109
34 198
35 72
35 1
35 120
35 160
35 26
35 127
35 71
35 178
35 131
35 106
35 166
35 111
35 20
35 13
35 12
35 186
35 10
35 74
35 70
35 99
35 196
35 103
35 27
35 32
35 56
35 139
35 44
35 43
35 25
35 29
35 30
35 55
35 150
35 92
35 40
35 87
35 147
35 124
35 132
35 79
35 60
35 167
35 67
35 48
35 2
35 80
35 114
35 49
35 148
35 90
35 69
35 53
35 93
35 137
35 142
35 191
35 5
35 143
35 15
35 181
35 66
35 41
35 107
35 133
35 83
35 42
35 50
35 119
35 190
36 37
36 160
36 15
36 188
36 193
36 194
36 126
36 186
36 2
36 41
36 61
36 138
36 70
36 104
36 27
36 184
36 137
36 142
36 35
36 56
36 190
36 99
36 199
36 48
36 76
36 93
36 163
36 124
36 174
36 143
36 154
36 52
36 30
36 71
36 79
36 86
36 169
36 181
36 167
36 68
36 112
36 171
36 5
36 133
36 18
36 42
36 196
36 164
36 72
36 191
36 146
36 26
36 108
36 175
36 110
36 87
36 82
36 65
36 149
36 6
36 24
36 152
36 96
36 116
36 118
36 122
37 176
37 72
37 2
37 127
37 192
37 108
37 52
37 22
37 145
37 199
37 141
37 187
37 47
37 116
37 115
37 153
37 57
37 81
37 189
37 167
37 139
37 143
37 121
37 147
37 110
37 35
37 118
37 196
37 74
37 42
37 169
37 39
37 155
37 93
37 61
37 95
37 117
37 15
37 168
37 75
37 180
37 136
37 11
37 173
37 17
37 79
37 99
37 33
37 55
37 98
37 106
37 135
37 63
37 150
37 18
37 28
37 190
37 82
37 124
37 183
37 128
37 96
37 89
37 122
37 148
37 132
37 152
37 6
38 172
38 106
38 132
38 14
38 59
38 46
38 43
38 136
38 185
38 120
38 141
38 195
38 179
38 139
38 151
38 80
38 94
38 105
38 99
38 104
38 1
38 149
38 27
38 137
38 23
38 64
38 44
38 109
38 82
38 117
38 150
38 31
38 192
38 13
38 152
38 92
38 51
38 61
38 35
38 77
38 138
38 191
38 167
38 98
38 65
38 66
38 116
38 175
38 111
38 115
38 97
38 68
38 187
38 181
38 154
38 78
38 108
38 122
38 186
38 93
38 76
38 114
38 125
38 174
38 198
38 130
38 101
39 105
39 126
39 14
39 151
39 71
39 42
39 171
39 127
39 168
39 137
39 43
39 165
39 148
39 173
39 31
39 153
39 150
39 152
39 186
39 80
39 179
39 66
39 172
39 73
39 54
39 144
39 75
39 116
39 12
39 182
39 36
39 24
39 175
39 100
39 13
39 141
39 34
39 25
39 104
39 77
39 97
39 55
39 190
39 195
39 47
39 130
39 120
39 99
39 21
39 194
39 103
39 184
39 156
39 65
39 158
39 109
39 86
39 140
39 112
39 123
39 89
39 4
39 102
39 64
39 7
39 176
39 5
39 51
40 195
40 186
40 157
40 138
40 19
40 67
40 143
40 98
40 81
40 32
40 131
40 130
40 95
40 108
40 88
40 25
40 141
40 79
40 121
40 197
40 170
40 135
40 69
40 156
40 26
40 151
40 174
40 94
40 72
40 73
40 48
40 164
40 33
40 185
40 189
40 41
40 147
40 150
40 38
40 107
40 101
40 134
40 169
40 80
40 21
40 45
40 57
40 1
40 106
40 102
40 9
40 30
40 142
40 22
40 139
40 14
40 172
40 42
40 58
40 47
40 52
40 117
40 178
40 4
40 60
40 37
40 46
40 162
40 82
40 109
40 146
41 117
41 156
41 23
41 152
41 133
41 157
41 121
41 47
41 53
41 80
41 22
41 142
41 67
41 89
41 188
41 55
41 200
41 79
41 87
41 90
41 58
41 21
41 116
41 169
41 175
41 128
41 18
41 167
41 108
41 198
41 11
41 105
41 147
41 124
41 83
41 51
41 115
41 196
41 179
41 28
41 130
41 75
41 126
41 43
41 173
41 44
41 37
41 131
41 24
41 103
41 190
41 71
41 168
41 163
41 26
41 109
41 82
41 91
41 183
41 81
41 73
41 182
41 129
41 164
41 17
41 7
41 94
41 114
41 63
42 89
42 62
42 200
42 156
42 5
42 134
42 19
42 164
42 182
42 155
42 147
42 8
42 55
42 38
42 22
42 183
42 23
42 75
42 133
42 48
42 130
42 63
42 109
42 1
42 127
42 195
42 30
42 29
42 94
42 91
42 50
42 193
42 71
42 92
42 180
42 179
42 159
42 65
42 88
42 153
42 191
42 21
42 143
42 64
42 41
42 100
42 117
42 12
42 13
42 146
42 47
42 106
42 163
42 125
42 93
42 33
42 124
42 60
42 66
42 175
42 135
42 120
42 101
42 116
42 110
42 121
42 98
42 104
42 142
42 70
42 170
42 138
42 150
43 85
43 98
43 153
43 106
43 151
43 49
43 29
43 46
43 156
43 159
43 8
43 12
43 199
43 4
43 72
43 67
43 101
43 83
43 186
43 137
43 190
43 102
43 10
43 64
43 183
43 87
43 180
43 58
43 21
43 162
43 54
43 2
43 158
43 173
43 198
43 125
43 149
43 128
43 126
43 40
43 5
43 122
43 188
43 174
43 6
43 148
43 112
43 24
43 135
43 164
43 191
43 109
43 66
43 11
43 1
43 37
43 120
43 3
43 133
43 160
43 192
43 143
43 177
43 181
43 84
43 79
43 150
44 93
44 73
44 17
44 43
44 85
44 66
44 179
44 161
44 61
44 12
44 37
44 49
44 168
44 133
44 142
44 9
44 157
44 5
44 147
44 164
44 135
44 129
44 125
44 166
44 65
44 144
44 71
44 194
44 3
44 19
44 33
44 181
44 130
44 101
44 174
44 137
44 172
44 193
44 145
44 171
44 60
44 48
44 39
44 114
44 176
44 1
44 42
44 23
44 131
44 189
44 138
44 24
44 158
44 69
44 27
44 78
44 46
44 58
44 178
44 18
44 136
44 188
44 117
44 160
44 76
44 152
44 51
44 195
44 79
45 100
45 44
45 184
45 106
45 113
45 165
45 190
45 75
45 178
45 122
45 146
45 174
45 73
45 183
45 120
45 168
45 131
45 148
45 24
45 99
45 50
45 15
45 26
45 172
45 69
45 38
45 154
45 121
45 63
45 199
45 36
45 177
45 81
45 144
45 129
45 117
45 187
45 34
45 166
45 136
45 138
45 43
45 70
45 125
45 76
45 109
45 107
45 140
45 170
45 55
45 7
45 16
45 79
45 23
45 6
45 61
45 66
45 133
45 74
45 119
45 33
45 52
45 85
45 72
45 191
45 185
45 128
45 8
45 94
46 56
46 1
46 110
46 199
46 24
46 79
46 137
46 177
46 4
46 123
46 101
46 129
46 121
46 91
46 97
46 158
46 55
46 173
46 70
46 96
46 37
46 114
46 171
46 108
46 7
46 103
46 84
46 32
46 42
46 116
46 198
46 112
46 187
46 146
46 86
46 6
46 64
46 76
46 169
46 167
46 22
46 49
46 109
46 9
46 151
46 60
46 62
46 92
46 33
46 191
46 66
46 28
46 161
46 2
46 54
46 19
46 186
46 132
46 36
46 74
46 81
46 154
46 90
46 164
46 152
46 156
46 73
46 63
46 165
46 8
46 192
47 198
47 177
47 29
47 150
47 134
47 97
47 120
47 60
47 140
47 191
47 126
47 200
47 30
47 169
47 64
47 124
47 165
47 92
47 122
47 147
47 6
47 105
47 163
47 146
47 36
47 118
47 138
47 54
47 130
47 88
47 121
47 21
47 52
47 11
47 13
47 20
47 18
47 32
47 84
47 182
47 136
47 143
47 57
47 142
47 2
47 35
47 45
47 75
47 51
47 172
47 131
47 116
47 96
47 77
47 25
47 65
47 58
47 153
47 148
47 129
47 4
47 127
47 170
47 192
47 66
47 16
47 185
48 180
48 18
48 175
48 183
48 78
48 125
48 171
48 153
48 149
48 84
48 118
48 114
48 89
48 5
48 147
48 6
48 168
48 159
48 185
48 177
48 79
48 160
48 195
48 14
48 108
48 95
48 184
48 53
48 81
48 45
48 7
48 100
48 101
48 13
48 61
48 200
48 96
48 111
48 20
48 32
48 138
48 179
48 152
48 182
48 75
48 73
48 88
48 146
48 194
48 90
48 129
48 11
48 173
48 115
48 69
48 92
48 169
48 54
48 8
48 119
48 12
48 65
49 152
49 150
49 112
49 68
49 189
49 144
49 194
49 103
49 24
49 99
49 200
49 129
49 101
49 171
49 157
49 175
49 161
49 170
49 113
49 139
49 26
49 109
49 57
49 133
49 10
49 89
49 148
49 138
49 59
49 18
49 182
49 125
49 98
49 50
49 186
49 9
49 79
49 85
49 86
49 151
49 142
49 7
49 55
49 108
49 87
49 105
49 177
49 132
49 31
49 40
49 145
49 38
49 180
49 90
49 27
49 62
49 19
49 192
49 159
49 135
49 166
49 53
49 91
49 34
49 48
49 66
49 185
49 136
49 13
49 78
49 12
49 5
50 140
50 135
50 143
50 14
50 22
50 12
50 170
50 40
50 89
50 76
50 199
50 103
50 128
50 97
50 53
50 150
50 155
50 67
50 11
50 10
50 72
50 194
50 23
50 108
50 93
50 84
50 82
50 124
50 122
50 83
50 134
50 74
50 26
50 44
50 145
50 58
50 156
50 94
50 86
50 142
50 157
50 78
50 75
50 9
50 192
50 63
50 171
50 162
50 198
50 165
50 21
50 19
50 48
50 31
50 111
50 161
50 1
50 176
50 169
50 66
50 56
50 34
50 36
50 114
50 151
50 138
50 28
50 144
51 118
51 174
51 5
51 198
51 1
51 29
51 46
51 115
51 15
51 165
51 70
51 17
51 183
51 163
51 113
51 98
51 185
51 4
51 179
51 52
51 87
51 182
51 55
51 188
51 88
51 170
51 159
51 67
51 73
51 195
51 40
51 61
51 31
51 60
51 9
51 181
51 111
51 138
51 117
51 189
51 49
51 178
51 114
51 194
51 48
51 164
51 157
51 129
51 126
51 3
51 35
51 102
51 11
51 72
51 133
51 43
51 69
51 37
51 45
51 10
51 106
51 160
51 144
51 171
51 32
51 166
51 180
51 143
51 74
52 23
52 38
52 97
52 109
52 66
52 82
52 159
52 62
52 148
52 16
52 187
52 76
52 134
52 95
52 35
52 106
52 33
52 112
52 193
52 147
52 46
52 65
52 167
52 15
52 99
52 78
52 181
52 138
52 22
52 153
52 100
52 31
52 48
52 9
52 85
52 176
52 131
52 137
52 168
52 3
52 105
52 130
52 150
52 156
52 151
52 107
52 161
52 170
52 194
52 8
52 73
52 4
52 182
52 162
52 127
52 139
52 158
52 180
52 178
52 173
52 74
52 77
52 93
52 108
52 140
52 84
52 188
52 91
52 42
52 119
52 44
52 104
53 197
53 130
53 15
53 193
53 85
53 200
53 102
53 167
53 179
53 177
53 43
53 21
53 51
53 174
53 160
53 60
53 116
53 134
53 57
53 80
53 94
53 7
53 107
53 36
53 46
53 39
53 23
53 150
53 75
53 52
53 122
53 141
53 76
53 103
53 139
53 178
53 71
53 95
53 14
53 161
53 166
53 64
53 79
53 186
53 109
53 125
53 16
53 149
53 10
53 124
53 9
53 173
53 192
53 2
53 63
53 198
53 126
53 188
53 115
53 55
53 19
53 105
53 135
53 145
53 47
53 38
54 65
54 147
54 35
54 44
54 74
54 98
54 134
54 196
54 142
54 121
54 85
54 153
54 112
54 116
54 76
54 67
54 177
54 151
54 141
54 197
54 195
54 149
54 72
54 100
54 36
54 154
54 184
54 90
54 37
54 73
54 155
54 189
54 42
54 77
54 59
54 97
54 156
54 86
54 187
54 159
54 111
54 106
54 9
54 4
54 191
54 190
54 7
54 63
54 125
54 80
54 169
54 179
54 143
54 31
54 161
54 19
54 131
54 137
54 11
54 101
54 17
54 140
54 45
54 109
54 51
54 135
54 6
54 182
54 10
55 5
55 173
55 108
55 61
55 111
55 143
55 107
55 54
55 137
55 178
55 25
55 145
55 58
55 72
55 21
55 171
55 9
55 162
55 200
55 12
55 30
55 83
55 185
55 8
55 119
55 95
55 73
55 3
55 62
55 133
55 77
55 141
55 186
55 157
55 114
55 36
55 40
55 91
55 67
55 192
55 182
55 169
55 168
55 155
55 66
55 68
55 33
55 177
55 116
55 47
55 17
55 136
55 142
55 56
55 88
55 79
55 175
55 27
55 174
55 129
55 4
55 184
55 187
55 109
55 80
55 120
55 166
55 60
55 76
55 147
55 124
55 97
55 69
55 50
56 177
56 51
56 39
56 6
56 77
56 101
56 48
56 137
56 133
56 189
56 170
56 168
56 8
56 165
56 53
56 166
56 9
56 20
56 43
56 149
56 114
56 28
56 157
56 44
56 106
56 41
56 164
56 198
56 158
56 109
56 24
56 178
56 169
56 112
56 117
56 163
56 82
56 15
56 95
56 92
56 161
56 94
56 190
56 153
56 118
56 197
56 76
56 62
56 99
56 37
56 152
56 64
56 188
56 17
56 111
56 146
56 57
56 116
56 25
56 58
56 98
56 194
56 42
56 179
56 172
56 81
56 144
57 115
57 184
57 43
57 10
57 125
57 129
57 75
57 72
57 195
57 77
57 173
57 197
57 60
57 70
57 161
57 163
57 34
57 169
57 1
57 63
57 124
57 46
57 39
57 52
57 167
57 153
57 130
57 188
57 25
57 194
57 192
57 27
57 59
57 121
57 98
57 123
57 102
57 23
57 199
57 19
57 35
57 176
57 2
57 15
57 33
57 51
57 82
57 148
57 168
57 32
57 36
57 160
57 191
57 73
57 200
57 28
57 196
57 87
57 117
57 156
57 193
57 175
57 8
57 172
58 174
58 110
58 8
58 63
58 52
58 59
58 66
58 73
58 154
58 191
58 133
58 192
58 71
58 179
58 28
58 106
58 194
58 81
58 103
58 200
58 111
58 177
58 21
58 17
58 14
58 67
58 166
58 13
58 168
58 54
58 39
58 193
58 199
58 57
58 181
58 82
58 175
58 184
58 128
58 27
58 115
58 53
58 15
58 172
58 155
58 9
58 188
58 160
58 197
58 156
58 10
58 141
58 84
58 171
58 35
58 76
58 173
58 46
58 2
58 136
58 99
58 45
58 198
58 31
58 165
58 120
58 169
58 38
58 167
58 34
58 49
59 55
59 33
59 186
59 135
59 198
59 110
59 40
59 144
59 189
59 86
59 9
59 130
59 137
59 48
59 47
59 74
59 195
59 65
59 139
59 29
59 60
59 185
59 190
59 145
59 50
59 7
59 83
59 39
59 1
59 85
59 164
59 95
59 82
59 168
59 103
59 105
59 119
59 77
59 84
59 199
59 88
59 170
59 10
59 134
59 107
59 4
59 165
59 42
59 101
59 155
59 127
59 122
59 37
59 92
59 44
59 70
59 112
59 87
59 12
59 61
59 69
59 159
59 43
59 148
59 6
59 169
59 123
59 63
59 116
59 99
59 184
59 183
60 113
60 17
60 159
60 184
60 52
60 109
60 163
60 111
60 176
60 158
60 24
60 143
60 76
60 121
60 22
60 133
60 177
60 152
60 164
60 2
60 101
60 7
60 160
60 8
60 38
60 138
60 141
60 154
60 107
60 142
60 23
60 66
60 70
60 14
60 26
60 18
60 50
60 118
60 20
60 100
60 146
60 81
60 29
60 200
60 168
60 124
60 68
60 127
60 197
60 186
60 79
60 80
60 16
60 93
60 95
60 120
60 173
60 125
60 77
60 6
60 151
60 58
60 119
60 196
60 4
60 88
60 56
61 10
61 43
61 8
61 114
61 73
61 195
61 143
61 189
61 184
61 175
61 53
61 113
61 116
61 158
61 52
61 148
61 178
61 128
61 75
61 94
61 97
61 183
61 172
61 91
61 54
61 6
61 72
61 101
61 33
61 24
61 134
61 3
61 100
61 16
61 117
61 109
61 129
61 2
61 78
61 135
61 131
61 64
61 7
61 76
61 120
61 123
61 160
61 13
61 124
61 104
61 25
61 28
61 63
61 71
61 21
61 130
61 18
61 108
61 60
61 79
61 171
61 140
61 185
61 49
61 93
61 47
62 45
62 67
62 138
62 182
62 37
62 34
62 29
62 179
62 198
62 120
62 88
62 48
62 122
62 58
62 1
62 184
62 169
62 38
62 8
62 4
62 121
62 76
62 111
62 22
62 79
62 161
62 197
62 40
62 128
62 143
62 98
62 137
62 64
62 82
62 170
62 139
62 57
62 9
62 33
62 26
62 127
62 73
62 113
62 155
62 126
62 53
62 51
62 12
62 195
62 17
62 175
62 159
62 72
62 103
62 129
62 150
62 191
62 61
62 97
62 11
62 13
62 130
62 41
62 69
62 7
62 43
62 172
62 91
62 124
62 157
63 134
63 8
63 106
63 80
63 108
63 75
63 92
63 123
63 11
63 174
63 149
63 151
63 95
63 85
63 155
63 184
63 21
63 141
63 10
63 24
63 65
63 154
63 84
63 49
63 187
63 156
63 145
63 199
63 159
63 117
63 43
63 51
63 140
63 5
63 197
63 14
63 186
63 194
63 190
63 133
63 176
63 122
63 52
63 102
63 104
63 79
63 165
63 7
63 150
63 195
63 160
63 103
63 30
63 97
63 93
63 78
63 153
63 192
63 90
63 35
63 185
63 124
63 135
63 152
63 40
63 1
63 72
63 146
64 52
64 85
64 77
64 107
64 199
64 78
64 121
64 169
64 127
64 49
64 123
64 44
64 50
64 196
64 57
64 200
64 69
64 18
64 163
64 161
64 192
64 188
64 185
64 177
64 157
64 175
64 95
64 109
64 142
64 99
64 10
64 79
64 19
64 156
64 104
64 184
64 132
64 151
64 48
64 88
64 197
64 86
64 40
64 55
64 67
64 59
64 138
64 193
64 183
64 25
64 96
64 5
64 4
64 26
64 45
64 60
64 76
64 70
64 143
64 160
64 94
64 98
64 82
64 87
64 198
64 30
64 91
65 27
65 11
65 51
65 74
65 123
65 85
65 107
65 118
65 131
65 95
65 165
65 168
65 31
65 110
65 179
65 159
65 138
65 28
65 37
65 185
65 174
65 25
65 140
65 99
65 68
65 35
65 166
65 152
65 89
65 154
65 55
65 93
65 24
65 192
65 81
65 163
65 9
65 111
65 199
65 46
65 182
65 184
65 12
65 86
65 15
65 22
65 18
65 198
65 103
65 91
65 64
65 87
65 183
65 20
65 40
65 60
65 10
65 162
65 187
65 58
65 50
65 53
65 171
65 62
65 113
65 149
65 177
65 43
65 41
65 178
65 116
66 153
66 170
66 110
66 54
66 152
66 158
66 193
66 72
66 141
66 127
66 56
66 69
66 191
66 185
66 113
66 2
66 176
66 117
66 184
66 86
66 77
66 30
66 116
66 139
66 89
66 17
66 6
66 14
66 31
66 1
66 99
66 167
66 18
66 171
66 68
66 194
66 57
66 48
66 23
66 67
66 104
66 178
66 114
66 182
66 25
66 100
66 190
66 119
66 84
66 173
66 149
66 145
66 156
66 115
66 189
66 155
66 32
66 107
66 111
66 34
66 109
66 78
66 51
66 41
66 140
66 8
66 64
66 103
66 151
66 121
66 97
66 129
66 11
66 174
66 62
66 124
66 61
66 134
67 39
67 42
67 136
67 111
67 173
67 59
67 152
67 107
67 2
67 15
67 14
67 157
67 100
67 11
67 31
67 45
67 13
67 26
67 20
67 36
67 85
67 37
67 143
67 181
67 5
67 21
67 170
67 17
67 154
67 133
67 101
67 4
67 106
67 60
67 171
67 69
67 71
67 169
67 91
67 195
67 44
67 89
67 183
67 148
67 56
67 49
67 124
67 186
67 139
67 46
67 47
67 153
67 53
67 122
67 121
67 177
67 199
67 90
67 162
67 72
67 25
67 97
67 165
67 112
67 19
67 77
67 128
67 57
67 116
67 166
67 94
67 125
67 70
67 65
67 123
67 3
68 90
68 197
68 138
68 61
68 29
68 135
68 44
68 51
68 162
68 21
68 35
68 164
68 3
68 177
68 159
68 78
68 101
68 46
68 9
68 42
68 54
68 175
68 92
68 59
68 6
68 171
68 39
68 124
68 151
68 130
68 150
68 52
68 107
68 5
68 140
68 137
68 48
68 53
68 176
68 58
68 186
68 100
68 156
68 127
68 188
68 11
68 182
68 18
68 84
68 25
68 134
68 91
68 168
68 125
68 113
68 158
68 155
68 108
68 121
68 12
68 14
68 40
68 142
68 119
68 2
68 167
68 37
68 28
68 200
68 102
68 195
68 110
68 136
69 157
69 191
69 91
69 47
69 36
69 31
69 90
69 125
69 136
69 165
69 114
69 84
69 29
69 18
69 145
69 123
69 68
69 21
69 153
69 164
69 196
69 160
69 6
69 71
69 56
69 73
69 70
69 116
69 188
69 155
69 50
69 151
69 46
69 85
69 115
69 161
69 17
69 89
69 14
69 181
69 97
69 103
69 52
69 27
69 198
69 15
69 180
69 42
69 128
69 83
69 183
69 101
69 61
69 94
69 130
69 150
69 65
69 121
69 167
69 86
69 20
69 189
69 186
69 8
69 100
70 24
70 129
70 73
70 143
70 133
70 31
70 48
70 34
70 130
70 78
70 176
70 162
70 88
70 75
70 190
70 147
70 49
70 55
70 16
70 159
70 115
70 13
70 37
70 171
70 166
70 79
70 199
70 108
70 174
70 134
70 47
70 157
70 33
70 200
70 163
70 173
70 32
70 81
70 175
70 8
70 186
70 39
70 92
70 90
70 172
70 99
70 127
70 26
70 66
70 93
70 72
70 140
70 121
70 98
70 137
70 177
70 71
70 43
70 148
70 22
70 58
70 161
70 61
70 111
70 28
70 15
70 56
70 30
70 118
70 68
71 137
71 52
71 82
71 78
71 179
71 190
71 63
71 187
71 29
71 1
71 93
71 90
71 87
71 178
71 119
71 62
71 158
71 109
71 123
71 165
71 13
71 50
71 171
71 45
71 191
71 145
71 12
71 186
71 182
71 15
71 161
71 75
71 38
71 166
71 55
71 133
71 96
71 21
71 199
71 49
71 28
71 27
71 48
71 157
71 129
71 60
71 185
71 3
71 188
71 9
71 140
71 110
71 144
71 2
71 59
71 88
71 168
71 143
71 37
71 77
71 116
71 107
71 68
71 46
71 174
71 54
71 141
71 135
71 34
71 25
71 56
71 105
72 75
72 3
72 91
72 46
72 113
72 148
72 108
72 160
72 169
72 171
72 129
72 181
72 60
72 107
72 103
72 161
72 98
72 68
72 152
72 149
72 158
72 58
72 71
72 31
72 13
72 26
72 128
72 133
72 167
72 186
72 76
72 151
72 104
72 69
72 162
72 11
72 188
72 49
72 7
72 178
72 25
72 81
72 29
72 95
72 18
72 32
72 73
72 121
72 21
72 177
72 74
72 14
72 189
72 85
72 139
72 84
72 59
72 23
72 42
72 137
72 92
72 168
72 127
72 4
72 196
72 157
72 1
72 38
72 164
73 192
73 16
73 103
73 56
73 33
73 107
73 68
73 117
73 102
73 59
73 14
73 19
73 66
73 29
73 99
73 158
73 30
73 126
73 10
73 80
73 152
73 148
73 112
73 132
73 151
73 12
73 42
73 31
73 183
73 86
73 67
73 154
73 120
73 106
73 25
73 20
73 74
73 153
73 168
73 136
73 63
73 79
73 175
73 163
73 119
73 9
73 75
73 174
73 96
73 121
73 124
73 15
73 36
73 142
73 49
73 43
73 23
73 145
73 78
73 135
73 71
73 28
73 88
73 177
73 98
73 171
73 140
73 129
73 64
73 176
73 146
73 166
73 108
74 68
74 18
74 69
74 14
74 199
74 11
74 150
74 179
74 138
74 28
74 178
74 97
74 146
74 196
74 198
74 5
74 126
74 172
74 111
74 108
74 15
74 3
74 188
74 85
74 19
74 176
74 25
74 105
74 170
74 13
74 159
74 133
74 40
74 143
74 78
74 49
74 109
74 175
74 4
74 119
74 183
74 10
74 67
74 177
74 90
74 62
74 148
74 1
74 142
74 182
74 60
74 127
74 136
74 70
74 63
74 32
74 152
74 44
74 89
74 36
74 197
74 64
74 58
74 42
74 131
74 33
74 110
74 84
74 55
74 39
74 87
74 193
74 43
74 168
75 156
75 173
75 172
75 102
75 81
75 78
75 19
75 153
75 186
75 83
75 200
75 139
75 171
75 192
75 142
75 36
75 27
75 55
75 86
75 1
75 68
75 33
75 38
75 138
75 104
75 40
75 12
75 105
75 134
75 136
75 123
75 54
75 59
75 25
75 147
75 49
75 92
75 82
75 58
75 62
75 135
75 89
75 16
75 65
75 191
75 18
75 193
75 15
75 137
75 35
75 189
75 159
75 161
75 23
75 179
75 51
75 160
75 5
75 140
75 11
75 93
75 22
75 141
75 109
75 84
75 146
75 76
75 176
75 106
75 7
75 95
75 154
75 170
75 174
75 8
75 126
76 17
76 171
76 126
76 65
76 116
76 179
76 135
76 14
76 106
76 104
76 105
76 184
76 70
76 100
76 10
76 68
76 47
76 42
76 73
76 120
76 164
76 123
76 127
76 110
76 175
76 11
76 33
76 93
76 98
76 192
76 24
76 148
76 78
76 180
76 39
76 92
76 87
76 140
76 5
76 168
76 139
76 174
76 121
76 131
76 84
76 172
76 29
76 26
76 161
76 18
76 28
76 67
76 71
76 181
76 166
76 132
76 31
76 188
76 37
76 155
76 160
76 193
76 186
76 112
76 128
77 25
77 197
77 86
77 27
77 187
77 180
77 133
77 175
77 179
77 15
77 14
77 73
77 195
77 190
77 31
77 196
77 178
77 126
77 46
77 37
77 7
77 125
77 35
77 51
77 62
77 189
77 20
77 99
77 45
77 43
77 105
77 50
77 129
77 94
77 3
77 140
77 74
77 49
77 149
77 115
77 44
77 102
77 92
77 18
77 172
77 163
77 42
77 174
77 109
77 146
77 83
77 58
77 2
77 61
77 48
77 183
77 188
77 151
77 169
77 70
77 40
77 186
77 72
77 117
77 161
77 192
77 191
77 76
77 116
77 130
77 185
77 4
78 148
78 36
78 117
78 62
78 197
78 143
78 91
78 17
78 130
78 8
78 1
78 145
78 106
78 166
78 3
78 167
78 79
78 112
78 105
78 67
78 171
78 72
78 110
78 120
78 175
78 54
78 190
78 47
78 142
78 134
78 39
78 77
78 12
78 60
78 92
78 95
78 181
78 187
78 180
78 53
78 153
78 182
78 55
78 137
78 59
78 93
78 200
78 103
78 2
78 51
78 28
78 176
78 116
78 104
78 27
78 189
78 41
78 135
78 10
78 185
78 111
78 161
78 147
78 46
78 98
78 102
78 84
78 100
78 58
78 179
78 40
78 191
79 51
79 4
79 15
79 119
79 194
79 144
79 142
79 77
79 132
79 180
79 176
79 128
79 91
79 197
79 155
79 33
79 80
79 151
79 181
79 177
79 69
79 105
79 32
79 114
79 154
79 148
79 72
79 7
79 94
79 85
79 16
79 104
79 134
79 145
79 117
79 179
79 100
79 67
79 126
79 58
79 19
79 38
79 189
79 167
79 138
79 113
79 92
79 133
79 140
79 26
79 130
79 111
79 3
79 102
79 50
79 190
79 150
79 56
79 42
79 120
79 27
79 22
79 186
79 149
79 171
79 164
79 112
79 157
79 81
79 169
79 74
79 123
79 54
79 75
79 200
80 64
80 33
80 91
80 29
80 163
80 153
80 76
80 19
80 47
80 165
80 10
80 93
80 125
80 87
80 144
80 99
80 115
80 183
80 176
80 84
80 168
80 58
80 50
80 162
80 68
80 138
80 200
80 82
80 61
80 118
80 114
80 45
80 152
80 22
80 69
80 75
80 110
80 192
80 103
80 177
80 108
80 66
80 196
80 70
80 159
80 57
80 155
80 8
80 109
80 149
80 51
80 78
80 174
80 198
80 127
80 113
80 169
80 1
80 81
80 105
80 184
80 52
80 145
80 161
80 43
80 106
80 137
81 154
81 30
81 138
81 47
81 122
81 141
81 63
81 127
81 132
81 183
81 145
81 76
81 86
81 54
81 49
81 89
81 74
81 67
81 22
81 134
81 53
81 150
81 166
81 51
81 24
81 90
81 42
81 38
81 91
81 50
81 178
81 115
81 18
81 174
81 77
81 193
81 2
81 78
81 109
81 151
81 133
81 21
81 135
81 52
81 146
81 147
81 16
81 62
81 59
81 20
81 3
81 73
81 119
81 179
81 96
81 15
81 17
81 180
81 163
81 148
81 156
81 26
81 44
81 158
81 19
81 139
81 194
81 71
81 9
81 88
81 43
81 171
81 187
81 110
82 22
82 39
82 47
82 101
82 81
82 134
82 198
82 63
82 197
82 96
82 141
82 115
82 146
82 21
82 3
82 46
82 153
82 97
82 33
82 178
82 51
82 66
82 120
82 4
82 68
82 160
82 90
82 167
82 13
82 7
82 195
82 83
82 157
82 42
82 111
82 173
82 137
82 44
82 192
82 125
82 166
82 17
82 187
82 67
82 142
82 164
82 116
82 34
82 117
82 104
82 30
82 5
82 60
82 189
82 77
82 10
82 98
82 190
82 172
82 23
82 103
82 74
82 107
82 196
82 193
82 2
82 135
82 128
83 200
83 87
83 109
83 119
83 81
83 106
83 31
83 29
83 47
83 110
83 56
83 21
83 40
83 61
83 5
83 71
83 73
83 42
83 17
83 154
83 89
83 151
83 72
83 166
83 68
83 60
83 13
83 136
83 51
83 130
83 49
83 80
83 167
83 88
83 168
83 98
83 25
83 173
83 66
83 102
83 52
83 153
83 58
83 94
83 97
83 63
83 85
83 145
83 54
83 38
83 171
83 53
83 44
83 9
83 172
83 177
83 93
83 134
83 36
83 114
83 186
83 100
83 129
83 11
83 155
83 78
83 144
83 148
84 165
84 22
84 73
84 96
84 62
84 137
84 148
84 195
84 65
84 142
84 134
84 18
84 166
84 19
84 105
84 159
84 193
84 79
84 37
84 138
84 94
84 162
84 54
84 42
84 185
84 98
84 67
84 194
84 133
84 71
84 114
84 171
84 49
84 9
84 141
84 178
84 6
84 91
84 25
84 102
84 11
84 153
84 16
84 131
84 100
84 161
84 26
84 186
84 139
84 167
84 179
84 70
84 82
84 125
84 28
84 90
84 40
84 81
84 181
84 51
84 196
84 106
84 104
84 155
84 45
84 154
84 124
84 198
84 83
84 32
84 128
84 57
84 36
85 57
85 134
85 99
85 146
85 68
85 125
85 41
85 114
85 58
85 76
85 56
85 103
85 82
85 104
85 39
85 88
85 137
85 198
85 98
85 127
85 27
85 144
85 189
85 60
85 18
85 34
85 152
85 122
85 36
85 75
85 3
85 191
85 145
85 73
85 28
85 188
85 175
85 148
85 15
85 118
85 70
85 47
85 149
85 128
85 120
85 132
85 93
85 66
85 116
85 199
85 55
85 129
85 20
85 42
85 24
85 102
85 170
85 110
85 1
85 190
85 30
85 162
85 154
85 111
85 19
85 84
85 107
85 25
85 46
85 135
85 37
86 88
86 134
86 41
86 45
86 187
86 72
86 107
86 147
86 79
86 153
86 32
86 155
86 182
86 82
86 144
86 47
86 68
86 125
86 52
86 122
86 198
86 128
86 74
86 37
86 71
86 55
86 62
86 120
86 70
86 99
86 192
86 1
86 5
86 57
86 185
86 43
86 129
86 25
86 33
86 95
86 102
86 145
86 58
86 30
86 118
86 186
86 42
86 14
86 29
86 130
86 177
86 94
86 195
86 131
86 183
86 84
86 111
86 53
86 141
86 8
86 124
86 10
86 162
86 9
86 7
86 96
86 48
86 97
86 67
86 166
87 135
87 191
87 39
87 127
87 128
87 101
87 112
87 177
87 190
87 19
87 95
87 10
87 156
87 108
87 133
87 68
87 153
87 81
87 98
87 168
87 48
87 12
87 170
87 137
87 60
87 4
87 100
87 166
87 38
87 17
87 15
87 161
87 113
87 61
87 194
87 77
87 70
87 13
87 27
87 176
87 34
87 122
87 102
87 188
87 185
87 42
87 86
87 111
87 72
87 66
87 114
87 16
87 180
87 163
87 143
87 146
87 144
87 120
87 192
87 198
87 140
87 155
87 73
87 90
87 29
87 28
88 164
88 54
88 34
88 53
88 140
88 18
88 32
88 28
88 154
88 75
88 148
88 27
88 57
88 161
88 101
88 190
88 24
88 115
88 138
88 67
88 36
88 61
88 194
88 50
88 52
88 107
88 8
88 29
88 4
88 96
88 78
88 77
88 134
88 39
88 89
88 176
88 126
88 130
88 168
88 43
88 79
88 26
88 13
88 49
88 15
88 188
88 19
88 162
88 139
88 163
88 84
88 122
88 66
88 58
88 37
88 68
88 98
88 199
88 35
88 69
88 123
88 21
88 114
88 65
88 150
88 157
88 152
88 45
88 173
88 116
88 117
88 93
89 71
89 20
89 85
89 73
89 23
89 77
89 30
89 153
89 36
89 62
89 144
89 103
89 162
89 168
89 99
89 78
89 18
89 46
89 95
89 121
89 154
89 84
89 68
89 136
89 9
89 97
89 91
89 199
89 21
89 115
89 14
89 167
89 132
89 51
89 93
89 25
89 156
89 4
89 172
89 86
89 57
89 108
89 16
89 56
89 123
89 45
89 135
89 55
89 10
89 54
89 194
89 60
89 33
89 59
89 6
89 8
89 19
89 112
89 38
89 160
89 169
89 11
89 47
89 157
89 76
89 31
89 143
89 90
89 120
89 35
90 162
90 43
90 19
90 124
90 66
90 101
90 122
90 76
90 125
90 83
90 59
90 30
90 132
90 88
90 6
90 160
90 5
90 58
90 40
90 100
90 75
90 112
90 26
90 189
90 61
90 73
90 136
90 8
90 121
90 57
90 24
90 148
90 145
90 18
90 39
90 169
90 154
90 93
90 142
90 4
90 186
90 166
90 77
90 12
90 179
90 51
90 134
90 153
90 127
90 86
90 126
90 62
90 65
90 60
90 80
90 172
90 27
90 111
90 175
90 78
90 85
90 185
90 106
90 191
90 72
90 199
90 143
90 156
90 152
91 15
91 33
91 186
91 118
91 121
91 74
91 112
91 75
91 139
91 43
91 51
91 179
91 90
91 20
91 19
91 117
91 86
91 144
91 188
91 109
91 8
91 4
91 156
91 155
91 58
91 190
91 152
91 38
91 128
91 53
91 162
91 3
91 129
91 71
91 34
91 22
91 189
91 150
91 63
91 159
91 137
91 44
91 96
91 172
91 70
91 60
91 141
91 21
91 106
91 142
91 39
91 85
91 27
91 29
91 59
91 193
91 143
91 57
91 175
91 168
91 45
91 119
91 160
91 87
91 194
91 166
91 173
91 16
91 163
91 135
91 9
92 189
92 172
92 141
92 103
92 120
92 131
92 160
92 139
92 40
92 29
92 57
92 62
92 74
92 61
92 50
92 23
92 146
92 84
92 178
92 86
92 153
92 144
92 150
92 69
92 195
92 190
92 54
92 114
92 180
92 165
92 198
92 143
92 186
92 110
92 100
92 87
92 122
92 15
92 106
92 188
92 45
92 111
92 83
92 156
92 170
92 27
92 82
92 90
92 121
92 2
92 145
92 4
92 154
92 91
92 136
92 14
92 11
92 130
92 52
92 85
92 104
92 41
92 10
92 49
92 187
93 136
93 151
93 22
93 51
93 160
93 66
93 59
93 120
93 119
93 170
93 17
93 55
93 25
93 24
93 39
93 190
93 34
93 13
93 5
93 54
93 8
93 45
93 48
93 191
93 69
93 176
93 47
93 53
93 121
93 128
93 146
93 105
93 165
93 46
93 4
93 73
93 91
93 41
93 103
93 20
93 27
93 74
93 126
93 57
93 98
93 153
93 152
93 133
93 172
93 132
93 111
93 1
93 16
93 107
93 112
93 40
93 110
93 169
93 58
93 182
93 87
93 149
93 197
93 19
93 122
93 143
93 21
93 158
93 142
93 183
93 141
93 196
94 36
94 66
94 60
94 10
94 180
94 149
94 88
94 71
94 134
94 91
94 80
94 113
94 17
94 117
94 74
94 132
94 176
94 159
94 196
94 125
94 47
94 144
94 63
94 27
94 48
94 28
94 95
94 164
94 111
94 168
94 138
94 13
94 3
94 191
94 104
94 6
94 35
94 33
94 39
94 155
94 101
94 165
94 92
94 124
94 181
94 156
94 120
94 78
94 115
94 55
94 173
94 167
94 81
94 31
94 152
94 59
94 7
94 68
94 172
94 193
94 136
94 150
94 197
94 72
94 93
94 98
94 54
94 102
94 30
94 107
94 106
95 19
95 15
95 79
95 76
95 109
95 115
95 111
95 70
95 34
95 66
95 97
95 183
95 61
95 193
95 67
95 41
95 83
95 160
95 120
95 173
95 137
95 138
95 150
95 42
95 68
95 127
95 107
95 106
95 46
95 171
95 74
95 159
95 31
95 149
95 124
95 125
95 81
95 195
95 117
95 135
95 143
95 58
95 36
95 24
95 123
95 12
95 187
95 175
95 22
95 122
95 45
95 200
95 69
95 26
95 108
95 39
95 180
95 169
95 90
95 134
95 25
95 38
95 168
95 54
95 43
95 197
95 84
95 161
96 63
96 3
96 2
96 20
96 161
96 1
96 143
96 35
96 138
96 172
96 187
96 44
96 69
96 74
96 75
96 26
96 70
96 119
96 169
96 89
96 95
96 149
96 132
96 107
96 152
96 99
96 80
96 76
96 17
96 140
96 124
96 5
96 114
96 57
96 65
96 105
96 135
96 128
96 72
96 180
96 53
96 58
96 21
96 18
96 59
96 85
96 87
96 112
96 10
96 100
96 158
96 30
96 153
96 94
96 162
96 77
96 78
96 170
96 148
96 40
96 141
96 49
96 164
96 50
96 181
96 104
96 197
97 99
97 123
97 71
97 101
97 15
97 41
97 152
97 180
97 182
97 65
97 87
97 59
97 131
97 36
97 27
97 51
97 58
97 76
97 118
97 161
97 197
97 98
97 158
97 64
97 34
97 73
97 105
97 49
97 12
97 90
97 133
97 122
97 188
97 20
97 167
97 142
97 144
97 175
97 178
97 33
97 70
97 114
97 121
97 104
97 141
97 48
97 163
97 11
97 17
97 143
97 187
97 93
97 77
97 115
97 146
97 28
97 194
97 9
97 130
97 103
97 113
97 23
97 145
97 129
97 8
97 125
97 81
97 166
97 172
97 35
97 164
97 149
97 16
97 94
98 183
98 114
98 61
98 12
98 46
98 170
98 44
98 145
98 160
98 60
98 79
98 181
98 80
98 136
98 169
98 141
98 191
98 21
98 95
98 10
98 142
98 199
98 193
98 148
98 112
98 81
98 124
98 194
98 158
98 161
98 164
98 149
98 63
98 22
98 200
98 65
98 75
98 52
98 159
98 45
98 47
98 91
98 151
98 23
98 96
98 126
98 31
98 122
98 59
98 113
98 162
98 7
98 6
98 71
98 29
98 74
98 184
98 68
98 129
98 89
98 90
98 66
98 196
98 41
98 53
98 50
98 143
98 190
98 163
99 84
99 92
99 63
99 184
99 168
99 78
99 41
99 62
99 95
99 17
99 67
99 44
99 196
99 155
99 162
99 166
99 50
99 199
99 173
99 32
99 189
99 118
99 152
99 5
99 28
99 183
99 104
99 57
99 171
99 198
99 128
99 153
99 14
99 175
99 195
99 75
99 151
99 55
99 100
99 68
99 6
99 160
99 23
99 180
99 112
99 30
99 103
99 161
99 87
99 51
99 145
99 115
99 19
99 27
99 91
99 157
99 107
99 127
99 191
99 108
99 20
99 187
99 181
99 116
99 190
99 94
99 179
99 82
99 61
99 102
99 126
99 192
100 178
100 168
100 107
100 9
100 133
100 109
100 188
100 174
100 49
100 53
100 41
100 37
100 1
100 47
100 156
100 15
100 112
100 97
100 12
100 149
100 175
100 129
100 101
100 82
100 57
100 27
100 5
100 123
100 86
100 73
100 197
100 46
100 172
100 186
100 162
100 177
100 51
100 35
100 116
100 121
100 88
100 36
100 143
100 154
100 85
100 190
100 59
100 184
100 3
100 189
100 161
100 32
100 16
100 93
100 33
100 25
100 40
100 81
100 118
100 160
100 102
100 29
100 4
100 119
100 70
100 131
100 80
100 55
100 24
101 96
101 107
101 113
101 193
101 7
101 52
101 26
101 143
101 29
101 79
101 177
101 57
101 6
101 200
101 62
101 123
101 64
101 36
101 19
101 50
101 86
101 63
101 187
101 165
101 93
101 66
101 51
101 157
101 83
101 84
101 114
101 128
101 115
101 147
101 27
101 145
101 111
101 95
101 134
101 10
101 148
101 91
101 121
101 117
101 77
101 55
101 33
101 130
101 176
101 196
101 120
101 175
101 3
101 81
101 74
101 184
101 150
101 119
101 172
101 34
101 72
101 71
101 122
101 37
101 20
101 99
101 189
101 106
101 53
102 6
102 161
102 20
102 91
102 46
102 89
102 190
102 74
102 176
102 172
102 148
102 44
102 17
102 56
102 52
102 125
102 197
102 108
102 26
102 188
102 141
102 96
102 164
102 184
102 21
102 27
102 92
102 38
102 36
102 129
102 82
102 174
102 200
102 109
102 105
102 90
102 140
102 124
102 168
102 180
102 1
102 167
102 137
102 16
102 128
102 37
102 65
102 130
102 76
102 162
102 32
102 62
102 198
102 49
102 158
102 196
102 191
102 178
102 146
102 159
102 42
102 127
102 59
102 160
102 14
102 152
102 97
102 9
102 45
103 181
103 166
103 5
103 193
103 134
103 26
103 64
103 43
103 10
103 158
103 24
103 44
103 146
103 3
103 55
103 60
103 167
103 52
103 129
103 183
103 14
103 96
103 17
103 187
103 77
103 114
103 162
103 161
103 94
103 196
103 70
103 21
103 125
103 76
103 91
103 170
103 136
103 190
103 31
103 2
103 4
103 9
103 83
103 200
103 120
103 135
103 179
103 174
103 186
103 168
103 143
103 115
103 132
103 23
103 112
103 110
103 67
103 180
103 61
103 128
103 29
103 184
103 36
103 16
103 32
103 56
104 95
104 192
104 24
104 67
104 197
104 189
104 126
104 181
104 169
104 185
104 54
104 114
104 116
104 101
104 198
104 17
104 34
104 87
104 180
104 145
104 158
104 65
104 90
104 49
104 113
104 81
104 40
104 62
104 4
104 122
104 167
104 199
104 109
104 46
104 41
104 58
104 14
104 143
104 110
104 25
104 89
104 132
104 177
104 7
104 19
104 107
104 152
104 131
104 83
104 29
104 100
104 133
104 139
104 73
104 187
104 159
104 6
104 163
104 174
104 176
104 50
104 27
104 165
104 128
104 20
104 51
104 86
104 93
104 191
105 103
105 70
105 108
105 126
105 36
105 178
105 66
105 120
105 64
105 50
105 144
105 112
105 99
105 101
105 151
105 35
105 67
105 113
105 62
105 1
105 29
105 34
105 170
105 128
105 58
105 158
105 26
105 92
105 175
105 166
105 116
105 130
105 155
105 7
105 98
105 160
105 139
105 57
105 153
105 197
105 142
105 176
105 22
105 133
105 48
105 81
105 174
105 154
105 15
105 91
105 196
105 129
105 83
105 179
105 3
105 25
105 65
105 11
105 14
105 8
105 60
105 145
105 94
105 87
105 63
105 165
105 42
105 69
105 55
105 149
106 125
106 144
106 47
106 44
106 23
106 111
106 15
106 176
106 55
106 107
106 126
106 81
106 112
106 146
106 5
106 57
106 129
106 39
106 68
106 60
106 89
106 149
106 36
106 199
106 41
106 139
106 153
106 198
106 69
106 122
106 137
106 196
106 71
106 86
106 100
106 102
106 119
106 70
106 181
106 115
106 34
106 8
106 148
106 147
106 93
106 105
106 50
106 155
106 104
106 12
106 87
106 109
106 97
106 167
106 187
106 62
106 79
106 116
106 191
106 61
106 96
106 6
106 98
106 158
106 190
106 160
106 120
106 30
106 135
106 175
106 174
107 8
107 5
107 69
107 57
107 48
107 70
107 132
107 182
107 23
107 49
107 103
107 172
107 173
107 46
107 9
107 116
107 84
107 80
107 75
107 62
107 171
107 43
107 144
107 136
107 79
107 127
107 147
107 102
107 180
107 126
107 165
107 78
107 137
107 15
107 177
107 193
107 24
107 133
107 44
107 81
107 138
107 179
107 139
107 89
107 150
107 63
107 97
107 98
107 178
107 42
107 185
107 27
107 56
107 28
107 142
107 92
107 148
107 34
107 197
107 161
107 87
107 50
107 187
107 109
107 76
107 105
107 36
107 37
107 58
107 77
107 90
107 54
107 141
107 131
107 41
107 188
108 128
108 143
108 164
108 106
108 66
108 159
108 111
108 182
108 29
108 169
108 83
108 2
108 1
108 172
108 7
108 22
108 20
108 122
108 180
108 157
108 94
108 8
108 189
108 136
108 81
108 144
108 150
108 110
108 47
108 11
108 174
108 155
108 82
108 149
108 75
108 86
108 191
108 6
108 148
108 51
108 161
108 44
108 13
108 57
108 96
108 131
108 151
108 167
108 113
108 185
108 88
108 146
108 171
108 92
108 53
108 135
108 97
108 103
108 42
108 77
108 9
108 142
108 39
108 15
108 200
108 59
108 139
108 198
109 124
109 101
109 125
109 162
109 112
109 1
109 99
109 26
109 98
109 198
109 145
109 58
109 10
109 130
109 103
109 176
109 149
109 173
109 76
109 182
109 115
109 23
109 153
109 85
109 2
109 19
109 180
109 67
109 89
109 50
109 190
109 65
109 131
109 168
109 160
109 136
109 57
109 97
109 105
109 193
109 9
109 72
109 175
109 68
109 8
109 36
109 116
109 199
109 197
109 11
109 51
109 192
109 7
109 37
109 151
109 141
109 30
109 87
109 70
109 21
109 14
109 92
109 32
109 195
109 79
109 48
109 28
109 187
109 110
109 179
109 154
109 78
109 73
110 62
110 94
110 79
110 182
110 106
110 38
110 67
110 195
110 126
110 187
110 156
110 186
110 107
110 194
110 113
110 77
110 191
110 124
110 45
110 44
110 145
110 114
110 158
110 91
110 61
110 89
110 154
110 199
110 178
110 115
110 20
110 140
110 64
110 184
110 72
110 105
110 172
110 33
110 41
110 131
110 39
110 157
110 27
110 17
110 189
110 3
110 29
110 86
110 188
110 99
110 16
110 123
110 120
110 22
110 52
110 97
110 144
110 151
110 7
110 87
110 125
110 30
110 102
110 49
110 48
110 136
110 155
110 96
110 132
110 57
110 70
110 47
110 12
110 98
111 42
111 127
111 83
111 113
111 41
111 20
111 33
111 139
111 99
111 23
111 57
111 135
111 160
111 185
111 37
111 84
111 168
111 192
111 144
111 170
111 196
111 148
111 9
111 186
111 31
111 61
111 88
111 103
111 4
111 114
111 110
111 97
111 146
111 71
111 75
111 169
111 76
111 40
111 91
111 161
111 63
111 16
111 188
111 105
111 118
111 104
111 153
111 100
111 164
111 198
111 5
111 12
111 120
111 6
111 102
111 27
111 36
111 179
111 14
111 149
111 96
111 64
111 138
111 129
111 11
111 68
111 25
111 44
111 77
111 15
111 24
111 180
111 7
111 184
112 126
112 20
112 111
112 137
112 30
112 37
112 9
112 200
112 65
112 123
112 157
112 7
112 128
112 113
112 193
112 60
112 86
112 84
112 194
112 146
112 138
112 3
112 190
112 42
112 53
112 147
112 133
112 72
112 191
112 178
112 114
112 136
112 158
112 19
112 66
112 185
112 116
112 153
112 197
112 58
112 1
112 17
112 156
112 125
112 130
112 25
112 26
112 140
112 134
112 62
112 47
112 167
112 161
112 15
112 164
112 189
112 74
112 27
112 82
112 55
112 94
112 31
112 117
112 173
112 142
112 61
112 83
112 172
112 4
112 187
112 75
112 102
112 108
113 191
113 77
113 25
113 109
113 85
113 67
113 131
113 86
113 171
113 46
113 153
113 31
113 28
113 73
113 133
113 10
113 82
113 54
113 193
113 175
113 39
113 47
113 156
113 127
113 69
113 34
113 165
113 58
113 23
113 120
113 21
113 172
113 178
113 141
113 140
113 83
113 102
113 2
113 35
113 24
113 164
113 115
113 91
113 144
113 17
113 18
113 129
113 148
113 143
113 44
113 126
113 56
113 189
113 43
113 38
113 26
113 13
113 75
113 63
113 59
113 33
113 88
113 8
113 3
113 121
113 125
114 179
114 174
114 53
114 181
114 113
114 20
114 49
114 89
114 93
114 146
114 167
114 26
114 15
114 120
114 65
114 102
114 32
114 68
114 152
114 58
114 198
114 21
114 122
114 180
114 106
114 161
114 6
114 169
114 184
114 131
114 24
114 164
114 126
114 172
114 134
114 45
114 166
114 109
114 200
114 143
114 190
114 75
114 77
114 129
114 78
114 39
114 91
114 158
114 145
114 151
114 47
114 9
114 154
114 107
114 81
114 105
114 10
114 8
114 195
114 1
114 193
114 16
114 133
114 178
114 197
114 62
114 116
114 67
114 139
115 159
115 84
115 7
115 114
115 93
115 26
115 63
115 12
115 118
115 43
115 45
115 111
115 23
115 68
115 73
115 96
115 76
115 79
115 39
115 105
115 71
115 122
115 91
115 134
115 192
115 197
115 98
115 56
115 194
115 127
115 60
115 121
115 1
115 116
115 3
115 5
115 187
115 64
115 92
115 44
115 180
115 153
115 164
115 17
115 168
115 59
115 16
115 150
115 86
115 170
115 13
115 191
115 14
115 140
115 166
115 131
115 126
115 35
115 29
115 50
115 72
115 104
115 128
115 108
115 61
115 173
115 6
116 186
116 101
116 75
116 110
116 194
116 81
116 92
116 9
116 31
116 51
116 28
116 34
116 18
116 33
116 156
116 93
116 150
116 8
116 94
116 102
116 57
116 86
116 160
116 29
116 72
116 157
116 132
116 73
116 171
116 24
116 190
116 74
116 90
116 146
116 128
116 154
116 141
116 11
116 111
116 58
116 165
116 79
116 14
116 113
116 2
116 89
116 1
116 6
116 174
116 126
116 63
116 25
116 152
116 83
116 70
116 149
116 167
116 68
116 119
116 158
116 84
116 178
116 124
116 133
116 52
116 97
116 179
116 13
116 142
116 147
116 108
116 50
116 143
116 91
116 60
116 135
116 48
117 107
117 99
117 17
117 162
117 181
117 105
117 32
117 140
117 125
117 161
117 110
117 93
117 14
117 55
117 53
117 184
117 70
117 104
117 155
117 8
117 71
117 200
117 118
117 48
117 188
117 80
117 177
117 126
117 18
117 19
117 31
117 30
117 141
117 197
117 130
117 97
117 127
117 174
117 54
117 119
117 75
117 138
117 134
117 172
117 114
117 159
117 85
117 115
117 3
117 139
117 23
117 167
117 148
117 176
117 6
117 165
117 67
117 87
117 116
117 180
117 166
117 20
117 183
117 29
117 69
117 81
118 150
118 103
118 95
118 25
118 149
118 130
118 186
118 101
118 189
118 54
118 34
118 89
118 145
118 32
118 179
118 3
118 18
118 98
118 147
118 45
118 137
118 93
118 170
118 168
118 50
118 193
118 77
118 94
118 88
118 17
118 124
118 78
118 113
118 109
118 180
118 24
118 28
118 139
118 114
118 119
118 46
118 1
118 108
118 192
118 146
118 142
118 163
118 199
118 79
118 169
118 138
118 58
118 135
118 68
118 92
118 55
118 182
118 102
118 174
118 63
118 5
118 175
118 188
118 67
118 41
118 84
118 10
119 184
119 104
119 50
119 187
119 170
119 146
119 46
119 164
119 1
119 147
119 7
119 128
119 115
119 183
119 179
119 120
119 77
119 168
119 15
119 98
119 185
119 95
119 195
119 85
119 156
119 180
119 26
119 65
119 132
119 20
119 37
119 82
119 3
119 76
119 99
119 110
119 84
119 87
119 16
119 70
119 150
119 166
119 14
119 67
119 143
119 94
119 44
119 109
119 12
119 158
119 92
119 9
119 58
119 197
119 31
119 24
119 129
119 174
119 145
119 61
119 191
119 123
119 5
119 131
119 97
119 157
120 155
120 46
120 18
120 13
120 23
120 133
120 194
120 80
120 184
120 63
120 33
120 135
120 166
120 112
120 11
120 145
120 140
120 67
120 2
120 180
120 52
120 129
120 181
120 29
120 170
120 108
120 72
120 198
120 40
120 22
120 172
120 116
120 90
120 49
120 56
120 118
120 126
120 142
120 97
120 88
120 104
120 100
120 174
120 146
120 144
120 154
120 199
120 123
120 197
120 14
120 122
120 200
120 71
120 81
120 158
120 17
120 84
120 64
120 28
120 59
120 131
120 107
120 132
120 74
120 3
120 141
120 83
120 65
120 102
120 75
120 187
120 139
121 120
121 102
121 111
121 119
121 8
121 126
121 174
121 125
121 38
121 81
121 181
121 159
121 53
121 177
121 85
121 194
121 65
121 24
121 96
121 112
121 136
121 135
121 77
121 186
121 50
121 110
121 105
121 144
121 190
121 148
121 32
121 116
121 107
121 80
121 17
121 18
121 169
121 153
121 84
121 173
121 145
121 43
121 15
121 191
121 74
121 175
121 4
121 28
121 25
121 56
121 187
121 16
121 128
121 36
121 142
121 103
121 114
121 34
121 52
121 131
121 94
121 95
121 88
121 200
121 172
121 19
121 108
121 49
121 104
121 199
121 122
121 167
122 196
122 11
122 180
122 40
122 25
122 72
122 66
122 42
122 141
122 132
122 6
122 156
122 17
122 187
122 75
122 28
122 49
122 46
122 118
122 145
122 77
122 188
122 171
122 136
122 74
122 169
122 195
122 177
122 160
122 44
122 144
122 123
122 69
122 116
122 56
122 119
122 24
122 65
122 94
122 41
122 1
122 54
122 200
122 155
122 198
122 96
122 89
122 5
122 71
122 55
122 178
122 112
122 12
122 126
122 135
122 117
122 91
122 35
122 18
122 134
122 10
122 4
122 170
122 113
122 149
122 197
122 68
122 162
122 27
122 194
122 192
123 16
123 159
123 21
123 193
123 102
123 82
123 77
123 157
123 38
123 189
123 78
123 130
123 2
123 11
123 129
123 47
123 175
123 48
123 135
123 115
123 199
123 8
123 195
123 62
123 177
123 124
123 83
123 12
123 53
123 99
123 118
123 162
123 58
123 166
123 104
123 87
123 94
123 24
123 160
123 33
123 144
123 154
123 85
123 73
123 192
123 140
123 108
123 26
123 54
123 31
123 19
123 9
123 18
123 60
123 191
123 114
123 141
124 30
124 193
124 72
124 16
124 49
124 39
124 70
124 99
124 31
124 192
124 200
124 78
124 135
124 97
124 69
124 100
124 145
124 197
124 119
124 111
124 45
124 89
124 195
124 153
124 7
124 150
124 126
124 121
124 181
124 85
124 191
124 12
124 74
124 125
124 182
124 179
124 112
124 136
124 142
124 129
124 167
124 52
124 48
124 82
124 134
124 91
124 158
124 115
124 164
124 176
124 58
124 180
124 127
124 92
124 154
124 25
124 172
124 88
124 117
124 17
124 144
124 155
124 43
124 46
124 75
124 59
124 6
124 188
124 64
124 114
124 105
124 186
125 104
125 144
125 188
125 64
125 136
125 195
125 141
125 28
125 33
125 192
125 8
125 89
125 107
125 96
125 12
125 187
125 91
125 39
125 41
125 99
125 158
125 186
125 101
125 134
125 108
125 15
125 56
125 119
125 21
125 169
125 35
125 5
125 75
125 111
125 3
125 157
125 1
125 9
125 52
125 185
125 7
125 19
125 173
125 34
125 47
125 66
125 27
125 93
125 123
125 127
125 46
125 154
125 92
125 181
125 174
125 23
125 76
125 161
125 177
125 105
125 116
125 79
125 190
125 58
125 150
125 135
125 6
125 138
125 78
126 167
126 56
126 42
126 189
126 58
126 195
126 95
126 46
126 17
126 40
126 32
126 132
126 100
126 172
126 15
126 150
126 127
126 149
126 45
126 49
126 145
126 194
126 66
126 94
126 136
126 146
126 130
126 64
126 72
126 200
126 44
126 50
126 27
126 2
126 37
126 63
126 96
126 70
126 111
126 23
126 91
126 193
126 158
126 3
126 159
126 161
126 78
126 11
126 38
126 160
126 60
126 119
126 118
126 152
126 166
126 6
126 109
126 7
126 54
126 65
126 21
126 86
126 97
126 35
126 197
126 144
126 198
126 147
126 25
126 9
126 4
127 3
127 196
127 140
127 112
127 40
127 82
127 135
127 13
127 93
127 159
127 187
127 184
127 92
127 178
127 84
127 16
127 20
127 142
127 118
127 29
127 50
127 128
127 88
127 58
127 46
127 41
127 186
127 122
127 191
127 188
127 136
127 94
127 157
127 132
127 79
127 5
127 183
127 177
127 2
127 51
127 101
127 173
127 167
127 45
127 121
127 91
127 175
127 71
127 34
127 194
127 100
127 32
127 179
127 110
127 199
127 44
127 28
127 48
127 31
127 158
127 86
127 61
127 180
127 182
127 114
127 63
127 150
127 77
127 123
127 19
127 12
127 106
128 4
128 120
128 88
128 68
128 26
128 114
128 118
128 191
128 60
128 16
128 71
128 81
128 77
128 110
128 64
128 146
128 25
128 113
128 126
128 35
128 5
128 171
128 198
128 75
128 166
128 132
128 44
128 33
128 30
128 56
128 133
128 55
128 52
128 100
128 2
128 74
128 131
128 141
128 196
128 140
128 83
128 1
128 94
128 8
128 73
128 155
128 63
128 6
128 160
128 19
128 177
128 164
128 107
128 98
128 97
128 173
128 111
128 180
128 17
128 157
128 174
128 189
128 149
128 54
128 148
128 109
128 40
128 38
128 13
128 95
128 145
128 175
128 59
129 187
129 32
129 153
129 59
129 52
129 38
129 88
129 29
129 82
129 143
129 122
129 92
129 81
129 161
129 121
129 192
129 8
129 168
129 42
129 65
129 132
129 11
129 23
129 127
129 26
129 69
129 35
129 80
129 60
129 197
129 4
129 138
129 189
129 93
129 74
129 87
129 101
129 58
129 94
129 36
129 79
129 117
129 175
129 198
129 96
129 151
129 115
129 56
129 15
129 110
129 162
129 31
129 165
129 53
129 167
129 163
129 68
129 126
129 128
129 89
129 199
129 182
129 78
129 147
129 112
129 134
129 160
129 176
129 50
129 54
129 63
129 75
130 87
130 114
130 183
130 149
130 66
130 140
130 124
130 20
130 116
130 169
130 14
130 73
130 10
130 8
130 75
130 71
130 195
130 184
130 188
130 187
130 81
130 113
130 199
130 120
130 166
130 16
130 107
130 93
130 45
130 80
130 82
130 111
130 147
130 13
130 125
130 95
130 90
130 58
130 177
130 155
130 94
130 164
130 158
130 110
130 135
130 157
130 28
130 133
130 85
130 108
130 174
130 55
130 173
130 167
130 50
130 151
130 9
130 119
130 127
130 106
130 171
130 32
130 129
130 23
130 51
130 186
130 128
130 3
131 138
131 159
131 181
131 63
131 25
131 2
131 126
131 56
131 189
131 154
131 112
131 191
131 77
131 103
131 75
131 30
131 105
131 10
131 140
131 96
131 23
131 118
131 24
131 36
131 155
131 80
131 141
131 180
131 164
131 57
131 125
131 87
131 135
131 117
131 106
131 167
131 26
131 68
131 67
131 145
131 111
131 161
131 21
131 122
131 127
131 186
131 102
131 139
131 130
131 50
131 39
131 66
131 62
131 176
131 19
131 5
131 152
131 98
131 42
131 173
131 55
131 73
131 59
131 72
131 33
131 32
131 48
131 78
131 18
132 108
132 191
132 16
132 163
132 106
132 105
132 78
132 125
132 183
132 55
132 45
132 19
132 140
132 161
132 80
132 84
132 100
132 114
132 40
132 184
132 131
132 139
132 54
132 56
132 142
132 99
132 77
132 97
132 65
132 7
132 176
132 193
132 181
132 151
132 101
132 60
132 117
132 152
132 4
132 52
132 190
132 34
132 88
132 59
132 57
132 82
132 74
132 169
132 70
132 28
132 67
132 135
132 41
132 171
132 31
132 75
132 71
132 30
132 115
132 197
132 175
132 192
132 86
132 21
132 179
132 160
133 59
133 148
133 99
133 169
133 197
133 123
133 151
133 66
133 198
133 96
133 160
133 94
133 171
133 174
133 140
133 30
133 124
133 103
133 109
133 162
133 129
133 23
133 175
133 110
133 16
133 155
133 188
133 7
133 82
133 131
133 98
133 132
133 122
133 13
133 53
133 46
133 64
133 14
133 193
133 40
133 91
133 185
133 194
133 143
133 159
133 26
133 68
133 161
133 106
133 29
133 190
133 119
133 31
133 9
133 85
133 199
133 147
133 76
133 163
133 4
133 32
133 83
133 88
133 95
133 62
133 54
133 18
133 6
133 167
133 75
133 118
134 111
134 113
134 190
134 77
134 92
134 69
134 144
134 2
134 160
134 118
134 199
134 58
134 127
134 179
134 32
134 93
134 196
134 72
134 137
134 15
134 12
134 110
134 132
134 9
134 154
134 99
134 89
134 49
134 159
134 188
134 10
134 100
134 140
134 37
134 162
134 195
134 57
134 48
134 64
134 65
134 55
134 172
134 35
134 176
134 187
134 130
134 44
134 25
134 1
134 194
134 106
134 71
134 109
134 16
134 96
134 169
134 14
134 6
134 143
134 168
134 178
134 43
134 26
134 181
134 20
134 121
134 28
134 180
134 41
134 33
134 152
134 136
135 7
135 119
135 28
135 129
135 137
135 141
135 193
135 187
135 105
135 55
135 47
135 65
135 29
135 170
135 190
135 176
135 162
135 198
135 90
135 27
135 45
135 142
135 157
135 20
135 143
135 80
135 181
135 199
135 48
135 60
135 189
135 72
135 128
135 24
135 164
135 31
135 38
135 183
135 196
135 36
135 147
135 92
135 93
135 69
135 39
135 112
135 102
135 46
135 113
135 158
135 57
135 3
135 88
135 66
135 179
135 9
135 70
135 74
135 10
135 56
135 168
135 1
135 177
135 33
135 98
135 150
135 195
135 99
135 133
135 67
135 17
135 101
135 64
135 114
135 86
136 170
136 104
136 12
136 173
136 57
136 131
136 123
136 36
136 145
136 88
136 16
136 118
136 71
136 48
136 129
136 149
136 60
136 195
136 128
136 34
136 157
136 117
136 158
136 91
136 106
136 13
136 148
136 76
136 41
136 56
136 116
136 144
136 52
136 161
136 151
136 20
136 155
136 59
136 61
136 162
136 81
136 119
136 35
136 79
136 160
136 153
136 171
136 85
136 165
136 72
136 200
136 174
136 95
136 11
136 70
136 101
136 137
136 82
136 111
136 64
136 193
136 96
136 166
136 140
136 66
136 169
137 74
137 109
137 119
137 127
137 183
137 77
137 173
137 124
137 104
137 58
137 93
137 53
137 24
137 32
137 148
137 88
137 99
137 121
137 30
137 12
137 147
137 177
137 199
137 67
137 65
137 96
137 125
137 45
137 20
137 160
137 81
137 162
137 187
137 11
137 154
137 33
137 4
137 60
137 26
137 28
137 103
137 50
137 22
137 61
137 9
137 113
137 158
137 178
137 89
137 7
137 151
137 42
137 83
137 111
137 191
137 196
137 98
137 117
137 131
137 122
137 101
137 146
137 172
137 167
137 157
137 166
137 123
137 182
137 115
137 31
137 140
137 79
137 100
137 57
138 163
138 83
138 85
138 78
138 127
138 72
138 110
138 82
138 108
138 119
138 92
138 182
138 97
138 11
138 63
138 192
138 13
138 16
138 146
138 93
138 30
138 55
138 9
138 135
138 156
138 172
138 8
138 134
138 87
138 128
138 24
138 200
138 155
138 169
138 114
138 126
138 193
138 144
138 136
138 99
138 71
138 139
138 46
138 43
138 186
138 176
138 66
138 67
138 59
138 37
138 130
138 58
138 188
138 90
138 109
138 185
138 183
138 21
138 141
138 105
138 113
138 2
139 70
139 12
139 43
139 176
139 31
139 33
139 156
139 194
139 21
139 71
139 20
139 99
139 162
139 90
139 86
139 140
139 178
139 122
139 137
139 16
139 101
139 109
139 63
139 46
139 17
139 133
139 169
139 141
139 100
139 14
139 168
139 77
139 73
139 13
139 123
139 79
139 74
139 167
139 19
139 18
139 177
139 80
139 82
139 61
139 28
139 57
139 125
139 119
139 170
139 127
139 7
139 11
139 146
139 110
139 157
139 145
139 24
139 135
139 47
139 64
139 97
139 113
139 56
139 10
139 128
139 89
139 112
139 41
139 152
139 126
140 171
140 37
140 2
140 174
140 80
140 182
140 35
140 40
140 103
140 83
140 7
140 173
140 114
140 42
140 38
140 55
140 146
140 90
140 184
140 167
140 16
140 13
140 104
140 94
140 162
140 192
140 24
140 15
140 176
140 138
140 5
140 98
140 148
140 27
140 89
140 126
140 100
140 191
140 85
140 181
140 159
140 119
140 62
140 18
140 163
140 108
140 56
140 149
140 43
140 84
140 124
140 170
140 165
140 175
140 22
140 196
140 187
140 186
140 57
140 81
140 1
140 180
140 164
140 153
140 91
140 44
140 107
140 33
140 46
140 141
140 99
140 199
140 193
140 20
141 43
141 101
141 184
141 186
141 68
141 19
141 130
141 169
141 121
141 180
141 44
141 90
141 160
141 34
141 133
141 50
141 42
141 70
141 49
141 72
141 191
141 78
141 18
141 76
141 5
141 136
141 115
141 143
141 16
141 161
141 145
141 195
141 52
141 104
141 47
141 185
141 26
141 151
141 154
141 112
141 31
141 192
141 80
141 142
141 69
141 10
141 83
141 1
141 99
141 163
141 119
141 124
141 127
141 111
141 106
141 155
141 87
141 181
141 33
141 36
141 13
141 188
141 35
141 137
141 9
141 176
141 174
141 79
142 26
142 180
142 193
142 80
142 19
142 191
142 14
142 199
142 3
142 48
142 92
142 103
142 65
142 96
142 25
142 72
142 122
142 196
142 106
142 12
142 5
142 13
142 145
142 165
142 119
142 86
142 66
142 85
142 159
142 166
142 133
142 129
142 34
142 46
142 62
142 111
142 102
142 53
142 157
142 39
142 197
142 185
142 115
142 33
142 170
142 173
142 52
142 94
142 176
142 147
142 99
142 22
142 70
142 125
142 143
142 189
142 177
142 71
142 114
142 182
142 183
142 67
142 190
142 171
142 181
142 51
142 61
142 200
143 112
143 179
143 164
143 63
143 159
143 34
143 193
143 173
143 147
143 32
143 46
143 190
143 154
143 68
143 178
143 106
143 155
143 128
143 171
143 24
143 181
143 130
143 48
143 162
143 33
143 121
143 131
143 122
143 23
143 152
143 75
143 22
143 184
143 111
143 160
143 139
143 125
143 69
143 85
143 94
143 79
143 172
143 2
143 72
143 66
143 158
143 107
143 65
143 165
143 169
143 83
143 170
143 53
143 38
143 156
143 132
143 137
143 124
143 58
143 110
143 31
143 39
143 30
143 187
143 182
143 192
143 77
143 118
143 16
143 81
143 5
143 44
143 59
144 41
144 38
144 109
144 82
144 114
144 73
144 101
144 74
144 146
144 188
144 8
144 98
144 173
144 139
144 131
144 93
144 145
144 62
144 197
144 68
144 67
144 43
144 177
144 193
144 140
144 58
144 32
144 70
144 174
144 182
144 53
144 37
144 15
144 130
144 90
144 104
144 115
144 72
144 127
144 189
144 186
144 119
144 116
144 117
144 103
144 23
144 149
144 100
144 61
144 184
144 159
144 26
144 152
144 12
144 77
144 22
144 129
144 167
144 183
144 33
144 54
144 133
144 190
144 194
144 162
144 55
145 28
145 75
145 166
145 40
145 32
145 199
145 48
145 152
145 65
145 29
145 153
145 41
145 183
145 196
145 184
145 164
145 107
145 93
145 115
145 68
145 146
145 117
145 174
145 31
145 140
145 19
145 58
145 67
145 132
145 103
145 51
145 175
145 61
145 84
145 26
145 188
145 143
145 36
145 89
145 60
145 193
145 102
145 173
145 134
145 2
145 39
145 130
145 182
145 34
145 198
145 108
145 137
145 35
145 88
145 123
145 72
145 1
145 9
145 116
145 168
145 133
145 154
145 62
145 189
145 57
145 52
145 151
145 200
145 106
145 18
145 76
146 185
146 44
146 79
146 172
146 4
146 129
146 84
146 3
146 142
146 115
146 165
146 89
146 96
146 158
146 10
146 86
146 180
146 69
146 151
146 52
146 33
146 15
146 37
146 133
146 198
146 101
146 182
146 90
146 110
146 175
146 54
146 105
146 136
146 177
146 159
146 35
146 171
146 113
146 39
146 51
146 62
146 109
146 160
146 11
146 99
146 58
146 104
146 65
146 155
146 117
146 67
146 66
146 16
146 38
146 149
146 12
146 135
146 57
146 179
146 100
146 6
146 31
146 49
146 14
146 157
146 181
146 41
147 73
147 88
147 145
147 29
147 115
147 59
147 93
147 122
147 103
147 67
147 46
147 56
147 127
147 123
147 64
147 154
147 43
147 158
147 120
147 84
147 36
147 177
147 83
147 187
147 53
147 90
147 7
147 114
147 71
147 146
147 14
147 30
147 108
147 57
147 85
147 182
147 1
147 125
147 132
147 25
147 94
147 10
147 92
147 60
147 184
147 113
147 96
147 134
147 23
147 50
147 69
147 152
147 173
147 175
147 18
147 97
147 51
147 196
147 72
147 121
147 186
147 124
147 68
147 170
147 167
147 99
147 91
148 158
148 152
148 3
148 162
148 138
148 129
148 197
148 126
148 40
148 177
148 58
148 36
148 125
148 190
148 118
148 18
148 51
148 1
148 11
148 87
148 186
148 141
148 134
148 23
148 71
148 66
148 82
148 112
148 94
148 115
148 5
148 17
148 103
148 182
148 174
148 149
148 44
148 192
148 132
148 166
148 16
148 170
148 53
148 163
148 173
148 164
148 168
148 156
148 195
148 80
148 32
148 105
148 93
148 193
148 122
148 114
148 135
148 120
148 139
148 119
148 50
148 155
148 33
148 104
148 68
148 165
148 6
148 181
149 18
149 91
149 189
149 78
149 120
149 82
149 50
149 153
149 117
149 133
149 59
149 20
149 16
149 132
149 52
149 25
149 185
149 147
149 99
149 195
149 103
149 157
149 83
149 107
149 81
149 158
149 75
149 47
149 88
149 8
149 64
149 192
149 2
149 86
149 49
149 90
149 114
149 145
149 171
149 200
149 196
149 87
149 150
149 161
149 187
149 191
149 29
149 6
149 182
149 194
149 138
149 1
149 55
149 137
149 60
149 155
149 183
149 178
149 165
149 169
149 34
149 101
149 37
149 102
149 71
150 141
150 134
150 198
150 122
150 82
150 102
150 5
150 148
150 185
150 11
150 83
150 195
150 45
150 66
150 14
150 103
150 175
150 60
150 109
150 89
150 64
150 196
150 172
150 48
150 133
150 112
150 18
150 200
150 165
150 84
150 136
150 56
150 31
150 8
150 36
150 54
150 132
150 121
150 98
150 156
150 158
150 162
150 58
150 17
150 55
150 168
150 44
150 179
150 114
150 19
150 71
150 76
150 137
150 96
150 106
150 51
150 100
150 113
150 142
150 30
150 73
150 128
150 99
150 85
150 2
150 189
150 117
150 167
150 77
150 184
151 149
151 6
151 185
151 57
151 23
151 100
151 173
151 18
151 162
151 171
151 155
151 174
151 55
151 115
151 59
151 94
151 107
151 152
151 26
151 28
151 199
151 82
151 20
151 157
151 75
151 96
151 34
151 47
151 84
151 116
151 193
151 154
151 80
151 74
151 78
151 65
151 175
151 70
151 117
151 104
151 25
151 45
151 118
151 178
151 143
151 90
151 128
151 156
151 76
151 148
151 14
151 51
151 186
151 195
151 183
151 121
151 119
151 194
151 103
151 106
151 153
151 97
151 67
151 29
151 189
151 198
151 61
151 62
151 16
151 139
151 35
151 22
152 98
152 189
152 100
152 86
152 52
152 11
152 57
152 32
152 24
152 77
152 160
152 109
152 54
152 83
152 179
152 8
152 173
152 192
152 149
152 59
152 115
152 33
152 146
152 178
152 176
152 13
152 169
152 142
152 141
152 185
152 125
152 130
152 43
152 199
152 22
152 40
152 184
152 135
152 35
152 21
152 113
152 129
152 193
152 195
152 78
152 140
152 110
152 162
152 31
152 64
152 28
152 112
152 16
152 121
152 107
152 156
152 103
152 7
152 124
152 118
152 198
152 166
152 23
152 89
152 75
152 68
152 171
152 20
153 50
153 139
153 98
153 70
153 72
153 41
153 88
153 62
153 27
153 107
153 28
153 125
153 81
153 19
153 30
153 120
153 152
153 197
153 193
153 161
153 59
153 104
153 154
153 165
153 68
153 40
153 168
153 14
153 51
153 118
153 16
153 179
153 46
153 134
153 108
153 11
153 94
153 166
153 163
153 196
153 49
153 101
153 91
153 103
153 8
153 58
153 2
153 176
153 85
153 36
153 141
153 131
153 198
153 122
153 184
153 34
153 53
153 102
153 158
153 147
153 132
153 64
153 117
153 137
153 150
153 15
153 35
153 77
153 183
153 156
153 25
153 23
153 142
154 142
154 93
154 40
154 126
154 129
154 9
154 35
154 200
154 139
154 148
154 86
154 99
154 149
154 150
154 37
154 17
154 193
154 163
154 68
154 106
154 14
154 132
154 43
154 78
154 97
154 16
154 39
154 172
154 87
154 127
154 181
154 82
154 41
154 15
154 4
154 8
154 122
154 140
154 108
154 168
154 19
154 70
154 64
154 101
154 128
154 111
154 76
154 53
154 107
154 184
154 42
154 30
154 95
154 66
154 7
154 34
154 190
154 187
154 5
154 166
154 71
154 80
154 74
154 27
154 138
154 104
154 77
154 178
154 152
155 67
155 51
155 97
155 140
155 82
155 34
155 180
155 71
155 18
155 43
155 11
155 121
155 139
155 93
155 179
155 160
155 40
155 171
155 38
155 88
155 170
155 61
155 72
155 46
155 89
155 4
155 92
155 185
155 144
155 19
155 145
155 41
155 129
155 147
155 47
155 7
155 134
155 56
155 39
155 101
155 65
155 200
155 195
155 182
155 154
155 95
155 96
155 45
155 162
155 98
155 81
155 177
155 31
155 112
155 13
155 9
155 57
155 118
155 135
155 1
155 75
155 116
155 52
155 27
155 159
155 44
155 74
155 166
155 60
155 109
155 32
156 199
156 195
156 177
156 126
156 188
156 111
156 193
156 38
156 4
156 86
156 163
156 167
156 53
156 62
156 3
156 84
156 70
156 16
156 132
156 181
156 25
156 61
156 191
156 67
156 166
156 74
156 14
156 105
156 22
156 83
156 77
156 73
156 194
156 124
156 149
156 128
156 98
156 121
156 135
156 30
156 162
156 114
156 2
156 56
156 127
156 88
156 45
156 129
156 142
156 44
156 137
156 140
156 170
156 47
156 145
156 85
156 190
156 196
156 97
156 125
156 99
156 19
157 132
157 14
157 2
157 60
157 12
157 164
157 39
157 53
157 46
157 192
157 30
157 104
157 87
157 102
157 141
157 9
157 47
157 5
157 33
157 31
157 100
157 83
157 158
157 197
157 185
157 115
157 16
157 148
157 38
157 105
157 66
157 103
157 35
157 57
157 95
157 92
157 42
157 22
157 124
157 120
157 191
157 6
157 134
157 145
157 45
157 65
157 11
157 75
157 37
157 25
157 76
157 117
157 152
157 140
157 131
157 156
157 166
157 94
157 190
157 133
157 98
157 153
157 109
157 90
157 74
157 111
157 73
157 27
157 28
158 35
158 29
158 156
158 17
158 187
158 42
158 82
158 85
158 169
158 83
158 50
158 185
158 133
158 181
158 87
158 86
158 140
158 47
158 180
158 1
158 134
158 193
158 117
158 109
158 15
158 163
158 108
158 192
158 121
158 49
158 152
158 27
158 5
158 22
158 79
158 131
158 55
158 63
158 75
158 107
158 179
158 113
158 32
158 168
158 53
158 118
158 90
158 172
158 80
158 74
158 64
158 189
158 30
158 111
158 171
158 139
158 76
158 99
158 164
158 138
158 84
158 161
158 178
158 91
158 94
158 23
158 194
159 119
159 158
159 97
159 157
159 177
159 50
159 200
159 37
159 41
159 39
159 35
159 182
159 116
159 64
159 110
159 67
159 179
159 8
159 76
159 120
159 135
159 198
159 156
159 148
159 89
159 93
159 38
159 83
159 199
159 71
159 45
159 17
159 153
159 40
159 88
159 145
159 56
159 172
159 73
159 21
159 10
159 101
159 107
159 55
159 3
159 150
159 31
159 20
159 77
159 30
159 111
159 163
159 118
159 36
159 139
159 92
159 149
159 47
159 195
159 160
159 32
159 90
159 61
159 188
159 161
159 122
159 78
159 151
159 124
159 87
160 94
160 78
160 18
160 124
160 30
160 11
160 114
160 96
160 54
160 29
160 153
160 113
160 7
160 176
160 86
160 56
160 103
160 14
160 198
160 188
160 8
160 52
160 97
160 181
160 169
160 67
160 87
160 180
160 68
160 3
160 85
160 25
160 49
160 66
160 190
160 62
160 127
160 104
160 172
160 10
160 154
160 115
160 74
160 149
160 171
160 31
160 23
160 186
160 187
160 118
160 170
160 2
160 45
160 151
160 174
160 144
160 37
160 39
160 164
160 200
160 150
160 131
160 139
160 12
160 41
160 140
160 77
160 73
160 40
160 27
160 80
160 120
160 110
161 83
161 30
161 160
161 2
161 185
161 68
161 3
161 172
161 66
161 22
161 123
161 187
161 142
161 179
161 73
161 124
161 92
161 90
161 183
161 81
161 170
161 110
161 147
161 145
161 8
161 104
161 197
161 113
161 194
161 188
161 32
161 25
161 135
161 143
161 89
161 82
161 169
161 34
161 109
161 41
161 51
161 119
161 163
161 101
161 12
161 148
161 79
161 74
161 138
161 48
161 168
161 140
161 94
161 155
161 91
161 47
161 127
161 166
161 15
161 42
161 128
161 150
161 59
161 17
161 63
161 55
161 191
161 26
161 11
161 192
162 66
162 83
162 179
162 171
162 51
162 185
162 128
162 186
162 23
162 194
162 73
162 154
162 163
162 106
162 75
162 149
162 108
162 118
162 164
162 87
162 195
162 69
162 12
162 4
162 35
162 1
162 145
162 126
162 2
162 39
162 63
162 142
162 3
162 48
162 181
162 37
162 22
162 45
162 64
162 38
162 46
162 115
162 190
162 189
162 161
162 18
162 175
162 82
162 131
162 138
162 105
162 53
162 130
162 94
162 157
162 33
162 36
162 167
162 97
162 58
162 132
162 14
162 160
162 47
162 49
162 56
162 111
163 130
163 182
163 107
163 193
163 142
163 183
163 52
163 94
163 96
163 66
163 116
163 185
163 151
163 108
163 74
163 37
163 165
163 23
163 175
163 67
163 17
163 78
163 157
163 150
163 54
163 75
163 18
163 128
163 126
163 134
163 139
163 181
163 22
163 160
163 186
163 176
163 43
163 149
163 61
163 29
163 39
163 113
163 121
163 79
163 168
163 48
163 89
163 167
163 1
163 69
163 109
163 84
163 178
163 189
163 105
163 14
163 21
163 117
163 20
163 92
163 145
163 111
163 137
163 27
163 155
163 62
163 110
164 33
164 163
164 200
164 179
164 121
164 127
164 14
164 184
164 123
164 104
164 47
164 78
164 187
164 84
164 15
164 126
164 199
164 45
164 183
164 31
164 27
164 66
164 54
164 92
164 74
164 141
164 132
164 153
164 129
164 106
164 103
164 49
164 62
164 32
164 188
164 48
164 118
164 109
164 89
164 161
164 192
164 19
164 146
164 17
164 39
164 142
164 95
164 151
164 57
164 5
164 101
164 165
164 38
164 93
164 134
164 53
164 11
164 171
164 185
164 52
164 133
164 105
164 81
164 21
164 196
164 173
164 65
164 87
164 55
164 63
165 91
165 77
165 22
165 155
165 68
165 178
165 106
165 85
165 197
165 2
165 108
165 32
165 5
165 118
165 157
165 30
165 177
165 62
165 43
165 160
165 128
165 125
165 200
165 99
165 6
165 182
165 188
165 135
165 90
165 95
165 89
165 102
165 38
165 78
165 133
165 10
165 21
165 122
165 3
165 86
165 87
165 8
165 24
165 187
165 134
165 74
165 49
165 124
165 75
165 48
165 189
165 103
165 7
165 191
165 88
165 130
165 40
165 44
165 79
165 154
165 37
165 192
165 141
165 60
165 166
166 129
166 118
166 147
166 125
166 59
166 26
166 171
166 121
166 61
166 104
166 184
166 9
166 62
166 95
166 191
166 80
166 164
166 167
166 185
166 16
166 149
166 159
166 182
166 196
166 47
166 141
166 93
166 132
166 4
166 3
166 42
166 162
166 89
166 160
166 178
166 177
166 107
166 18
166 151
166 139
166 96
166 106
166 10
166 85
166 194
166 72
166 28
166 133
166 116
166 173
166 112
166 38
166 102
166 124
166 63
166 189
166 180
166 101
166 64
166 146
166 131
166 77
166 2
166 200
166 50
166 66
166 110
166 163
166 39
166 134
166 75
166 46
166 68
166 109
166 135
167 40
167 120
167 21
167 8
167 45
167 128
167 164
167 100
167 160
167 20
167 7
167 142
167 189
167 51
167 199
167 93
167 183
167 185
167 31
167 193
167 136
167 110
167 123
167 86
167 65
167 47
167 141
167 60
167 16
167 39
167 54
167 10
167 152
167 61
167 157
167 178
167 75
167 107
167 14
167 194
167 105
167 70
167 195
167 5
167 77
167 43
167 88
167 59
167 198
167 173
167 175
167 99
167 153
167 134
167 151
167 143
167 138
167 62
167 95
167 96
167 71
167 48
167 87
167 111
167 2
167 56
167 90
167 55
167 113
167 28
167 200
167 42
168 121
168 66
168 13
168 152
168 157
168 131
168 194
168 173
168 182
168 178
168 142
168 177
168 81
168 189
168 32
168 132
168 21
168 136
168 36
168 43
168 165
168 124
168 164
168 144
168 159
168 79
168 50
168 40
168 75
168 120
168 143
168 54
168 181
168 128
168 185
168 117
168 101
168 160
168 84
168 107
168 146
168 77
168 24
168 151
168 16
168 126
168 22
168 97
168 7
168 69
168 85
168 114
168 90
168 190
168 63
168 200
168 34
168 62
168 67
168 198
168 78
168 196
168 49
168 108
168 11
168 149
168 147
168 133
168 112
168 51
169 147
169 24
169 120
169 86
169 6
169 82
169 187
169 74
169 8
169 157
169 60
169 196
169 105
169 100
169 51
169 65
169 109
169 27
169 103
169 188
169 99
169 163
169 73
169 69
169 172
169 127
169 156
169 195
169 35
169 49
169 81
169 30
169 97
169 92
169 159
169 153
169 113
169 198
169 26
169 87
169 199
169 140
169 150
169 78
169 107
169 116
169 151
169 85
169 175
169 112
169 126
169 20
169 45
169 119
169 129
169 117
169 83
169 124
169 52
169 170
169 12
169 167
169 34
169 144
169 128
169 168
169 162
169 131
169 110
169 4
169 43
169 137
169 68
170 175
170 168
170 8
170 33
170 1
170 39
170 88
170 90
170 32
170 80
170 113
170 158
170 70
170 179
170 108
170 162
170 44
170 78
170 54
170 29
170 117
170 82
170 23
170 185
170 124
170 22
170 123
170 97
170 153
170 31
170 7
170 76
170 16
170 137
170 46
170 6
170 165
170 100
170 73
170 141
170 198
170 79
170 127
170 200
170 129
170 128
170 83
170 91
170 71
170 84
170 81
170 89
170 18
170 152
170 99
170 159
170 106
170 116
170 15
170 35
170 53
170 133
171 110
171 114
171 170
171 64
171 80
171 187
171 27
171 57
171 25
171 45
171 109
171 63
171 141
171 165
171 10
171 180
171 183
171 124
171 137
171 135
171 196
171 28
171 89
171 38
171 154
171 117
171 52
171 159
171 105
171 34
171 41
171 127
171 177
171 4
171 59
171 115
171 192
171 90
171 112
171 23
171 185
171 94
171 43
171 200
171 168
171 91
171 134
171 126
171 47
171 74
171 153
171 147
171 93
171 3
171 169
171 77
171 120
171 190
171 123
171 69
171 62
171 125
171 101
171 131
171 119
171 42
171 104
171 11
171 176
171 195
171 139
172 106
172 99
172 145
172 81
172 166
172 181
172 144
172 67
172 11
172 131
172 185
172 104
172 175
172 163
172 178
172 35
172 155
172 119
172 29
172 182
172 95
172 78
172 60
172 167
172 36
172 73
172 6
172 7
172 139
172 85
172 33
172 109
172 198
172 105
172 34
172 31
172 149
172 115
172 151
172 63
172 80
172 51
172 25
172 125
172 37
172 127
172 171
172 162
172 193
172 12
172 196
172 52
172 32
172 140
172 116
172 153
172 136
172 86
172 195
172 176
172 157
172 23
172 18
172 147
172 87
172 8
172 66
172 156
172 130
172 84
172 71
173 2
173 180
173 19
173 61
173 110
173 18
173 30
173 56
173 86
173 92
173 120
173 157
173 44
173 133
173 89
173 93
173 154
173 122
173 72
173 98
173 29
173 139
173 54
173 155
173 38
173 1
173 172
173 31
173 106
173 113
173 45
173 68
173 49
173 97
173 22
173 175
173 74
173 183
173 3
173 90
173 42
173 161
173 20
173 163
173 6
173 23
173 100
173 174
173 10
173 162
173 150
173 40
173 165
173 194
173 138
173 77
173 73
173 169
173 181
173 192
173 160
173 62
173 182
173 158
173 118
173 96
173 189
173 111
173 141
173 193
174 122
174 98
174 61
174 3
174 123
174 56
174 68
174 88
174 12
174 69
174 176
174 67
174 179
174 24
174 137
174 197
174 158
174 182
174 52
174 124
174 134
174 159
174 86
174 168
174 185
174 169
174 190
174 132
174 39
174 153
174 85
174 83
174 107
174 131
174 157
174 126
174 49
174 170
174 167
174 6
174 138
174 99
174 154
174 164
174 72
174 15
174 95
174 147
174 30
174 183
174 64
174 142
174 57
174 162
174 97
174 112
174 87
174 84
174 91
174 189
174 150
174 198
174 196
174 181
174 129
174 111
174 78
174 93
174 94
175 160
175 59
175 193
175 56
175 79
175 166
175 67
175 138
175 186
175 161
175 124
175 19
175 126
175 176
175 104
175 94
175 87
175 82
175 34
175 92
175 47
175 52
175 84
175 65
175 32
175 171
175 110
175 28
175 155
175 96
175 158
175 174
175 86
175 116
175 136
175 69
175 93
175 6
175 21
175 165
175 18
175 103
175 130
175 45
175 37
175 22
175 71
175 134
175 164
175 125
175 81
175 179
175 12
175 53
175 112
175 102
175 190
175 46
175 83
175 152
175 153
175 131
175 178
175 122
175 168
175 20
175 120
175 63
175 13
175 7
175 137
175 139
175 142
175 195
175 107
176 168
176 45
176 33
176 183
176 121
176 192
176 95
176 181
176 58
176 98
176 111
176 35
176 123
176 38
176 65
176 49
176 151
176 194
176 167
176 125
176 48
176 69
176 164
176 72
176 170
176 96
176 147
176 9
176 14
176 99
176 127
176 159
176 136
176 83
176 182
176 76
176 112
176 128
176 179
176 126
176 155
176 97
176 116
176 146
176 200
176 197
176 62
176 56
176 107
176 165
176 108
176 119
176 40
176 36
176 198
176 118
176 24
176 41
176 42
176 157
176 137
176 90
176 115
176 10
176 166
176 130
176 71
176 188
176 27
176 5
176 173
177 34
177 158
177 106
177 131
177 51
177 118
177 116
177 157
177 97
177 102
177 149
177 150
177 191
177 115
177 129
177 112
177 9
177 193
177 163
177 90
177 84
177 189
177 85
177 176
177 2
177 113
177 175
177 140
177 75
177 181
177 126
177 192
177 143
177 103
177 13
177 99
177 82
177 38
177 108
177 161
177 39
177 4
177 190
177 71
177 40
177 164
177 134
177 77
177 188
177 36
177 88
177 10
177 26
177 1
177 119
177 174
177 59
177 195
177 62
177 69
177 105
177 152
177 35
177 110
177 23
177 151
177 30
177 184
177 91
177 173
177 111
177 109
177 95
177 41
177 19
178 123
178 41
178 103
178 80
178 140
178 180
178 157
178 12
178 78
178 132
178 1
178 85
178 8
178 30
178 95
178 129
178 94
178 98
178 128
178 88
178 164
178 37
178 14
178 161
178 13
178 182
178 150
178 104
178 120
178 148
178 15
178 179
178 47
178 87
178 135
178 144
178 155
178 70
178 176
178 64
178 142
178 17
178 79
178 28
178 194
178 108
178 59
178 33
178 89
178 131
178 124
178 2
178 121
178 42
178 195
178 3
178 36
178 90
178 145
178 118
178 10
178 197
178 38
178 125
178 106
178 109
178 67
178 34
179 131
179 10
179 148
179 98
179 108
179 63
179 144
179 187
179 137
179 61
179 35
179 184
179 100
179 92
179 52
179 128
179 17
179 181
179 145
179 196
179 169
179 182
179 9
179 94
179 30
179 117
179 12
179 80
179 16
179 8
179 57
179 45
179 73
179 177
179 4
179 40
179 33
179 193
179 88
179 26
179 93
179 1
179 157
179 67
179 49
179 102
179 168
179 130
179 189
179 97
179 129
179 50
179 59
179 66
179 95
179 23
179 126
179 197
179 173
179 122
179 147
179 141
179 163
179 120
179 188
179 195
179 86
179 101
179 6
179 156
179 34
179 125
179 60
180 53
180 75
180 139
180 3
180 188
180 150
180 56
180 164
180 190
180 46
180 6
180 143
180 86
180 25
180 100
180 59
180 151
180 159
180 35
180 71
180 74
180 47
180 38
180 154
180 144
180 84
180 68
180 20
180 15
180 16
180 80
180 64
180 110
180 177
180 45
180 165
180 39
180 176
180 10
180 162
180 73
180 113
180 5
180 40
180 174
180 2
180 98
180 27
180 44
180 4
180 89
180 29
180 185
180 169
180 170
180 62
180 93
180 136
180 137
180 66
180 198
180 67
180 57
180 183
180 121
180 130
180 157
180 50
181 101
181 169
181 61
181 113
181 86
181 28
181 137
181 11
181 60
181 155
181 25
181 8
181 6
181 159
181 157
181 110
181 166
181 37
181 95
181 105
181 88
181 82
181 48
181 63
181 145
181 74
181 45
181 59
181 89
181 65
181 199
181 149
181 41
181 81
181 147
181 85
181 91
181 109
181 178
181 186
181 14
181 150
181 153
181 127
181 12
181 54
181 27
181 56
181 102
181 21
181 5
181 194
181 68
181 71
181 182
181 167
181 170
181 31
181 133
181 112
181 183
181 138
181 126
181 195
181 130
181 108
181 191
181 66
181 18
181 83
181 40
181 151
182 102
182 3
182 164
182 103
182 46
182 99
182 106
182 88
182 105
182 4
182 190
182 158
182 92
182 80
182 43
182 82
182 59
182 175
182 28
182 14
182 154
182 83
182 27
182 151
182 101
182 150
182 44
182 45
182 113
182 152
182 121
182 120
182 117
182 162
182 61
182 141
182 79
182 19
182 67
182 40
182 1
182 116
182 134
182 21
182 189
182 122
182 133
182 192
182 85
182 161
182 186
182 26
182 131
182 69
182 53
182 125
182 34
182 38
182 75
182 100
182 160
182 183
182 136
182 112
182 130
182 119
182 196
182 70
182 35
182 177
182 90
182 64
182 94
182 115
183 169
183 115
183 118
183 184
183 139
183 175
183 70
183 40
183 84
183 20
183 53
183 14
183 166
183 179
183 110
183 49
183 140
183 94
183 50
183 60
183 36
183 32
183 178
183 97
183 194
183 55
183 82
183 165
183 123
183 113
183 109
183 76
183 8
183 158
183 129
183 147
183 30
183 33
183 58
183 114
183 148
183 112
183 75
183 56
183 192
183 126
183 160
183 136
183 87
183 35
183 111
183 189
183 96
183 172
183 63
183 199
183 150
183 29
183 120
183 154
183 124
183 134
183 101
183 62
183 44
183 143
183 104
184 12
184 37
184 157
184 32
184 85
184 92
184 107
184 163
184 180
184 82
184 44
184 47
184 93
184 35
184 29
184 78
184 94
184 189
184 161
184 126
184 159
184 21
184 3
184 165
184 11
184 129
184 158
184 134
184 121
184 75
184 105
184 170
184 40
184 112
184 34
184 28
184 97
184 135
184 115
184 196
184 167
184 79
184 137
184 22
184 84
184 42
184 20
184 171
184 122
184 123
184 27
184 195
184 69
184 149
184 90
184 95
184 33
184 108
184 73
184 148
184 1
184 128
184 162
184 43
184 156
185 60
185 39
185 96
185 199
185 102
185 121
185 122
185 8
185 35
185 177
185 73
185 156
185 116
185 97
185 20
185 181
185 56
185 17
185 58
185 117
185 153
185 129
185 143
185 130
185 85
185 6
185 89
185 127
185 74
185 72
185 191
185 135
185 36
185 134
185 131
185 34
185 200
185 46
185 10
185 41
185 179
185 76
185 53
185 37
185 176
185 81
185 18
185 147
185 22
185 50
185 195
185 4
185 2
185 126
185 69
185 21
185 31
185 82
185 95
185 52
185 54
185 44
185 160
185 189
185 43
185 198
185 105
185 88
185 23
185 115
185 154
185 100
185 110
186 133
186 20
186 197
186 80
186 81
186 11
186 166
186 177
186 88
186 23
186 57
186 126
186 117
186 169
186 136
186 119
186 5
186 56
186 152
186 180
186 102
186 113
186 28
186 185
186 143
186 13
186 112
186 106
186 187
186 164
186 30
186 87
186 65
186 191
186 42
186 51
186 17
186 66
186 178
186 97
186 179
186 61
186 50
186 159
186 158
186 96
186 78
186 48
186 200
186 173
186 89
186 146
186 64
186 137
186 153
186 41
186 195
186 123
186 12
186 95
186 107
186 129
186 120
186 3
186 101
186 105
186 25
186 184
186 4
187 145
187 182
187 83
187 181
187 66
187 64
187 53
187 61
187 162
187 138
187 19
187 108
187 87
187 26
187 60
187 156
187 163
187 100
187 76
187 11
187 68
187 14
187 44
187 49
187 47
187 105
187 150
187 185
187 139
187 195
187 74
187 193
187 155
187 59
187 27
187 1
187 151
187 180
187 102
187 144
187 194
187 114
187 159
187 136
187 67
187 199
187 42
187 148
187 75
187 173
187 31
187 62
187 9
187 89
187 172
187 20
187 8
187 141
187 118
187 58
187 152
187 34
187 178
187 13
187 22
187 30
187 177
187 168
187 170
187 24
187 56
187 131
188 116
188 166
188 142
188 10
188 189
188 126
188 168
188 198
188 31
188 154
188 17
188 32
188 33
188 84
188 158
188 62
188 90
188 195
188 197
188 19
188 37
188 11
188 114
188 83
188 139
188 7
188 149
188 183
188 55
188 185
188 129
188 61
188 59
188 136
188 2
188 192
188 184
188 132
188 147
188 89
188 137
188 46
188 93
188 190
188 104
188 9
188 121
188 18
188 73
188 150
188 25
188 79
188 23
188 181
188 49
188 4
188 199
188 153
188 80
188 146
188 38
188 8
188 24
188 75
188 66
188 143
188 123
188 175
189 32
189 197
189 148
189 15
189 199
189 106
189 187
189 36
189 93
189 196
189 1
189 65
189 14
189 164
189 63
189 11
189 73
189 8
189 45
189 3
189 46
189 140
189 169
189 147
189 74
189 120
189 18
189 132
189 97
189 21
189 55
189 102
189 111
189 172
189 60
189 4
189 95
189 153
189 124
189 30
189 7
189 103
189 114
189 19
189 57
189 156
189 50
189 98
189 119
189 67
189 39
189 154
189 16
189 68
189 38
189 23
189 81
189 2
189 157
189 200
189 138
189 105
189 71
189 159
189 115
189 125
189 186
189 117
189 88
189 143
189 89
190 61
190 150
190 96
190 53
190 155
190 167
190 140
190 139
190 108
190 110
190 80
190 20
190 141
190 137
190 130
190 118
190 165
190 197
190 151
190 123
190 163
190 32
190 48
190 27
190 105
190 47
190 42
190 86
190 122
190 28
190 161
190 166
190 115
190 49
190 46
190 199
190 117
190 107
190 15
190 147
190 181
190 90
190 68
190 60
190 111
190 24
190 84
190 183
190 12
190 172
190 38
190 33
190 23
190 57
190 55
190 176
190 185
190 72
190 191
190 164
190 51
190 170
190 128
190 178
190 153
190 179
190 127
190 83
190 94
190 89
191 114
191 180
191 32
191 107
191 83
191 11
191 198
191 44
191 164
191 163
191 159
191 116
191 79
191 56
191 97
191 168
191 55
191 178
191 152
191 23
191 101
191 151
191 74
191 67
191 129
191 84
191 138
191 64
191 49
191 150
191 61
191 172
191 193
191 95
191 192
191 169
191 80
191 41
191 197
191 135
191 39
191 16
191 13
191 162
191 184
191 73
191 160
191 176
191 103
191 146
191 109
191 70
191 155
191 182
191 26
191 154
191 117
191 29
191 153
191 24
191 65
191 144
191 17
191 50
191 21
191 111
191 100
191 167
191 96
191 9
191 188
191 174
191 52
192 144
192 119
192 12
192 102
192 187
192 11
192 178
192 107
192 42
192 3
192 175
192 97
192 103
192 186
192 112
192 74
192 14
192 110
192 195
192 101
192 56
192 190
192 33
192 142
192 62
192 181
192 145
192 59
192 96
192 98
192 31
192 185
192 91
192 61
192 159
192 131
192 2
192 94
192 121
192 147
192 113
192 151
192 198
192 44
192 155
192 106
192 4
192 23
192 35
192 83
192 39
192 154
192 135
192 60
192 127
192 1
192 172
192 108
192 105
192 189
192 169
192 162
192 156
192 196
192 95
192 36
193 166
193 141
193 182
193 10
193 32
193 6
193 88
193 15
193 70
193 20
193 183
193 25
193 110
193 111
193 178
193 56
193 49
193 100
193 39
193 102
193 59
193 137
193 188
193 185
193 122
193 97
193 63
193 62
193 87
193 21
193 198
193 3
193 174
193 54
193 48
193 12
193 186
193 165
193 170
193 5
193 121
193 50
193 149
193 43
193 161
193 73
193 192
193 38
193 65
193 77
193 147
193 7
193 4
193 35
193 78
193 19
193 105
193 41
193 23
193 199
193 67
193 55
193 157
193 31
193 115
194 109
194 59
194 35
194 107
194 95
194 92
194 69
194 118
194 188
194 83
194 20
194 189
194 70
194 164
194 73
194 40
194 90
194 135
194 72
194 185
194 46
194 186
194 30
194 43
194 25
194 119
194 67
194 190
194 15
194 157
194 54
194 21
194 68
194 55
194 105
194 76
194 10
194 172
194 124
194 137
194 163
194 102
194 171
194 53
194 200
194 47
194 32
194 60
194 62
194 4
194 80
194 2
194 108
194 147
194 130
194 195
194 128
194 41
194 177
194 103
194 22
194 199
194 31
195 69
195 41
195 189
195 29
195 104
195 55
195 25
195 11
195 154
195 32
195 146
195 101
195 89
195 180
195 60
195 6
195 26
195 100
195 143
195 80
195 91
195 121
195 173
195 147
195 17
195 112
195 131
195 170
195 64
195 132
195 133
195 37
195 94
195 98
195 196
195 190
195 139
195 4
195 199
195 50
195 19
195 56
195 191
195 14
195 34
195 12
195 43
195 117
195 27
195 46
195 31
195 145
195 74
195 16
195 70
195 53
195 168
195 200
195 183
195 8
195 127
195 75
195 35
195 116
195 140
195 71
195 166
195 81
195 30
195 52
196 173
196 197
196 113
196 89
196 186
196 200
196 58
196 118
196 125
196 55
196 124
196 130
196 91
196 163
196 110
196 34
196 143
196 30
196 81
196 76
196 97
196 116
196 86
196 17
196 176
196 70
196 178
196 62
196 114
196 67
196 177
196 52
196 104
196 112
196 43
196 26
196 65
196 191
196 141
196 139
196 71
196 161
196 167
196 129
196 144
196 4
196 95
196 121
196 107
196 148
196 29
196 61
196 40
196 157
196 175
196 39
196 120
196 56
196 170
196 78
196 136
196 198
196 42
196 79
196 131
196 38
196 155
196 90
196 46
196 88
197 193
197 195
197 113
197 127
197 33
197 65
197 49
197 31
197 70
197 184
197 84
197 166
197 106
197 12
197 45
197 41
197 37
197 55
197 91
197 36
197 61
197 160
197 130
197 43
197 15
197 164
197 23
197 151
197 89
197 134
197 192
197 98
197 86
197 168
197 9
197 99
197 13
197 46
197 118
197 69
197 101
197 154
197 180
197 177
197 140
197 194
197 39
197 10
197 198
197 81
197 146
197 66
197 52
197 175
197 83
197 116
197 28
197 76
197 167
197 187
197 34
197 67
197 110
197 50
197 16
197 75
197 18
198 48
198 49
198 14
198 96
198 175
198 155
198 142
198 83
198 25
198 144
198 171
198 107
198 97
198 123
198 76
198 100
198 55
198 81
198 70
198 131
198 91
198 163
198 9
198 165
198 45
198 52
198 6
198 132
198 130
198 67
198 18
198 187
198 35
198 101
198 28
198 154
198 78
198 173
198 88
198 36
198 141
198 148
198 136
198 157
198 179
198 3
198 184
198 94
198 4
198 195
198 95
198 8
198 7
198 29
198 164
198 71
198 17
198 143
198 127
198 182
198 181
198 90
198 105
198 118
198 66
198 158
198 134
198 124
198 44
198 72
198 178
198 177
198 73
199 80
199 72
199 49
199 54
199 171
199 81
199 73
199 154
199 162
199 29
199 4
199 41
199 155
199 3
199 42
199 125
199 101
199 55
199 178
199 24
199 139
199 147
199 21
199 17
199 32
199 69
199 191
199 68
199 84
199 2
199 94
199 23
199 179
199 124
199 66
199 157
199 126
199 102
199 44
199 51
199 79
199 91
199 116
199 161
199 112
199 40
199 111
199 119
199 82
199 96
199 78
199 166
199 61
199 56
199 95
199 53
199 93
199 52
199 132
199 25
199 19
199 48
199 165
199 138
199 86
199 182
199 97
199 28
199 180
199 87
199 136
199 144
200 82
200 143
200 39
200 5
200 52
200 187
200 169
200 23
200 116
200 100
200 90
200 93
200 37
200 188
200 133
200 125
200 140
200 177
200 71
200 43
200 34
200 127
200 96
200 63
200 152
200 199
200 35
200 94
200 76
200 137
200 29
200 113
200 135
200 85
200 130
200 36
200 66
200 163
200 20
200 28
200 50
200 74
200 84
200 181
200 151
200 153
200 119
200 139
200 10
200 92
200 18
200 111
200 51
200 134
200 91
200 1
200 27
200 178
200 183
200 182
200 31
200 67
200 115
200 147
200 45
200 25
200 15
200 175
200 44
