200 5972
1 50
1 62
1 3
1 36
1 158
1 176
1 155
1 96
1 56
1 113
1 107
1 122
1 79
1 173
1 4
1 156
1 15
1 91
1 137
1 163
1 103
1 82
1 9
1 185
1 97
1 124
1 74
1 12
1 94
1 8
2 67
2 97
2 23
2 181
2 185
2 96
2 35
2 73
2 81
2 200
2 56
2 20
2 109
2 89
2 78
2 6
2 139
2 85
2 159
2 179
2 8
2 51
2 144
2 32
2 5
2 153
3 76
3 199
3 33
3 97
3 182
3 156
3 12
3 110
3 5
3 176
3 103
3 137
3 192
3 57
3 170
3 42
3 70
3 185
3 73
3 26
3 100
3 132
3 47
3 147
3 116
3 18
3 158
3 50
3 81
3 25
3 52
3 60
3 115
3 34
3 48
3 89
3 88
4 61
4 166
4 104
4 160
4 189
4 13
4 192
4 185
4 80
4 99
4 141
4 131
4 196
4 6
4 164
4 188
4 29
4 28
4 65
4 83
4 136
4 106
4 118
4 175
4 3
4 200
4 151
4 54
4 33
4 116
4 78
4 195
4 86
4 7
4 112
4 129
5 117
5 52
5 125
5 164
5 38
5 16
5 197
5 129
5 115
5 87
5 168
5 101
5 167
5 42
5 71
5 95
5 120
5 11
5 127
5 175
5 86
5 149
5 60
5 81
5 53
5 74
5 182
5 91
5 158
5 169
5 176
5 174
5 200
6 72
6 12
6 127
6 93
6 128
6 10
6 164
6 56
6 137
6 94
6 96
6 150
6 18
6 145
6 41
6 143
6 190
6 47
6 50
6 188
6 131
6 57
6 108
6 165
6 167
6 199
6 195
6 5
6 65
6 63
6 136
6 168
7 68
7 106
7 86
7 159
7 2
7 126
7 14
7 44
7 130
7 80
7 150
7 66
7 144
7 132
7 115
7 183
7 148
7 74
7 177
7 12
7 100
7 77
7 91
7 120
7 121
7 103
8 146
8 131
8 72
8 30
8 24
8 99
8 127
8 156
8 61
8 159
8 193
8 42
8 117
8 51
8 144
8 41
8 115
8 94
8 116
8 175
8 139
8 38
8 197
8 168
8 113
8 18
8 56
8 91
8 78
8 57
8 86
8 81
8 31
8 158
8 157
9 32
9 80
9 121
9 159
9 128
9 175
9 109
9 118
9 200
9 46
9 191
9 136
9 166
9 53
9 24
9 28
9 114
9 78
9 141
9 47
9 41
9 181
9 79
9 72
9 83
10 183
10 66
10 100
10 3
10 40
10 90
10 38
10 143
10 125
10 91
10 36
10 39
10 198
10 51
10 128
10 29
10 192
10 120
10 37
10 19
10 56
10 126
10 93
10 124
10 27
10 131
10 155
10 30
10 165
10 119
11 150
11 76
11 85
11 113
11 57
11 56
11 4
11 13
11 55
11 49
11 72
11 133
11 30
11 19
11 134
11 12
11 43
11 8
11 60
11 106
11 67
11 119
11 140
11 28
11 37
11 33
11 173
11 94
11 182
11 197
11 82
11 120
11 116
11 126
11 138
11 176
11 117
12 101
12 116
12 105
12 96
12 165
12 180
12 36
12 155
12 17
12 170
12 181
12 125
12 79
12 107
12 145
12 40
12 27
12 156
12 92
12 147
12 127
12 123
12 19
12 178
12 46
12 196
12 134
12 76
12 112
12 32
12 59
12 85
12 171
12 20
13 138
13 25
13 173
13 51
13 158
13 5
13 151
13 125
13 62
13 135
13 92
13 116
13 16
13 119
13 83
13 150
13 160
13 137
13 168
13 184
13 163
13 74
13 41
13 133
13 188
13 9
13 189
14 168
14 197
14 16
14 56
14 96
14 94
14 167
14 17
14 59
14 55
14 147
14 153
14 83
14 170
14 154
14 192
14 27
14 76
14 40
14 196
14 3
14 78
14 11
14 175
14 107
15 186
15 101
15 147
15 8
15 120
15 76
15 55
15 117
15 160
15 154
15 135
15 69
15 88
15 26
15 81
15 16
15 5
15 166
15 46
15 12
15 63
15 195
15 7
15 184
15 175
15 115
15 153
15 31
15 3
15 50
15 60
16 192
16 172
16 151
16 129
16 22
16 122
16 91
16 38
16 198
16 124
16 61
16 193
16 77
16 194
16 49
16 47
16 150
16 146
16 10
16 191
16 19
16 55
16 117
16 187
16 119
16 51
16 183
16 134
16 84
16 152
16 174
16 2
16 62
16 64
16 167
17 5
17 177
17 70
17 38
17 126
17 115
17 169
17 21
17 181
17 19
17 36
17 50
17 172
17 186
17 48
17 82
17 31
17 63
17 39
17 119
17 132
17 113
17 53
17 90
17 155
17 9
17 199
17 8
17 81
17 18
18 124
18 62
18 36
18 110
18 155
18 81
18 191
18 54
18 47
18 20
18 80
18 93
18 172
18 67
18 102
18 49
18 140
18 25
18 125
18 173
18 13
18 30
18 5
18 33
18 2
18 97
18 126
18 132
18 79
18 99
19 139
19 183
19 196
19 28
19 87
19 67
19 105
19 58
19 132
19 146
19 142
19 54
19 122
19 144
19 62
19 13
19 21
19 42
19 135
19 2
19 102
19 15
19 148
19 128
19 27
19 83
19 104
19 140
19 155
19 156
20 132
20 146
20 180
20 171
20 124
20 71
20 42
20 86
20 155
20 130
20 200
20 6
20 147
20 49
20 81
20 40
20 109
20 120
20 110
20 168
20 117
20 26
20 65
20 103
20 123
20 28
20 14
20 25
20 163
20 116
20 94
20 189
21 167
21 2
21 20
21 152
21 175
21 69
21 81
21 12
21 32
21 126
21 64
21 128
21 106
21 150
21 166
21 137
21 44
21 191
21 7
21 177
21 45
21 188
21 129
21 135
21 131
21 85
21 46
21 88
21 116
21 158
22 154
22 191
22 19
22 111
22 106
22 14
22 60
22 156
22 100
22 3
22 10
22 44
22 166
22 62
22 81
22 5
22 32
22 18
22 140
22 152
22 95
22 167
22 199
23 200
23 3
23 100
23 134
23 176
23 129
23 73
23 158
23 20
23 182
23 199
23 105
23 96
23 17
23 128
23 156
23 19
23 166
23 142
23 5
23 187
23 95
23 12
23 181
23 92
23 77
23 120
23 195
23 102
23 172
24 78
24 97
24 113
24 149
24 32
24 67
24 86
24 175
24 157
24 61
24 134
24 66
24 54
24 141
24 77
24 169
24 106
24 17
24 179
24 51
25 143
25 118
25 158
25 126
25 4
25 51
25 34
25 172
25 74
25 106
25 134
25 88
25 131
25 184
25 175
25 197
25 6
25 22
25 70
25 9
25 156
25 84
25 78
25 199
25 150
25 112
25 56
25 99
25 145
25 27
25 157
26 122
26 82
26 91
26 71
26 170
26 123
26 87
26 104
26 185
26 133
26 85
26 86
26 139
26 59
26 81
26 42
26 105
26 47
26 138
26 13
26 2
26 76
26 43
26 18
26 153
26 89
27 189
27 67
27 26
27 113
27 44
27 99
27 34
27 194
27 118
27 24
27 3
27 45
27 187
27 16
27 138
27 166
27 199
27 181
27 57
27 65
27 58
27 129
27 161
27 17
27 69
27 30
27 136
27 96
27 145
27 186
27 143
27 178
27 7
27 130
28 14
28 160
28 82
28 65
28 157
28 192
28 24
28 97
28 27
28 123
28 89
28 94
28 85
28 45
28 51
28 113
28 52
28 77
28 135
28 67
28 148
28 91
28 131
28 116
28 184
28 18
28 37
28 189
28 105
28 38
29 190
29 132
29 35
29 120
29 184
29 196
29 126
29 159
29 53
29 158
29 195
29 73
29 38
29 50
29 157
29 63
29 94
29 52
29 6
29 48
29 124
29 102
29 32
29 65
29 84
29 110
29 200
30 170
30 88
30 35
30 6
30 100
30 134
30 24
30 196
30 114
30 65
30 177
30 26
30 79
30 97
30 12
30 25
30 137
30 48
30 32
30 125
30 14
30 28
30 23
30 113
30 109
30 115
30 184
30 121
30 191
30 16
30 50
31 80
31 69
31 96
31 107
31 10
31 97
31 196
31 124
31 7
31 74
31 45
31 89
31 65
31 188
31 110
31 111
31 116
31 79
31 6
31 57
31 122
31 134
31 71
31 112
31 85
31 153
32 42
32 92
32 69
32 163
32 187
32 181
32 173
32 132
32 125
32 102
32 194
32 82
32 16
32 44
32 139
32 157
32 161
32 176
32 118
32 74
32 27
32 149
32 71
32 120
32 136
32 18
32 110
32 66
32 190
32 90
32 47
32 151
32 14
33 156
33 106
33 29
33 166
33 82
33 167
33 40
33 1
33 63
33 158
33 16
33 195
33 76
33 182
33 178
33 56
33 66
33 187
33 130
33 125
33 123
33 38
33 101
33 51
33 37
33 49
33 164
33 23
33 118
34 1
34 6
34 163
34 10
34 109
34 145
34 46
34 52
34 194
34 60
34 139
34 197
34 55
34 59
34 182
34 151
34 162
34 113
34 8
34 32
34 5
34 20
34 56
34 134
34 146
34 66
34 195
34 37
34 42
34 116
34 14
34 176
34 119
34 77
35 23
35 195
35 62
35 33
35 8
35 111
35 103
35 170
35 118
35 67
35 146
35 61
35 162
35 131
35 138
35 41
35 4
35 12
35 156
35 184
35 77
35 193
35 6
35 73
35 121
35 126
35 109
36 118
36 171
36 102
36 65
36 144
36 141
36 191
36 168
36 20
36 136
36 193
36 165
36 182
36 145
36 91
36 57
36 126
36 63
36 74
36 95
36 134
36 52
36 183
36 73
36 27
36 44
36 107
36 194
37 81
37 95
37 24
37 105
37 147
37 70
37 181
37 32
37 77
37 56
37 158
37 163
37 78
37 138
37 44
37 91
37 30
37 71
37 108
37 101
37 143
37 59
37 18
37 43
37 170
37 103
37 186
37 106
37 23
37 188
37 133
37 196
38 111
38 95
38 55
38 15
38 135
38 133
38 134
38 61
38 12
38 76
38 57
38 131
38 67
38 149
38 104
38 112
38 49
38 199
38 99
38 161
38 91
38 103
38 129
38 174
38 108
38 114
38 200
38 198
39 75
39 102
39 146
39 192
39 50
39 83
39 172
39 64
39 110
39 104
39 127
39 6
39 41
39 131
39 114
39 164
39 128
39 158
39 109
39 123
39 4
39 100
39 73
39 200
39 37
40 8
40 115
40 163
40 149
40 34
40 177
40 53
40 174
40 121
40 126
40 69
40 135
40 61
40 132
40 66
40 42
40 122
40 184
40 30
40 19
40 7
40 196
41 33
41 49
41 138
41 83
41 146
41 99
41 60
41 109
41 15
41 81
41 133
41 186
41 10
41 55
41 57
41 45
41 159
41 195
41 151
41 144
41 28
41 122
41 126
41 120
41 19
41 162
41 166
42 27
42 93
42 184
42 179
42 96
42 11
42 168
42 147
42 192
42 105
42 130
42 124
42 85
42 107
42 64
42 6
42 89
42 141
42 126
42 22
42 23
42 133
42 75
42 98
42 182
42 88
42 57
42 79
42 12
42 4
42 31
42 134
42 152
43 2
43 45
43 57
43 113
43 88
43 198
43 36
43 118
43 84
43 101
43 133
43 25
43 98
43 87
43 75
43 40
43 61
43 70
43 153
43 41
43 168
43 177
43 44
43 122
43 145
43 10
44 161
44 86
44 26
44 20
44 133
44 92
44 98
44 80
44 62
44 114
44 155
44 68
44 58
44 34
44 186
44 154
44 172
44 156
44 148
44 191
44 164
44 181
44 125
44 10
44 48
44 135
44 173
44 144
45 121
45 118
45 165
45 193
45 40
45 198
45 16
45 124
45 9
45 171
45 151
45 114
45 8
45 62
45 150
45 139
45 140
45 99
45 123
45 86
45 11
45 1
45 56
45 83
45 36
45 147
45 184
46 45
46 40
46 107
46 94
46 35
46 18
46 73
46 61
46 151
46 79
46 36
46 181
46 171
46 25
46 89
46 176
46 139
46 132
46 31
46 82
46 183
46 58
46 38
46 141
47 116
47 160
47 19
47 29
47 176
47 131
47 99
47 63
47 190
47 42
47 138
47 23
47 174
47 15
47 2
47 197
47 64
47 72
47 149
47 104
47 166
47 193
47 186
47 102
47 157
47 180
47 60
47 8
47 161
48 107
48 130
48 4
48 192
48 97
48 95
48 114
48 189
48 180
48 199
48 156
48 150
48 8
48 176
48 149
48 171
48 118
48 83
48 185
48 191
48 78
48 27
48 174
48 89
48 132
48 45
48 36
48 15
48 66
49 17
49 117
49 192
49 180
49 102
49 42
49 170
49 157
49 128
49 137
49 154
49 167
49 5
49 74
49 53
49 26
49 109
49 144
49 6
49 46
49 77
49 105
49 80
49 178
49 35
49 125
49 21
49 70
49 37
49 122
49 7
49 188
50 74
50 182
50 133
50 43
50 169
50 53
50 65
50 115
50 18
50 143
50 190
50 194
50 109
50 92
50 156
50 37
50 149
50 4
50 8
50 9
50 176
50 200
50 112
50 90
50 146
50 113
50 117
50 165
50 189
50 107
50 155
50 96
51 149
51 105
51 86
51 70
51 82
51 1
51 158
51 76
51 186
51 21
51 140
51 35
51 74
51 195
51 109
51 167
51 135
51 120
51 145
51 198
51 160
51 69
51 190
51 161
51 157
51 55
51 4
51 38
51 119
51 153
51 83
51 193
51 117
51 61
51 142
51 57
52 152
52 49
52 35
52 103
52 83
52 131
52 154
52 93
52 130
52 11
52 180
52 70
52 94
52 116
52 21
52 111
52 79
52 188
52 101
52 80
52 197
52 135
52 177
52 47
52 84
52 58
52 25
52 38
52 200
52 37
52 123
52 81
52 168
53 193
53 7
53 114
53 156
53 153
53 59
53 63
53 174
53 64
53 145
53 87
53 122
53 43
53 33
53 14
53 66
53 34
53 131
53 1
53 150
53 137
53 124
53 140
53 102
53 129
54 98
54 35
54 51
54 66
54 71
54 46
54 178
54 177
54 12
54 39
54 167
54 68
54 189
54 52
54 37
54 126
54 60
54 152
54 110
54 113
54 187
54 194
54 61
54 176
54 48
54 183
54 109
54 166
54 63
54 108
54 82
54 155
55 109
55 73
55 178
55 166
55 21
55 195
55 84
55 92
55 140
55 196
55 80
55 1
55 75
55 35
55 165
55 79
55 36
55 116
55 53
55 110
55 85
55 150
55 134
55 65
55 52
56 38
56 39
56 76
56 199
56 131
56 19
56 121
56 182
56 153
56 192
56 195
56 54
56 129
56 119
56 20
56 183
56 96
56 63
56 107
56 180
56 117
56 148
56 169
56 133
56 48
56 52
56 110
56 29
56 16
57 104
57 1
57 145
57 184
57 50
57 23
57 10
57 119
57 88
57 150
57 5
57 121
57 135
57 108
57 74
57 55
57 72
57 83
57 168
57 197
57 59
57 155
57 93
57 140
57 47
57 46
57 189
57 81
57 22
57 195
57 17
57 152
57 114
57 86
57 24
58 151
58 26
58 144
58 28
58 149
58 47
58 199
58 150
58 131
58 184
58 98
58 61
58 161
58 143
58 130
58 116
58 81
58 2
58 103
58 85
58 36
58 120
58 16
58 158
58 179
58 83
58 35
59 55
59 29
59 160
59 174
59 142
59 195
59 161
59 150
59 74
59 3
59 96
59 47
59 64
59 129
59 123
59 171
59 167
59 149
59 175
59 50
59 80
59 72
59 28
59 7
59 131
60 26
60 115
60 167
60 20
60 186
60 62
60 193
60 66
60 86
60 188
60 116
60 4
60 52
60 143
60 45
60 57
60 81
60 126
60 119
60 138
60 103
60 95
60 139
60 191
60 6
60 28
60 32
60 170
60 42
60 152
60 125
61 182
61 28
61 197
61 37
61 132
61 153
61 86
61 160
61 186
61 80
61 11
61 130
61 12
61 25
61 108
61 125
61 159
61 184
61 111
61 191
61 47
61 145
61 92
61 42
61 93
61 1
61 148
61 10
61 183
61 71
61 50
61 170
61 69
61 19
61 180
62 125
62 70
62 146
62 170
62 83
62 52
62 46
62 198
62 114
62 142
62 81
62 27
62 129
62 167
62 73
62 4
62 94
62 28
62 148
62 134
62 97
62 29
62 2
62 189
62 124
62 78
62 32
62 119
62 168
62 50
62 138
62 111
62 57
62 151
63 57
63 109
63 194
63 134
63 5
63 151
63 83
63 82
63 7
63 160
63 3
63 198
63 2
63 23
63 46
63 116
63 89
63 61
63 32
63 51
63 144
63 22
63 60
63 143
63 16
63 38
63 112
63 200
64 89
64 160
64 144
64 155
64 188
64 80
64 181
64 17
64 69
64 74
64 78
64 130
64 128
64 110
64 72
64 179
64 10
64 71
64 65
64 184
64 99
64 106
64 171
64 73
64 103
64 27
64 50
64 56
64 25
65 92
65 18
65 195
65 163
65 21
65 12
65 58
65 177
65 160
65 49
65 88
65 179
65 11
65 89
65 54
65 16
65 62
65 17
65 34
65 86
65 125
65 137
65 35
65 106
65 100
65 98
65 77
65 114
66 112
66 191
66 37
66 98
66 85
66 108
66 186
66 74
66 144
66 46
66 139
66 159
66 168
66 176
66 150
66 5
66 68
66 22
66 20
66 104
66 79
66 96
66 78
66 125
66 181
66 107
66 75
66 17
66 126
66 165
66 43
66 51
66 118
66 131
67 6
67 104
67 22
67 66
67 91
67 184
67 187
67 30
67 130
67 68
67 3
67 181
67 5
67 191
67 190
67 56
67 90
67 196
67 177
67 163
67 147
67 114
67 71
67 15
67 135
67 58
68 162
68 130
68 152
68 106
68 129
68 30
68 19
68 38
68 150
68 86
68 65
68 192
68 170
68 6
68 21
68 133
68 116
68 36
68 189
68 20
68 131
68 126
69 71
69 171
69 170
69 55
69 158
69 164
69 180
69 107
69 130
69 39
69 94
69 145
69 173
69 86
69 23
69 116
69 8
69 42
69 193
69 91
69 191
69 132
69 50
69 150
69 102
69 123
69 63
69 197
69 105
70 87
70 1
70 11
70 91
70 151
70 14
70 198
70 134
70 157
70 164
70 149
70 133
70 32
70 23
70 163
70 104
70 88
70 200
70 66
70 33
70 152
70 10
70 35
70 171
70 148
70 4
70 61
70 36
70 181
70 186
70 54
71 16
71 149
71 155
71 180
71 44
71 74
71 58
71 70
71 156
71 80
71 14
71 99
71 168
71 93
71 124
71 176
71 193
71 4
71 114
71 178
71 131
71 115
71 24
71 128
71 52
71 34
71 43
71 143
71 165
71 29
71 35
71 47
71 30
71 15
72 142
72 143
72 166
72 25
72 79
72 66
72 132
72 162
72 192
72 48
72 42
72 13
72 60
72 62
72 83
72 185
72 123
72 93
72 104
72 148
72 127
72 112
72 170
73 159
73 127
73 177
73 38
73 49
73 190
73 34
73 142
73 76
73 124
73 187
73 119
73 27
73 178
73 13
73 81
73 115
73 51
73 9
73 169
73 47
73 11
73 175
73 172
73 103
73 52
73 144
73 45
73 154
73 78
73 8
73 173
73 167
74 191
74 90
74 6
74 187
74 199
74 23
74 54
74 67
74 153
74 145
74 183
74 43
74 16
74 113
74 89
74 80
74 125
74 169
74 41
74 200
74 172
74 152
74 68
74 12
74 196
74 15
74 115
74 18
74 159
74 129
74 162
75 54
75 163
75 165
75 199
75 200
75 155
75 179
75 76
75 34
75 27
75 198
75 144
75 94
75 28
75 33
75 26
75 21
75 11
75 113
75 100
75 89
76 169
76 197
76 97
76 4
76 82
76 59
76 16
76 196
76 23
76 48
76 166
76 198
76 49
76 63
76 41
76 193
76 148
76 187
76 13
76 10
76 89
76 123
76 150
76 173
76 30
76 156
76 116
76 6
76 37
76 138
76 174
76 104
76 102
76 69
77 147
77 73
77 31
77 9
77 169
77 137
77 110
77 121
77 39
77 151
77 183
77 108
77 135
77 40
77 138
77 11
77 141
77 144
77 47
77 38
77 162
77 71
77 173
77 17
77 107
77 55
77 179
78 11
78 117
78 39
78 12
78 163
78 60
78 188
78 69
78 159
78 141
78 128
78 137
78 120
78 67
78 3
78 92
78 10
78 23
78 19
78 43
78 29
78 200
78 96
78 127
78 13
78 130
78 70
78 79
78 104
78 105
78 51
79 165
79 86
79 32
79 161
79 131
79 152
79 45
79 171
79 61
79 169
79 33
79 195
79 166
79 101
79 157
79 24
79 178
79 133
79 34
79 39
79 92
79 179
79 60
79 150
79 84
79 8
79 143
79 11
79 26
79 96
79 200
79 69
80 166
80 103
80 128
80 195
80 163
80 29
80 67
80 92
80 171
80 87
80 79
80 108
80 70
80 99
80 50
80 180
80 51
80 104
80 63
80 90
80 77
80 20
80 88
80 153
80 181
80 1
80 194
80 101
80 143
80 135
80 175
80 83
80 149
81 13
81 27
81 188
81 96
81 177
81 48
81 108
81 65
81 171
81 195
81 190
81 92
81 166
81 117
81 154
81 145
81 71
81 54
81 28
81 200
81 87
81 83
81 193
81 194
81 186
81 142
81 11
81 198
81 6
81 115
81 126
81 141
81 42
81 47
81 107
81 105
82 36
82 27
82 19
82 55
82 79
82 117
82 121
82 78
82 123
82 13
82 124
82 69
82 196
82 70
82 178
82 135
82 96
82 74
82 160
82 184
82 61
82 192
82 73
82 21
82 130
82 43
82 173
82 125
82 198
83 49
83 91
83 148
83 140
83 193
83 75
83 144
83 101
83 20
83 100
83 176
83 47
83 94
83 156
83 191
83 161
83 159
83 123
83 118
83 31
83 192
83 147
83 5
83 71
83 135
83 21
83 33
83 142
83 152
83 198
83 50
83 151
83 166
83 95
83 124
83 184
83 157
83 169
83 137
83 134
84 188
84 11
84 146
84 115
84 161
84 159
84 132
84 130
84 8
84 74
84 113
84 3
84 67
84 73
84 155
84 42
84 136
84 108
84 125
84 85
85 35
85 70
85 45
85 169
85 157
85 9
85 131
85 154
85 20
85 150
85 130
85 164
85 173
85 127
85 167
85 111
85 174
85 115
85 25
85 54
85 105
85 106
85 200
85 75
85 198
85 33
85 102
85 43
85 144
85 103
85 158
85 175
85 37
86 64
86 93
86 156
86 178
86 98
86 54
86 37
86 2
86 38
86 81
86 6
86 158
86 112
86 184
86 198
86 43
86 99
86 72
86 19
86 168
86 159
86 174
86 83
86 196
86 157
86 23
86 50
86 126
86 22
86 197
86 28
86 88
86 114
86 73
86 149
86 34
86 127
86 62
87 47
87 199
87 171
87 93
87 121
87 99
87 174
87 64
87 3
87 15
87 150
87 57
87 129
87 153
87 49
87 91
87 195
87 112
87 156
87 16
87 69
87 147
87 62
87 145
87 41
88 130
88 193
88 32
88 125
88 12
88 36
88 81
88 131
88 147
88 11
88 126
88 192
88 64
88 102
88 89
88 165
88 179
88 176
88 16
88 20
88 52
88 34
88 100
88 134
88 144
88 115
88 122
89 174
89 60
89 198
89 165
89 71
89 154
89 102
89 186
89 4
89 90
89 117
89 129
89 195
89 33
89 58
89 17
89 153
89 49
89 111
89 30
89 114
89 145
89 136
89 85
89 8
89 172
89 189
89 123
89 121
89 98
90 59
90 186
90 196
90 154
90 6
90 128
90 135
90 144
90 44
90 1
90 2
90 189
90 88
90 112
90 18
90 176
90 115
90 145
90 68
90 9
90 162
90 188
90 166
90 95
90 24
90 174
91 179
91 95
91 62
91 146
91 162
91 51
91 195
91 109
91 74
91 85
91 68
91 22
91 43
91 120
91 34
91 81
91 60
91 140
91 50
91 166
91 45
91 25
91 9
91 33
91 106
91 89
91 29
91 12
91 40
91 178
91 194
91 57
92 187
92 186
92 99
92 77
92 4
92 167
92 85
92 105
92 135
92 19
92 7
92 30
92 2
92 72
92 119
92 6
92 89
92 35
92 66
92 166
92 94
92 31
92 193
92 188
92 131
92 88
92 26
93 180
93 44
93 19
93 124
93 30
93 49
93 96
93 1
93 80
93 54
93 115
93 76
93 81
93 152
93 101
93 111
93 110
93 21
93 168
93 172
93 130
93 166
93 47
93 37
93 120
93 112
93 119
94 136
94 130
94 164
94 18
94 196
94 66
94 42
94 7
94 142
94 78
94 104
94 96
94 145
94 114
94 10
94 22
94 81
94 182
94 126
94 84
94 5
94 4
94 101
94 183
94 128
94 79
94 23
94 116
94 12
95 181
95 196
95 26
95 66
95 190
95 142
95 30
95 11
95 68
95 41
95 136
95 80
95 87
95 34
95 180
95 200
95 82
95 86
95 191
95 3
95 44
95 94
95 97
95 50
95 198
95 63
95 51
95 72
96 41
96 77
96 29
96 3
96 86
96 21
96 70
96 51
96 148
96 160
96 113
96 118
96 83
96 187
96 34
96 67
96 7
96 17
96 129
96 39
96 120
96 137
96 174
96 162
96 138
96 52
96 135
96 130
96 62
96 10
96 9
96 30
97 164
97 11
97 162
97 21
97 29
97 23
97 37
97 193
97 143
97 34
97 194
97 27
97 121
97 56
97 61
97 138
97 39
97 59
97 133
97 181
97 122
97 49
97 101
97 47
97 45
97 36
97 64
97 32
97 142
97 132
97 139
98 24
98 10
98 7
98 164
98 79
98 157
98 68
98 48
98 59
98 155
98 90
98 124
98 182
98 168
98 177
98 49
98 8
98 178
98 131
98 128
98 34
98 35
98 141
98 31
98 142
98 53
98 26
99 60
99 152
99 112
99 165
99 139
99 138
99 11
99 57
99 26
99 95
99 97
99 55
99 16
99 40
99 196
99 110
99 76
99 109
99 151
99 14
99 91
99 93
99 136
99 78
99 37
99 20
99 187
99 167
99 130
99 189
99 17
100 85
100 114
100 2
100 186
100 34
100 120
100 162
100 144
100 177
100 50
100 102
100 51
100 196
100 90
100 106
100 197
100 35
100 163
100 21
100 72
100 29
100 24
100 49
100 160
100 80
100 165
101 77
101 64
101 38
101 143
101 39
101 194
101 49
101 61
101 55
101 36
101 164
101 185
101 53
101 148
101 142
101 158
101 115
101 139
101 197
101 95
101 59
101 131
101 99
101 150
101 6
101 20
101 195
101 45
102 106
102 56
102 132
102 135
102 73
102 37
102 6
102 65
102 83
102 176
102 25
102 27
102 3
102 133
102 183
102 162
102 149
102 62
102 95
102 72
102 15
102 110
102 2
102 87
102 71
102 134
102 78
102 45
102 33
102 169
102 130
103 114
103 131
103 78
103 173
103 5
103 75
103 59
103 46
103 125
103 67
103 128
103 41
103 50
103 168
103 118
103 138
103 146
103 27
103 110
103 159
103 124
103 39
103 51
103 97
103 149
103 12
103 141
103 178
104 113
104 27
104 28
104 5
104 65
104 25
104 144
104 90
104 34
104 12
104 55
104 77
104 105
104 95
104 169
104 178
104 137
104 180
104 186
104 154
104 93
104 87
104 172
104 86
104 123
104 119
104 124
104 101
104 62
104 138
104 73
104 128
104 109
104 182
105 39
105 174
105 16
105 65
105 86
105 56
105 35
105 116
105 155
105 161
105 70
105 94
105 163
105 53
105 200
105 54
105 57
105 136
105 132
105 129
105 101
105 50
105 183
105 97
105 188
105 117
105 122
105 60
105 14
105 138
105 17
105 76
106 66
106 176
106 163
106 80
106 29
106 157
106 191
106 151
106 142
106 51
106 159
106 10
106 55
106 192
106 169
106 34
106 41
106 133
106 149
106 112
106 110
106 114
106 123
106 15
106 132
106 5
106 153
106 49
106 9
106 58
106 86
107 29
107 49
107 62
107 124
107 172
107 161
107 108
107 40
107 116
107 104
107 156
107 26
107 176
107 44
107 102
107 147
107 34
107 47
107 7
107 149
107 52
107 117
107 15
108 199
108 35
108 91
108 138
108 167
108 125
108 1
108 13
108 192
108 98
108 71
108 196
108 129
108 182
108 159
108 25
108 109
108 186
108 122
108 180
108 174
108 105
108 135
108 29
108 184
108 112
108 28
109 73
109 72
109 171
109 157
109 100
109 16
109 64
109 53
109 107
109 160
109 179
109 103
109 150
109 129
109 185
109 184
109 56
109 195
109 90
109 47
109 44
109 18
109 131
109 173
109 79
109 89
109 181
109 176
109 191
109 146
109 58
109 23
110 163
110 161
110 143
110 111
110 134
110 66
110 63
110 37
110 133
110 150
110 33
110 53
110 136
110 71
110 21
110 48
110 149
110 119
110 187
110 165
110 85
110 104
110 115
110 60
110 178
110 141
110 35
110 86
110 12
110 8
110 91
110 197
111 48
111 138
111 54
111 155
111 3
111 107
111 69
111 121
111 15
111 58
111 166
111 28
111 29
111 195
111 57
111 200
111 183
111 127
111 68
111 130
111 177
111 152
111 186
112 134
112 45
112 141
112 110
112 61
112 83
112 20
112 163
112 58
112 54
112 84
112 13
112 80
112 62
112 105
112 167
112 169
112 14
112 104
112 121
112 15
112 59
112 91
112 42
112 160
112 8
112 95
112 145
112 11
112 69
112 49
112 161
113 21
113 151
113 81
113 193
113 172
113 152
113 7
113 164
113 93
113 6
113 70
113 86
113 32
113 76
113 161
113 69
113 25
113 106
113 165
113 85
113 175
113 176
113 33
113 118
113 83
113 71
113 156
114 83
114 10
114 187
114 29
114 73
114 95
114 60
114 40
114 56
114 155
114 22
114 52
114 31
114 165
114 185
114 18
114 136
114 97
114 64
114 108
114 159
114 124
114 109
114 105
114 132
114 162
114 110
114 91
114 139
114 167
114 20
114 168
114 147
115 175
115 46
115 89
115 134
115 2
115 127
115 186
115 151
115 170
115 66
115 131
115 29
115 1
115 18
115 112
115 11
115 155
115 34
115 132
115 189
115 161
115 197
115 171
115 82
115 178
115 55
115 159
115 183
115 25
115 54
115 13
115 172
115 144
115 179
115 67
115 199
115 119
115 76
115 135
116 153
116 6
116 62
116 143
116 168
116 36
116 92
116 109
116 41
116 72
116 155
116 15
116 172
116 16
116 183
116 90
116 156
116 158
116 98
116 193
116 185
116 45
116 170
116 184
116 2
116 196
116 174
116 49
116 1
116 200
116 173
117 69
117 52
117 103
117 33
117 87
117 119
117 47
117 154
117 146
117 76
117 48
117 42
117 73
117 34
117 31
117 88
117 80
117 10
117 9
117 93
117 72
117 197
117 120
117 2
117 108
117 32
117 126
117 160
117 140
117 144
117 57
117 192
117 112
117 14
117 62
118 177
118 125
118 112
118 151
118 182
118 166
118 12
118 49
118 2
118 156
118 62
118 23
118 161
118 138
118 141
118 63
118 81
118 165
118 71
118 117
118 147
118 119
118 8
118 122
118 190
118 99
118 184
118 155
119 9
119 21
119 155
119 99
119 5
119 33
119 53
119 157
119 158
119 181
119 161
119 134
119 196
119 61
119 187
119 54
119 76
119 101
119 15
119 190
119 135
119 102
119 32
119 27
119 47
119 128
119 178
119 2
119 87
119 88
119 43
119 86
119 194
120 31
120 136
120 97
120 50
120 66
120 165
120 3
120 125
120 87
120 109
120 156
120 4
120 1
120 122
120 28
120 76
120 83
120 175
120 115
120 187
120 128
120 177
120 79
120 155
120 164
120 46
120 148
120 27
120 44
120 42
121 140
121 118
121 139
121 85
121 26
121 48
121 76
121 14
121 172
121 103
121 12
121 114
121 84
121 162
121 16
121 3
121 28
121 165
121 44
121 24
121 38
121 135
121 98
121 159
121 10
121 4
121 187
122 12
122 90
122 197
122 135
122 78
122 145
122 147
122 86
122 52
122 163
122 77
122 172
122 20
122 67
122 170
122 111
122 62
122 114
122 13
122 125
122 189
122 98
122 169
122 33
122 66
122 3
123 197
123 196
123 44
123 165
123 92
123 160
123 23
123 149
123 48
123 99
123 124
123 57
123 174
123 187
123 194
123 14
123 102
123 133
123 166
123 24
123 68
123 113
123 200
123 43
123 61
123 159
123 3
124 90
124 139
124 87
124 130
124 60
124 199
124 148
124 175
124 145
124 170
124 180
124 77
124 58
124 163
124 117
124 5
124 184
124 119
124 171
124 155
124 61
124 150
124 72
124 169
124 195
124 147
124 197
124 99
124 183
124 80
125 178
125 25
125 97
125 104
125 38
125 160
125 59
125 89
125 199
125 175
125 121
125 21
125 187
125 127
125 54
125 100
125 3
125 99
125 142
125 185
125 70
125 64
125 73
125 130
125 76
125 126
125 156
125 194
125 190
125 81
125 80
125 157
125 140
125 8
125 15
126 158
126 13
126 131
126 113
126 173
126 123
126 106
126 168
126 176
126 169
126 135
126 101
126 156
126 163
126 75
126 4
126 70
126 104
126 190
126 183
126 33
126 151
126 43
126 110
126 50
126 174
126 133
126 161
126 144
126 171
127 194
127 153
127 34
127 74
127 196
127 128
127 13
127 69
127 184
127 105
127 157
127 191
127 42
127 90
127 119
127 15
127 151
127 122
127 102
127 100
127 133
127 106
128 100
128 106
128 74
128 165
128 8
128 26
128 199
128 51
128 58
128 113
128 45
128 197
128 129
128 153
128 52
128 31
128 88
128 69
128 16
128 17
128 27
128 172
128 42
128 169
128 162
128 156
128 73
128 11
128 139
128 38
129 198
129 179
129 45
129 98
129 124
129 164
129 119
129 200
129 35
129 58
129 103
129 197
129 97
129 19
129 146
129 50
129 57
129 7
129 92
129 151
129 14
129 112
129 93
129 48
129 52
129 13
129 167
129 100
129 44
129 42
129 143
130 56
130 178
130 139
130 141
130 107
130 4
130 171
130 74
130 36
130 26
130 127
130 90
130 16
130 128
130 138
130 31
130 199
130 40
130 109
130 180
130 167
130 39
130 10
130 18
130 21
130 159
130 190
130 83
130 62
130 188
130 134
130 197
130 87
130 25
130 76
130 5
131 99
131 80
131 124
131 190
131 82
131 160
131 162
131 29
131 11
131 62
131 5
131 118
131 129
131 184
131 141
131 57
131 112
131 117
131 1
131 114
131 146
131 192
131 97
131 140
131 32
131 168
131 157
131 108
131 43
131 158
131 83
131 19
131 104
131 41
131 23
131 136
131 44
131 172
131 48
131 177
132 30
132 36
132 59
132 103
132 38
132 24
132 112
132 68
132 11
132 41
132 16
132 113
132 127
132 183
132 99
132 109
132 88
132 78
132 200
132 144
132 1
132 110
132 154
132 191
132 172
132 21
132 51
132 66
132 166
132 142
132 12
132 89
132 9
132 186
132 5
132 180
132 169
133 115
133 132
133 143
133 120
133 75
133 191
133 95
133 168
133 27
133 3
133 6
133 52
133 199
133 69
133 197
133 100
133 161
133 139
133 114
133 141
133 104
133 157
133 66
133 160
133 169
133 182
133 85
134 91
134 75
134 185
134 125
134 74
134 161
134 196
134 167
134 124
134 71
134 61
134 4
134 146
134 76
134 67
134 77
134 147
134 186
134 121
134 72
134 79
134 87
134 176
134 51
134 198
134 92
134 1
134 180
134 82
134 142
134 9
134 60
135 131
135 175
135 182
135 16
135 29
135 104
135 55
135 33
135 85
135 27
135 151
135 111
135 167
135 169
135 8
135 54
135 112
135 174
135 10
135 106
135 124
135 14
135 130
135 3
135 186
135 176
135 142
135 183
135 43
135 185
135 141
135 198
136 28
136 162
136 196
136 58
136 8
136 88
136 129
136 87
136 168
136 79
136 172
136 35
136 184
136 71
136 50
136 19
136 38
136 164
136 14
136 140
136 117
136 68
136 101
136 143
136 163
136 142
136 83
137 145
137 92
137 11
137 86
137 87
137 17
137 173
137 73
137 179
137 110
137 66
137 132
137 27
137 37
137 108
137 22
137 174
137 156
137 5
137 155
137 157
137 97
137 99
137 47
137 136
138 15
138 180
138 154
138 66
138 65
138 170
138 8
138 1
138 75
138 119
138 51
138 64
138 156
138 43
138 173
138 30
138 48
138 61
138 80
138 49
138 172
138 91
138 50
138 132
138 78
138 12
138 19
138 14
138 169
138 16
139 160
139 48
139 131
139 86
139 190
139 87
139 138
139 125
139 54
139 30
139 25
139 98
139 83
139 21
139 22
139 175
139 43
139 172
139 169
139 44
139 5
139 62
139 161
139 104
139 137
139 38
140 79
140 87
140 52
140 58
140 188
140 104
140 25
140 102
140 115
140 70
140 6
140 114
140 148
140 69
140 171
140 137
140 89
140 110
140 7
140 17
140 178
140 41
140 101
140 82
140 98
141 43
141 68
141 65
141 99
141 143
141 116
141 115
141 134
141 64
141 177
141 23
141 48
141 61
141 146
141 44
141 71
141 56
141 140
141 183
141 125
141 15
141 17
141 196
141 192
141 194
141 174
142 70
142 75
142 103
142 177
142 4
142 2
142 6
142 186
142 153
142 126
142 92
142 74
142 156
142 93
142 46
142 184
142 78
142 16
142 48
142 143
142 114
142 13
142 187
142 96
142 149
142 148
142 175
142 65
142 172
143 94
143 118
143 109
143 194
143 158
143 156
143 112
143 167
143 185
143 188
143 31
143 100
143 4
143 169
143 44
143 12
143 55
143 67
143 90
143 93
143 83
143 46
143 125
143 54
143 64
143 84
143 181
143 53
144 52
144 136
144 177
144 120
144 12
144 26
144 112
144 35
144 190
144 130
144 17
144 182
144 3
144 107
144 74
144 103
144 69
144 61
144 84
144 21
144 42
144 98
144 24
144 15
144 167
144 153
144 89
144 171
144 164
144 86
144 18
144 175
144 16
144 133
144 129
145 96
145 186
145 71
145 40
145 97
145 134
145 180
145 64
145 185
145 11
145 113
145 39
145 10
145 181
145 4
145 199
145 85
145 187
145 105
145 98
145 144
145 170
145 73
145 14
145 132
145 148
145 82
145 91
145 130
145 93
145 163
146 44
146 116
146 21
146 108
146 78
146 105
146 132
146 121
146 11
146 158
146 87
146 15
146 27
146 111
146 122
146 189
146 77
146 76
146 1
146 53
146 90
146 48
146 51
146 173
146 47
146 61
146 175
146 179
146 197
147 133
147 194
147 61
147 163
147 36
147 186
147 1
147 23
147 196
147 25
147 63
147 143
147 72
147 177
147 158
147 92
147 115
147 112
147 84
147 49
147 182
147 192
147 102
147 34
147 193
148 10
148 162
148 1
148 116
148 129
148 167
148 93
148 164
148 117
148 41
148 112
148 105
148 163
148 33
148 75
148 45
148 141
148 158
148 54
148 131
148 154
148 126
148 39
148 144
148 59
148 49
148 25
148 23
148 80
148 134
149 155
149 26
149 55
149 94
149 164
149 8
149 140
149 18
149 112
149 170
149 29
149 169
149 200
149 28
149 145
149 138
149 132
149 135
149 91
149 194
149 19
149 63
149 172
149 57
149 37
149 182
149 36
149 4
149 100
149 2
150 119
150 128
150 92
150 98
150 60
150 95
150 102
150 136
150 170
150 39
150 164
150 182
150 72
150 32
150 129
150 104
150 158
150 26
150 146
150 153
150 143
150 163
150 27
150 114
150 17
150 38
150 33
150 137
150 120
150 5
150 176
151 97
151 170
151 143
151 105
151 37
151 148
151 176
151 152
151 108
151 124
151 18
151 57
151 182
151 33
151 60
151 156
151 96
151 165
151 12
151 89
151 59
151 56
151 64
151 39
151 81
151 187
151 30
151 2
151 117
152 128
152 157
152 65
152 178
152 186
152 24
152 195
152 106
152 81
152 129
152 192
152 105
152 61
152 84
152 25
152 86
152 45
152 63
152 73
152 117
152 62
152 141
152 180
152 120
153 22
153 73
153 180
153 50
153 121
153 6
153 35
153 164
153 91
153 194
153 78
153 95
153 187
153 200
153 162
153 67
153 151
153 184
153 182
153 85
153 115
153 65
153 171
153 66
153 92
153 110
153 149
153 42
153 21
154 127
154 16
154 20
154 111
154 3
154 74
154 194
154 120
154 108
154 65
154 163
154 34
154 76
154 157
154 170
154 26
154 115
154 171
154 153
154 109
154 123
154 136
154 177
154 152
154 91
154 150
155 144
155 94
155 159
155 22
155 145
155 193
155 117
155 83
155 138
155 21
155 85
155 108
155 82
155 175
155 127
155 131
155 121
155 52
155 90
155 27
155 93
155 103
155 189
155 164
155 16
155 41
155 140
155 40
155 96
155 157
155 33
155 160
155 70
156 65
156 79
156 133
156 10
156 28
156 40
156 136
156 131
156 187
156 185
156 195
156 90
156 164
156 144
156 78
156 162
156 139
156 167
156 34
156 47
156 42
156 30
156 105
156 148
156 58
156 37
156 80
156 115
156 70
156 43
156 92
156 96
156 119
156 13
156 14
156 49
156 75
156 198
156 61
157 108
157 99
157 180
157 193
157 61
157 129
157 174
157 22
157 140
157 65
157 113
157 138
157 173
157 132
157 117
157 27
157 96
157 4
157 168
157 183
157 71
157 95
157 63
157 13
157 150
157 146
157 116
157 84
157 64
157 58
157 199
157 1
158 176
158 199
158 57
158 195
158 72
158 198
158 135
158 11
158 128
158 24
158 144
158 145
158 162
158 134
158 73
158 169
158 110
158 56
158 45
158 174
158 197
158 63
158 118
158 7
158 130
158 44
158 53
158 132
158 67
158 84
158 125
158 153
159 120
159 32
159 53
159 77
159 194
159 80
159 72
159 15
159 64
159 182
159 25
159 101
159 193
159 43
159 57
159 148
159 165
159 71
159 20
159 160
159 168
159 67
159 117
159 1
159 183
159 52
159 79
160 196
160 101
160 104
160 197
160 76
160 188
160 88
160 179
160 154
160 8
160 42
160 126
160 168
160 189
160 185
160 191
160 98
160 29
160 115
160 146
160 184
160 199
160 5
160 180
160 144
160 75
160 108
160 50
161 195
161 168
161 17
161 18
161 98
161 56
161 153
161 30
161 53
161 31
161 132
161 162
161 103
161 178
161 185
161 86
161 188
161 85
161 131
161 102
161 198
161 128
161 23
161 16
161 183
161 150
161 197
161 68
161 137
161 4
161 37
162 173
162 120
162 185
162 125
162 83
162 85
162 67
162 144
162 111
162 155
162 86
162 23
162 22
162 105
162 190
162 117
162 119
162 80
162 146
162 184
162 94
162 171
162 179
162 8
162 142
162 54
162 9
162 174
162 194
163 185
163 142
163 7
163 79
163 177
163 104
163 45
163 190
163 82
163 4
163 171
163 89
163 149
163 36
163 31
163 42
163 184
163 52
163 76
163 11
163 60
163 186
163 156
163 153
163 25
163 39
163 18
163 164
163 101
163 199
163 195
164 34
164 199
164 187
164 40
164 3
164 61
164 111
164 184
164 23
164 128
164 169
164 91
164 80
164 109
164 179
164 138
164 145
164 119
164 96
164 95
164 154
164 137
164 180
164 73
164 93
164 175
164 162
165 4
165 134
165 43
165 92
165 78
165 125
165 82
165 90
165 154
165 17
165 175
165 106
165 194
165 28
165 171
165 39
165 108
165 31
165 49
165 41
165 183
165 173
165 155
165 32
165 156
165 62
165 184
165 129
166 95
166 48
166 192
166 3
166 8
166 82
166 198
166 75
166 180
166 30
166 20
166 66
166 146
166 12
166 172
166 63
166 147
166 69
166 171
166 37
166 112
166 100
166 138
166 45
166 99
166 52
166 143
166 162
166 19
166 114
166 87
167 102
167 195
167 101
167 154
167 151
167 123
167 174
167 119
167 19
167 71
167 20
167 67
167 44
167 10
167 77
167 145
167 142
167 58
167 106
167 69
167 197
167 32
167 181
167 25
167 41
167 57
167 146
167 74
167 118
167 40
167 166
167 182
167 30
168 82
168 200
168 148
168 184
168 172
168 40
168 194
168 110
168 95
168 63
168 3
168 69
168 144
168 145
168 79
168 170
168 105
168 88
168 179
168 97
168 117
168 11
168 130
168 92
168 156
168 162
168 124
168 123
168 76
168 96
168 192
168 65
168 55
169 58
169 66
169 109
169 14
169 39
169 193
169 153
169 182
169 12
169 70
169 88
169 37
169 69
169 144
169 82
169 60
169 179
169 4
169 172
169 151
169 125
169 9
169 46
169 19
169 1
169 118
169 18
169 150
169 105
169 53
169 174
169 127
170 93
170 50
170 113
170 18
170 31
170 58
170 139
170 118
170 196
170 175
170 88
170 152
170 17
170 16
170 197
170 57
170 91
170 144
170 15
170 71
170 166
170 53
170 90
170 114
170 180
170 99
170 28
170 76
170 70
170 199
170 9
171 25
171 1
171 32
171 169
171 19
171 191
171 187
171 72
171 147
171 93
171 152
171 27
171 17
171 118
171 104
171 101
171 97
171 82
171 188
171 9
171 29
171 57
171 194
171 43
171 77
171 148
171 15
171 91
171 172
171 73
171 63
172 20
172 154
172 55
172 180
172 111
172 153
172 36
172 54
172 61
172 151
172 14
172 110
172 146
172 13
172 75
172 170
172 103
172 7
172 82
172 183
172 112
172 155
172 38
172 8
172 71
172 5
172 35
172 81
172 187
172 126
172 176
172 118
172 70
172 51
172 109
173 86
173 132
173 88
173 4
173 17
173 189
173 115
173 135
173 78
173 100
173 169
173 27
173 26
173 81
173 99
173 71
173 183
173 187
173 23
173 20
173 54
173 171
173 120
174 103
174 51
174 125
174 98
174 117
174 145
174 134
174 119
174 187
174 3
174 177
174 28
174 101
174 191
174 81
174 25
174 95
174 54
174 13
174 27
174 37
174 8
174 4
174 11
174 58
174 32
174 63
174 115
174 178
174 74
174 83
174 152
175 157
175 38
175 119
175 194
175 108
175 45
175 162
175 28
175 176
175 180
175 121
175 36
175 174
175 101
175 96
175 126
175 84
175 50
175 151
175 196
175 51
175 128
175 13
175 141
175 192
175 117
175 148
175 33
175 31
175 136
175 32
175 70
176 129
176 162
176 33
176 148
176 120
176 57
176 115
176 110
176 51
176 18
176 21
176 9
176 199
176 140
176 188
176 104
176 70
176 100
176 64
176 56
176 167
176 15
176 69
176 182
176 36
176 17
176 30
176 108
176 79
176 154
176 89
176 2
176 147
177 172
177 161
177 77
177 34
177 123
177 64
177 95
177 138
177 199
177 86
177 198
177 92
177 179
177 173
177 42
177 160
177 132
177 19
177 85
177 28
177 107
177 71
177 148
177 32
177 178
177 140
177 37
177 4
177 59
178 141
178 94
178 139
178 149
178 68
178 185
178 188
178 63
178 137
178 84
178 70
178 46
178 9
178 11
178 87
178 83
178 120
178 199
178 74
178 147
178 102
178 111
178 189
178 117
178 36
178 154
178 5
178 7
179 123
179 157
179 47
179 20
179 138
179 50
179 141
179 120
179 148
179 182
179 15
179 59
179 104
179 111
179 131
179 7
179 94
179 96
179 3
179 116
179 100
179 167
179 106
179 34
180 3
180 19
180 154
180 107
180 85
180 41
180 113
180 161
180 118
180 89
180 81
180 82
180 73
180 158
180 185
180 21
180 44
180 122
180 176
180 84
180 34
180 174
180 200
180 183
180 163
180 117
180 97
180 31
180 9
180 168
180 83
180 51
180 60
181 184
181 200
181 115
181 189
181 121
181 159
181 137
181 55
181 134
181 56
181 94
181 160
181 75
181 51
181 142
181 53
181 156
181 168
181 6
181 139
181 30
181 54
181 79
181 106
181 22
181 175
182 105
182 170
182 121
182 102
182 154
182 185
182 17
182 78
182 123
182 100
182 21
182 175
182 46
182 77
182 139
182 91
182 137
182 193
182 70
182 168
182 188
182 54
182 183
182 87
182 160
182 142
182 76
182 73
182 82
182 187
183 110
183 93
183 89
183 127
183 59
183 196
183 134
183 130
183 158
183 3
183 32
183 44
183 85
183 107
183 179
183 147
183 31
183 63
183 153
183 92
183 90
183 142
183 108
183 190
183 18
183 193
183 186
183 4
183 98
183 143
183 97
183 57
183 80
183 121
183 53
184 137
184 187
184 22
184 96
184 11
184 80
184 6
184 94
184 66
184 68
184 183
184 52
184 129
184 178
184 132
184 122
184 97
184 105
184 123
184 85
184 81
184 171
184 199
184 14
184 159
184 43
184 192
184 100
184 175
184 20
184 106
184 76
184 151
184 54
184 10
184 180
184 172
184 101
185 126
185 176
185 115
185 7
185 97
185 142
185 56
185 128
185 54
185 71
185 122
185 175
185 22
185 61
185 15
185 51
185 119
185 110
185 52
185 170
185 117
185 80
185 34
185 67
186 171
186 122
186 32
186 79
186 57
186 30
186 67
186 191
186 190
186 78
186 62
186 176
186 46
186 88
186 74
186 196
186 23
186 119
186 150
186 107
186 1
186 58
186 137
186 121
186 97
186 126
186 10
186 106
186 52
186 172
186 198
187 88
187 198
187 197
187 159
187 98
187 48
187 130
187 66
187 91
187 35
187 10
187 22
187 29
187 157
187 28
187 86
187 163
187 81
187 127
187 190
187 20
187 154
187 24
187 12
187 161
187 85
187 117
187 146
187 83
187 97
187 124
187 131
187 89
187 133
188 63
188 18
188 59
188 157
188 141
188 109
188 166
188 122
188 8
188 34
188 149
188 184
188 120
188 48
188 58
188 29
188 28
188 83
188 132
188 46
188 42
188 183
188 168
188 114
188 142
188 96
188 39
188 112
189 51
189 66
189 187
189 158
189 130
189 98
189 37
189 101
189 157
189 109
189 112
189 131
189 127
189 73
189 111
189 165
189 192
189 123
189 119
189 104
189 105
189 86
189 129
189 64
189 75
189 137
189 114
190 46
190 8
190 136
190 121
190 80
190 48
190 115
190 114
190 158
190 41
190 103
190 68
190 156
190 11
190 59
190 16
190 60
190 161
190 175
190 111
190 165
190 148
190 122
190 62
190 66
190 30
191 135
191 189
191 184
191 20
191 197
191 68
191 149
191 26
191 147
191 39
191 181
191 78
191 24
191 33
191 4
191 52
191 105
191 123
191 73
191 166
191 158
191 146
191 102
191 79
191 104
191 190
192 62
192 41
192 118
192 121
192 193
192 122
192 156
192 163
192 1
192 81
192 125
192 200
192 66
192 116
192 177
192 132
192 11
192 25
192 64
192 13
192 95
192 162
192 136
192 57
192 124
192 146
192 180
192 51
192 103
193 148
193 30
193 85
193 109
193 11
193 41
193 39
193 48
193 64
193 77
193 22
193 188
193 163
193 132
193 93
193 86
193 94
193 196
193 15
193 167
193 31
193 156
193 161
193 107
193 49
193 78
193 114
194 37
194 116
194 155
194 15
194 85
194 170
194 142
194 189
194 160
194 110
194 31
194 104
194 113
194 65
194 135
194 17
194 88
194 174
194 59
194 115
194 39
194 52
194 64
194 49
194 95
194 44
194 145
194 70
194 46
194 164
194 93
195 7
195 108
195 141
195 9
195 143
195 60
195 90
195 172
195 187
195 76
195 170
195 47
195 62
195 48
195 114
195 136
195 100
195 130
195 42
195 106
195 53
195 178
195 179
195 98
195 31
195 102
195 83
195 168
195 183
195 37
195 177
195 140
195 145
196 84
196 38
196 180
196 190
196 177
196 106
196 195
196 149
196 35
196 115
196 110
196 68
196 51
196 155
196 132
196 181
196 60
196 61
196 128
196 125
196 42
196 41
196 3
196 11
196 122
196 71
196 133
196 65
196 5
196 32
196 23
196 20
196 157
196 135
196 167
196 161
197 40
197 56
197 189
197 131
197 169
197 192
197 186
197 164
197 13
197 149
197 21
197 152
197 27
197 196
197 6
197 3
197 7
197 30
197 59
197 94
197 194
197 166
197 77
197 75
197 200
197 45
197 174
197 62
197 139
197 99
197 109
197 153
197 79
198 18
198 184
198 183
198 69
198 79
198 131
198 17
198 188
198 5
198 54
198 60
198 113
198 74
198 106
198 172
198 118
198 181
198 3
198 190
198 58
198 194
198 195
198 102
198 165
198 116
198 115
198 182
198 128
198 111
199 53
199 1
199 140
199 94
199 189
199 103
199 161
199 127
199 40
199 139
199 82
199 49
199 71
199 76
199 141
199 83
199 149
199 183
199 102
199 68
199 98
199 64
199 2
199 167
199 13
199 8
199 77
199 30
199 60
199 136
199 181
199 155
200 19
200 161
200 32
200 133
200 136
200 83
200 152
200 188
200 90
200 26
200 31
200 177
200 22
200 140
200 178
200 150
200 94
200 36
200 89
200 55
200 170
200 86
200 117
200 99
200 189
200 148
200 96
200 198
200 56
200 159
200 46
200 171
200 130
